0 0.2491503267973856 0.08149484536082474 0.24010893246187362 0.025378006872852233
0 0.8203485838779957 0.08213058419243986 0.11405228758169934 0.02410652920962199
0 0.5016339869281046 0.1327319587628866 0.7450544662309369 0.018350515463917524
0 0.5040522875816994 0.15056701030927835 0.7498910675381263 0.020876288659793817
0 0.5024400871459695 0.16743986254295534 0.743442265795207 0.021512027491408934
0 0.5024400871459695 0.1833505154639175 0.7563398692810458 0.020223367697594502
0 0.3983877995642702 0.19989690721649486 0.5353376906318082 0.01766323024054983
0 0.5439869281045752 0.30810996563573884 0.8152287581699347 0.07616838487972508
0 0.565359477124183 0.3634879725085911 0.8628104575163398 0.07742268041237114
0 0.5581045751633987 0.43286941580756017 0.8289324618736383 0.0786426116838488
0 0.5334858387799565 0.48697594501718217 0.8136165577342047 0.06970790378006873
0 0.5508278867102396 0.5432989690721649 0.8240958605664488 0.08304123711340206
0 0.518562091503268 0.6056872852233677 0.7595642701525054 0.07283505154639175
0 0.5625272331154684 0.6655326460481099 0.862004357298475 0.07534364261168384
0 0.565359477124183 0.7135910652920963 0.8628104575163398 0.0670446735395189
0 0.5379302832244008 0.7775601374570447 0.8015032679738562 0.0854639175257732
0 0.546797385620915 0.8434364261168384 0.8160348583877995 0.07460481099656358
0 0.16647058823529412 0.9312886597938144 0.0699128540305011 0.021082474226804124
0 0.46413943355119824 0.9561168384879726 0.5006100217864924 0.07836769759450171