0 0.7964169381107492 0.03806584362139918 0.04071661237785016 0.026748971193415638
0 0.5342019543973942 0.10082304526748971 0.8534201954397395 0.12757201646090535
0 0.5244299674267101 0.15843621399176955 0.8289902280130294 0.102880658436214
0 0.5293159609120521 0.21296296296296297 0.8534201954397395 0.11522633744855967
0 0.3721498371335505 0.25925925925925924 0.5390879478827362 0.102880658436214
0 0.5423452768729642 0.3713991769547325 0.8338762214983714 0.10699588477366255
0 0.5374592833876222 0.43209876543209874 0.8827361563517915 0.11316872427983539
0 0.5382736156351792 0.48559670781893005 0.8908794788273615 0.10082304526748971
0 0.5325732899022801 0.5329218106995884 0.8827361563517915 0.10082304526748971
0 0.5252442996742671 0.5915637860082305 0.8778501628664495 0.09670781893004116
0 0.5325732899022801 0.6440329218106996 0.8859934853420195 0.09053497942386832
0 0.5236156351791531 0.7067901234567902 0.8680781758957655 0.10493827160493827
0 0.5268729641693811 0.7633744855967078 0.8794788273615635 0.11316872427983539
0 0.24511400651465798 0.8137860082304527 0.3273615635179153 0.07407407407407407
0 0.18322475570032573 0.9146090534979424 0.13029315960912052 0.06790123456790123
0 0.13273615635179153 0.9732510288065843 0.04723127035830619 0.03909465020576132