0 0.18834080717488788 0.03766025641025641 0.24439461883408073 0.02403846153846154
0 0.7746636771300448 0.046474358974358976 0.10986547085201794 0.022435897435897436
0 0.4461883408071749 0.0889423076923077 0.7668161434977578 0.027243589743589744
0 0.4484304932735426 0.10416666666666667 0.7690582959641256 0.028846153846153848
0 0.4461883408071749 0.1201923076923077 0.7713004484304933 0.028846153846153848
0 0.452914798206278 0.1362179487179487 0.773542600896861 0.02403846153846154
0 0.2623318385650224 0.1482371794871795 0.3923766816143498 0.020833333333333332
0 0.4204035874439462 0.21153846153846154 0.7085201793721974 0.07852564102564102
0 0.452914798206278 0.26842948717948717 0.7780269058295964 0.05608974358974359
0 0.4484304932735426 0.3293269230769231 0.7713004484304933 0.06891025641025642
0 0.43946188340807174 0.3814102564102564 0.7645739910313901 0.07371794871794872
0 0.4349775784753363 0.4375 0.7511210762331838 0.07211538461538461
0 0.45403587443946186 0.4951923076923077 0.8094170403587444 0.08012820512820513
0 0.39798206278026904 0.5424679487179487 0.6928251121076233 0.05128205128205128
0 0.4517937219730942 0.6009615384615384 0.8094170403587444 0.0673076923076923
0 0.44506726457399104 0.655448717948718 0.7869955156950673 0.07051282051282051
0 0.437219730941704 0.7107371794871795 0.7623318385650224 0.07852564102564102
0 0.18385650224215247 0.7652243589743589 0.2399103139013453 0.05608974358974359
0 0.08520179372197309 0.8317307692307693 0.06950672645739911 0.020833333333333332