0 0.46236559139784944 0.010023584905660377 0.9247311827956989 0.020047169811320754
0 0.44802867383512546 0.024764150943396228 0.8960573476702509 0.049528301886792456
0 0.44086021505376344 0.055424528301886794 0.8817204301075269 0.06132075471698113
0 0.2992831541218638 0.10731132075471699 0.5985663082437276 0.054245283018867926
0 0.478494623655914 0.14150943396226415 0.956989247311828 0.04716981132075472
0 0.471326164874552 0.17275943396226415 0.942652329749104 0.041273584905660375
0 0.4650537634408602 0.20695754716981132 0.9301075268817204 0.055424528301886794
0 0.10215053763440861 0.2647405660377358 0.20430107526881722 0.03419811320754717
0 0.4632616487455197 0.2983490566037736 0.9265232974910395 0.04716981132075472
0 0.47939068100358423 0.3319575471698113 0.9587813620071685 0.045990566037735846
0 0.23655913978494625 0.36733490566037735 0.4731182795698925 0.05070754716981132
0 0.47939068100358423 0.4221698113207547 0.9587813620071685 0.049528301886792456
0 0.4829749103942652 0.46049528301886794 0.9659498207885304 0.05306603773584906
0 0.4578853046594982 0.486438679245283 0.9157706093189965 0.04834905660377359
0 0.46774193548387094 0.5235849056603774 0.9354838709677419 0.0589622641509434
0 0.13261648745519714 0.5389150943396226 0.26523297491039427 0.03773584905660377
0 0.34767025089605735 0.6108490566037735 0.6953405017921147 0.06132075471698113
0 0.46863799283154123 0.6415094339622641 0.9372759856630825 0.06839622641509434
0 0.4722222222222222 0.6709905660377359 0.9444444444444444 0.0589622641509434
0 0.4775985663082437 0.6998820754716981 0.9551971326164874 0.060141509433962265
0 0.4767025089605735 0.7329009433962265 0.953405017921147 0.05070754716981132
0 0.4632616487455197 0.7977594339622641 0.9265232974910395 0.07900943396226415
0 0.4767025089605735 0.8248820754716981 0.953405017921147 0.07665094339622641
0 0.4632616487455197 0.8626179245283019 0.9265232974910395 0.08136792452830188
0 0.46863799283154123 0.8867924528301887 0.9372759856630825 0.06367924528301887
0 0.18189964157706093 0.9121462264150944 0.36379928315412186 0.060141509433962265