0 0.4982758620689655 0.02601522842639594 0.8620689655172413 0.05203045685279188
0 0.5155172413793103 0.044416243654822336 0.9620689655172414 0.06345177664974619
0 0.48879310344827587 0.07804568527918782 0.8931034482758621 0.06345177664974619
0 0.5181034482758621 0.10406091370558376 0.95 0.07106598984771574
0 0.4982758620689655 0.13261421319796954 0.9155172413793103 0.0583756345177665
0 0.5008620689655172 0.1649746192893401 0.8982758620689655 0.05964467005076142
0 0.44741379310344825 0.19289340101522842 0.7793103448275862 0.05456852791878172
0 0.553448275862069 0.21446700507614214 0.846551724137931 0.06598984771573604
0 0.5043103448275862 0.24492385786802032 0.903448275862069 0.05203045685279188
0 0.525 0.2766497461928934 0.9448275862068966 0.06852791878172589
0 0.5060344827586207 0.30647208121827413 0.9051724137931034 0.06598984771573604
0 0.5043103448275862 0.33248730964467005 0.8913793103448275 0.06472081218274112
0 0.18448275862068966 0.36548223350253806 0.24482758620689654 0.03807106598984772
0 0.5663793103448276 0.3895939086294416 0.846551724137931 0.07106598984771574
0 0.5086206896551724 0.41814720812182743 0.9810344827586207 0.07233502538071065
0 0.5086206896551724 0.4479695431472081 0.9586206896551724 0.06091370558375635
0 0.4991379310344828 0.47652284263959394 0.9327586206896552 0.06345177664974619
0 0.49310344827586206 0.5038071065989848 0.9258620689655173 0.05964467005076142
0 0.47672413793103446 0.5342639593908629 0.8741379310344828 0.05964467005076142
0 0.5224137931034483 0.5640862944162437 0.9534482758620689 0.06472081218274112
0 0.45517241379310347 0.5920050761421319 0.7551724137931034 0.06598984771573604
0 0.5370689655172414 0.6459390862944162 0.8206896551724138 0.05710659898477157
0 0.46551724137931033 0.674492385786802 0.8793103448275862 0.05456852791878172
0 0.5060344827586207 0.7068527918781726 0.9482758620689655 0.0583756345177665
0 0.5206896551724138 0.7341370558375635 0.95 0.06979695431472081
0 0.5189655172413793 0.7626903553299492 0.903448275862069 0.06218274111675127
0 0.5120689655172413 0.7937817258883249 0.9155172413793103 0.06598984771573604
0 0.25517241379310346 0.8197969543147208 0.39827586206896554 0.04187817258883249
0 0.5620689655172414 0.8756345177664975 0.8603448275862069 0.06852791878172589
0 0.4956896551724138 0.9092639593908629 0.8844827586206897 0.07106598984771574
0 0.5206896551724138 0.9365482233502538 0.9396551724137931 0.06091370558375635
0 0.5172413793103449 0.9682741116751269 0.9344827586206896 0.06345177664974619