0 0.21177685950413222 0.055272108843537414 0.22382231404958677 0.022670068027210884
0 0.7532644628099173 0.05598639455782313 0.10502066115702478 0.024098639455782313
0 0.4519628099173554 0.10488095238095238 0.7007644628099174 0.019846938775510203
0 0.45367768595041325 0.12258503401360545 0.7007644628099174 0.018418367346938774
0 0.45283057851239666 0.14030612244897958 0.7024793388429752 0.017006802721088437
0 0.45454545454545453 0.15447278911564624 0.7024793388429752 0.019846938775510203
0 0.33487603305785124 0.17219387755102042 0.47349173553719004 0.018418367346938774
0 0.42526859504132236 0.22605442176870746 0.6577066115702479 0.0666156462585034
0 0.4244214876033058 0.28345238095238096 0.680103305785124 0.06802721088435375
0 0.43818181818181823 0.3365986394557823 0.7041942148760331 0.06093537414965986
0 0.4106404958677686 0.39965986394557823 0.6491115702479339 0.06518707482993197
0 0.44592975206611574 0.4598979591836735 0.7300206611570248 0.06377551020408163
0 0.3736157024793389 0.5158673469387755 0.6060537190082644 0.06518707482993197
0 0.4399173553719008 0.575391156462585 0.7041942148760331 0.07086734693877551
0 0.41838842975206614 0.6292517006802721 0.6818181818181818 0.06518707482993197
0 0.39944214876033063 0.6845238095238095 0.6370454545454545 0.05102040816326531
0 0.24793388429752067 0.7426360544217687 0.323698347107438 0.07086734693877551
0 0.13084710743801653 0.8949829931972789 0.06886363636363636 0.021258503401360544
0 0.3228305785123967 0.9474149659863946 0.3047520661157025 0.08078231292517007