0 0.5204344391785151 0.05570333880678708 0.7749368088467615 0.06465243568691845
0 0.5355687203791469 0.10588943623426382 0.7973064770932069 0.06827586206896552
0 0.5855924170616114 0.17341543513957305 0.7235781990521327 0.059113300492610835
0 0.5625434439178515 0.20307608100711547 0.8591627172195893 0.05453201970443349
0 0.5615560821484992 0.23797482211275314 0.8690363349131122 0.05314723590585659
0 0.42173775671406 0.2619321291735085 0.5064533965244865 0.04081554460864805
0 0.36416271721958926 0.2956923918992885 0.37945497630331754 0.038970990695128625
0 0.3322511848341232 0.3191899288451012 0.3195813586097946 0.03302681992337165
0 0.44016587677725116 0.35386425834701696 0.519612954186414 0.045779967159277506
0 0.4329225908372828 0.3814668856048167 0.5209320695102686 0.03709906951286262
0 0.8696287519747236 0.3162287903667214 0.08706951026856241 0.030744389709906953
0 0.8215876777251185 0.345424192665572 0.0541785150078989 0.032556102900930486
0 0.8482464454976304 0.33174603174603173 0.0008609794628751976 0.005763546798029556
0 0.9107661927330174 0.3436015325670498 0.04691153238546603 0.025254515599343184
0 0.9785545023696681 0.3472523262178434 0.03240916271721959 0.017952928297755882
0 0.56913112164297 0.4143185550082102 0.7643838862559242 0.05715927750410509
0 0.5414849921011058 0.44899288451012587 0.8328436018957347 0.049835796387520524
0 0.5214139020537125 0.4731746031746032 0.8124486571879936 0.03978653530377668
0 0.5464218009478673 0.5114997263273126 0.8387677725118484 0.05071702244116037
0 0.24011848341232228 0.5359058565955118 0.23010268562401265 0.03747126436781609
0 0.5609162717219589 0.5660974274767379 0.6202685624012638 0.054636015325670494
0 0.5790047393364929 0.5932457580733442 0.7499052132701421 0.05416529830322933
0 0.5553080568720379 0.6301970443349754 0.8683728278041073 0.05140667761357417
0 0.5500473933649289 0.6603119868637111 0.7867693522906792 0.0459168035030104
0 0.6471327014218009 0.6872304324028462 0.6610347551342812 0.04133552271483306
0 0.5164849921011059 0.7152928297755884 0.7670379146919432 0.042692939244663386
0 0.3088862559241706 0.7490530925013683 0.3478830963665087 0.04632183908045977
0 0.6132306477093207 0.7711822660098523 0.7314691943127962 0.04859332238642584
0 0.55760663507109 0.8074493705528188 0.8611374407582939 0.049939792008757526
0 0.4434439178515008 0.8405309250136836 0.6367535545023697 0.046726874657909145
0 0.7422590837282781 0.8679036672140121 0.35234597156398106 0.04123700054734538
0 0.7514849921011059 0.9169458128078818 0.19438388625592418 0.06630541871921182
0 0.7179067930489732 0.9623426382047072 0.3562954186413902 0.07129720853858784