0 0.6294326241134752 0.1676829268292683 0.014184397163120567 0.036585365853658534
0 0.6578014184397163 0.17073170731707318 0.01773049645390071 0.03048780487804878
0 0.0851063829787234 0.009146341463414634 0.1347517730496454 0.018292682926829267
0 0.3262411347517731 0.06402439024390244 0.3333333333333333 0.12804878048780488
0 0.1950354609929078 0.1524390243902439 0.14893617021276595 0.054878048780487805
0 0.0975177304964539 0.20426829268292682 0.06382978723404255 0.09146341463414634
0 0.09929078014184398 0.3201219512195122 0.05673758865248227 0.09146341463414634
0 0.11702127659574468 0.45426829268292684 0.10638297872340426 0.13414634146341464
0 0.11524822695035461 0.5701219512195121 0.10638297872340426 0.1402439024390244
0 0.25177304964539005 0.6951219512195121 0.38652482269503546 0.1524390243902439
0 0.25177304964539005 0.7713414634146342 0.14184397163120568 0.06097560975609756
0 0.2570921985815603 0.8262195121951219 0.16312056737588654 0.06097560975609756
0 0.25177304964539005 0.8841463414634146 0.14893617021276595 0.054878048780487805
0 0.20212765957446807 0.9329268292682927 0.05673758865248227 0.054878048780487805
0 0.9095744680851063 0.16158536585365854 0.14893617021276595 0.06707317073170732
0 0.8918439716312057 0.21646341463414634 0.10638297872340426 0.06707317073170732
0 0.8776595744680851 0.27134146341463417 0.08865248226950355 0.06707317073170732
0 0.9042553191489362 0.47560975609756095 0.14893617021276595 0.06707317073170732
0 0.9060283687943262 0.5365853658536586 0.16666666666666666 0.06707317073170732
0 0.9042553191489362 0.5884146341463414 0.1595744680851064 0.06707317073170732
0 0.8971631205673759 0.6432926829268293 0.1453900709219858 0.06097560975609756
0 0.9148936170212766 0.8932926829268293 0.15602836879432624 0.07926829268292683
0 0.9113475177304965 0.9451219512195121 0.1595744680851064 0.06097560975609756
0 0.8723404255319149 0.9878048780487805 0.0851063829787234 0.024390243902439025