0 0.7815767634854772 0.12017241379310345 0.1952420470262794 0.048448275862068964
0 0.330179806362379 0.22969827586206895 0.18802213001383125 0.07993534482758621
0 0.3374412171507607 0.30702586206896554 0.10573997233748271 0.09232758620689656
0 0.6638312586445366 0.30607758620689657 0.41273858921161827 0.09689655172413793
0 0.4152420470262794 0.4197844827586207 0.24056708160442603 0.09579741379310346
0 0.4767773167358229 0.5441163793103448 0.37748271092669433 0.10303879310344828
0 0.6908022130013831 0.6013577586206896 0.5496542185338865 0.09898706896551725
0 0.6050622406639004 0.6698060344827587 0.39890733056708166 0.09144396551724138
0 0.9185892116182572 0.6398922413793104 0.08024896265560166 0.048879310344827585
0 0.1273997233748271 0.7325862068965517 0.09020746887966805 0.08980603448275862
0 0.5854356846473029 0.7867241379310346 0.5861410788381742 0.09463362068965517
0 0.33190871369294606 0.8466810344827587 0.06562932226832642 0.05286637931034483
0 0.5613278008298754 0.846551724137931 0.20424619640387273 0.06122844827586207
0 0.33355463347164593 0.9136422413793104 0.06510373443983403 0.04019396551724137
0 0.5795573997233748 0.9037931034482759 0.2286307053941909 0.05717672413793104
0 0.3377040110650069 0.9638793103448277 0.06648686030428769 0.05015086206896552