0 0.4174757281553398 0.02570093457943925 0.8058252427184466 0.0514018691588785
0 0.49271844660194175 0.08878504672897196 0.9466019417475728 0.07476635514018691
0 0.39805825242718446 0.16121495327102803 0.7427184466019418 0.0794392523364486
0 0.49029126213592233 0.2336448598130841 0.9320388349514563 0.07476635514018691
0 0.4733009708737864 0.3037383177570093 0.912621359223301 0.08411214953271028
0 0.3762135922330097 0.37383177570093457 0.6990291262135923 0.07476635514018691
0 0.4368932038834951 0.4485981308411215 0.8398058252427184 0.08411214953271028
0 0.46359223300970875 0.514018691588785 0.8980582524271845 0.07009345794392523
0 0.3713592233009709 0.5841121495327103 0.6941747572815534 0.08878504672897196
0 0.4393203883495146 0.6612149532710281 0.8300970873786407 0.0794392523364486
0 0.4441747572815534 0.7313084112149533 0.8495145631067961 0.08878504672897196
0 0.5048543689320388 0.8014018691588785 0.9902912621359223 0.0794392523364486
0 0.49271844660194175 0.8738317757009346 0.9611650485436893 0.0794392523364486
0 0.4320388349514563 0.9392523364485982 0.8203883495145631 0.0794392523364486