0 0.6268939393939394 0.052127659574468084 0.5113636363636364 0.09787234042553192
0 0.2537878787878788 0.19574468085106383 0.32575757575757575 0.05106382978723404
0 0.18181818181818182 0.23191489361702128 0.1856060606060606 0.04042553191489362
0 0.3768939393939394 0.26595744680851063 0.5492424242424242 0.04680851063829787
0 0.4412878787878788 0.3180851063829787 0.38636363636363635 0.05319148936170213
0 0.22727272727272727 0.3819148936170213 0.15151515151515152 0.04468085106382979
0 0.615530303030303 0.39574468085106385 0.5416666666666666 0.0574468085106383
0 0.20833333333333334 0.4308510638297872 0.08333333333333333 0.059574468085106386
0 0.5833333333333334 0.4276595744680851 0.48484848484848486 0.05319148936170213
0 0.4034090909090909 0.4478723404255319 0.10984848484848485 0.03404255319148936
0 0.4810606060606061 0.5127659574468085 0.6553030303030303 0.04893617021276596
0 0.3712121212121212 0.5446808510638298 0.4393939393939394 0.04468085106382979
0 0.6534090909090909 0.7446808510638298 0.07575757575757576 0.02127659574468085