0 0.562015503875969 0.0546875 0.12015503875968993 0.046875
0 0.29651162790697677 0.09635416666666667 0.10077519379844961 0.046875
0 0.4437984496124031 0.14322916666666666 0.313953488372093 0.046875
0 0.47674418604651164 0.19010416666666666 0.38372093023255816 0.052083333333333336
0 0.4689922480620155 0.22916666666666666 0.46511627906976744 0.052083333333333336
0 0.45542635658914726 0.2578125 0.43410852713178294 0.041666666666666664
0 0.46705426356589147 0.2916666666666667 0.46124031007751937 0.052083333333333336
0 0.45930232558139533 0.3203125 0.4496124031007752 0.046875
0 0.45155038759689925 0.3489583333333333 0.43023255813953487 0.046875
0 0.45930232558139533 0.3828125 0.4418604651162791 0.041666666666666664
0 0.4573643410852713 0.4114583333333333 0.437984496124031 0.046875
0 0.4573643410852713 0.4453125 0.4496124031007752 0.046875
0 0.4631782945736434 0.4713541666666667 0.46124031007751937 0.041666666666666664
0 0.45155038759689925 0.5052083333333334 0.43023255813953487 0.046875
0 0.45155038759689925 0.5338541666666666 0.4263565891472868 0.046875
0 0.46511627906976744 0.5651041666666666 0.4573643410852713 0.052083333333333336
0 0.46511627906976744 0.5989583333333334 0.4573643410852713 0.046875
0 0.48643410852713176 0.6432291666666666 0.3875968992248062 0.052083333333333336
0 0.45930232558139533 0.6770833333333334 0.44573643410852715 0.046875
0 0.4476744186046512 0.7057291666666666 0.4186046511627907 0.046875
0 0.45930232558139533 0.7421875 0.44573643410852715 0.057291666666666664
0 0.3488372093023256 0.7708333333333334 0.23255813953488372 0.046875
0 0.436046511627907 0.8098958333333334 0.3023255813953488 0.06770833333333333
0 0.4728682170542636 0.875 0.19767441860465115 0.06770833333333333
0 0.5833333333333334 0.9401041666666666 0.04263565891472868 0.015625