0 0.493801652892562 0.006191950464396285 0.49173553719008267 0.01238390092879257
0 0.49793388429752067 0.023993808049535603 0.384297520661157 0.04179566563467492
0 0.493801652892562 0.06888544891640867 0.2231404958677686 0.03869969040247678
0 0.4731404958677686 0.11919504643962849 0.5495867768595041 0.04643962848297214
0 0.59400826446281 0.15479876160990713 0.8119834710743802 0.04643962848297214
0 0.5650826446280992 0.19272445820433437 0.8698347107438017 0.03869969040247678
0 0.2396694214876033 0.22987616099071206 0.22520661157024793 0.034055727554179564
0 0.5423553719008265 0.2647058823529412 0.9152892561983471 0.03715170278637771
0 0.5402892561983471 0.3065015479876161 0.9194214876033058 0.04953560371517028
0 0.5568181818181818 0.3413312693498452 0.878099173553719 0.03560371517027864
0 0.5392561983471075 0.3753869969040248 0.9214876033057852 0.04179566563467492
0 0.5423553719008265 0.40944272445820434 0.9152892561983471 0.04179566563467492
0 0.5413223140495868 0.44427244582043346 0.9173553719008265 0.04024767801857585
0 0.4297520661157025 0.4775541795665635 0.7004132231404959 0.043343653250773995
0 0.5568181818181818 0.5116099071207431 0.8863636363636364 0.04179566563467492
0 0.5371900826446281 0.5487616099071208 0.9256198347107438 0.047987616099071206
0 0.5361570247933884 0.5859133126934984 0.9276859504132231 0.04489164086687306
0 0.5330578512396694 0.621517027863777 0.9338842975206612 0.05108359133126935
0 0.3419421487603306 0.6509287925696594 0.5351239669421488 0.03715170278637771
0 0.5537190082644629 0.6888544891640866 0.8925619834710744 0.043343653250773995
0 0.5351239669421488 0.7205882352941176 0.9297520661157025 0.04489164086687306
0 0.17665289256198347 0.7507739938080495 0.20041322314049587 0.03715170278637771
0 0.5485537190082644 0.7856037151702786 0.8884297520661157 0.05572755417956656
0 0.16425619834710745 0.8088235294117647 0.17768595041322313 0.032507739938080496
0 0.5526859504132231 0.858359133126935 0.8946280991735537 0.05727554179566564
0 0.3760330578512397 0.8854489164086687 0.5991735537190083 0.04179566563467492
0 0.5485537190082644 0.9295665634674922 0.8925619834710744 0.05417956656346749