0 0.4722222222222222 0.06451612903225806 0.6722222222222223 0.06048387096774194
0 0.44722222222222224 0.09274193548387097 0.6333333333333333 0.05241935483870968
0 0.42777777777777776 0.11895161290322581 0.6222222222222222 0.04838709677419355
0 0.475 0.14717741935483872 0.7222222222222222 0.056451612903225805
0 0.46111111111111114 0.17137096774193547 0.6888888888888889 0.056451612903225805
0 0.4666666666666667 0.19556451612903225 0.7055555555555556 0.056451612903225805
0 0.4888888888888889 0.2217741935483871 0.75 0.05241935483870968
0 0.48055555555555557 0.25 0.7222222222222222 0.05241935483870968
0 0.42777777777777776 0.27419354838709675 0.6111111111111112 0.04838709677419355
0 0.475 0.29838709677419356 0.6944444444444444 0.05241935483870968
0 0.4444444444444444 0.3245967741935484 0.6333333333333333 0.04838709677419355
0 0.4527777777777778 0.35080645161290325 0.6444444444444445 0.04838709677419355
0 0.4444444444444444 0.37701612903225806 0.6277777777777778 0.04838709677419355
0 0.48333333333333334 0.39919354838709675 0.6888888888888889 0.05241935483870968
0 0.4777777777777778 0.42943548387096775 0.7111111111111111 0.05241935483870968
0 0.4166666666666667 0.45564516129032256 0.5722222222222222 0.04838709677419355
0 0.4777777777777778 0.4778225806451613 0.7 0.056451612903225805
0 0.4666666666666667 0.5040322580645161 0.6833333333333333 0.05241935483870968
0 0.44166666666666665 0.5282258064516129 0.6111111111111112 0.04838709677419355
0 0.4527777777777778 0.5544354838709677 0.6166666666666667 0.05241935483870968
0 0.33611111111111114 0.6028225806451613 0.4 0.07661290322580645