0 0.6011904761904762 0.009067357512953367 0.04251700680272109 0.018134715025906734
0 0.7865646258503401 0.005829015544041451 0.02891156462585034 0.011658031088082901
0 0.2227891156462585 0.046632124352331605 0.3520408163265306 0.046632124352331605
0 0.22108843537414966 0.07901554404145078 0.3078231292517007 0.04015544041450777
0 0.18962585034013604 0.1094559585492228 0.2534013605442177 0.03367875647668394
0 0.27125850340136054 0.1411917098445596 0.4064625850340136 0.04792746113989637
0 0.14285714285714285 0.16774611398963732 0.10204081632653061 0.03238341968911917
0 0.4583333333333333 0.1716321243523316 0.36054421768707484 0.042746113989637305
0 0.38860544217687076 0.19689119170984457 0.2193877551020408 0.03238341968911917
0 0.4906462585034014 0.2260362694300518 0.4302721088435374 0.046632124352331605
0 0.14200680272108843 0.2623056994818653 0.11564625850340136 0.03626943005181347
0 0.5008503401360545 0.2551813471502591 0.4557823129251701 0.050518134715025906
0 0.46598639455782315 0.28950777202072536 0.39285714285714285 0.04533678756476684
0 0.4421768707482993 0.32059585492227977 0.33163265306122447 0.04145077720207254
0 0.36989795918367346 0.35233160621761656 0.21768707482993196 0.04015544041450777
0 0.14285714285714285 0.3866580310880829 0.12074829931972789 0.046632124352331605
0 0.4141156462585034 0.3795336787564767 0.23299319727891157 0.04533678756476684
0 0.42857142857142855 0.40867875647668395 0.2857142857142857 0.04792746113989637
0 0.38860544217687076 0.43976683937823835 0.20918367346938777 0.038860103626943004
0 0.25255102040816324 0.4727979274611399 0.3282312925170068 0.04404145077720207
0 0.36904761904761907 0.49676165803108807 0.5391156462585034 0.054404145077720206
0 0.25170068027210885 0.5323834196891192 0.3078231292517007 0.04922279792746114
0 0.4421768707482993 0.5615284974093264 0.685374149659864 0.05958549222797927
0 0.3877551020408163 0.5900259067357513 0.5612244897959183 0.054404145077720206
0 0.3358843537414966 0.6230569948186528 0.4931972789115646 0.05181347150259067
0 0.5042517006802721 0.6483160621761658 0.8248299319727891 0.06217616580310881
0 0.3554421768707483 0.6852331606217616 0.5408163265306123 0.05699481865284974
0 0.37244897959183676 0.7169689119170984 0.5578231292517006 0.054404145077720206
0 0.38095238095238093 0.7538860103626943 0.5697278911564626 0.06347150259067358
0 0.3818027210884354 0.8154145077720207 0.5986394557823129 0.05829015544041451
0 0.34778911564625853 0.8497409326424871 0.5204081632653061 0.05699481865284974
0 0.5382653061224489 0.8743523316062176 0.7891156462585034 0.06606217616580311
0 0.11394557823129252 0.9203367875647669 0.06292517006802721 0.03756476683937824
0 0.5399659863945578 0.9488341968911918 0.8639455782312925 0.07383419689119171
0 0.5212585034013606 0.9747409326424871 0.8622448979591837 0.050518134715025906