0 0.38955026455026454 0.05692307692307692 0.2976190476190476 0.06307692307692307
0 0.6044973544973545 0.09384615384615384 0.5714285714285714 0.07076923076923076
0 0.3373015873015873 0.14153846153846153 0.3029100529100529 0.06615384615384616
0 0.6150793650793651 0.17692307692307693 0.541005291005291 0.07230769230769231
0 0.33796296296296297 0.23 0.20105820105820105 0.06
0 0.7896825396825397 0.21461538461538462 0.08862433862433862 0.023076923076923078
0 0.5859788359788359 0.5323076923076923 0.03306878306878307 0.026153846153846153
0 0.656084656084656 0.5323076923076923 0.03571428571428571 0.023076923076923078
0 0.44246031746031744 0.6123076923076923 0.5145502645502645 0.06923076923076923
0 0.42063492063492064 0.6484615384615384 0.46825396825396826 0.04461538461538461
0 0.4887566137566138 0.6946153846153846 0.5925925925925926 0.06
0 0.4933862433862434 0.7376923076923076 0.6137566137566137 0.05846153846153846
0 0.44907407407407407 0.7776923076923077 0.2962962962962963 0.05384615384615385
0 0.19576719576719576 0.8584615384615385 0.022486772486772486 0.023076923076923078
0 0.3492063492063492 0.8607692307692307 0.21957671957671956 0.06615384615384616
0 0.32275132275132273 0.9015384615384615 0.16005291005291006 0.05076923076923077
0 0.45105820105820105 0.9015384615384615 0.03042328042328042 0.018461538461538463
0 0.6263227513227513 0.8946153846153846 0.1746031746031746 0.047692307692307694
0 0.3247354497354497 0.943076923076923 0.17063492063492064 0.05846153846153846
0 0.4722222222222222 0.936923076923077 0.05952380952380952 0.03230769230769231
0 0.75 0.9376923076923077 0.39285714285714285 0.07076923076923076
0 0.5383597883597884 0.9753846153846154 0.58994708994709 0.052307692307692305