0 0.6719219219219219 0.022277227722772276 0.6561561561561562 0.04455445544554455
0 0.42567567567567566 0.06435643564356436 0.7537537537537538 0.06732673267326733
0 0.5285285285285285 0.11287128712871287 0.9234234234234234 0.06930693069306931
0 0.5105105105105106 0.16485148514851486 0.978978978978979 0.06435643564356436
0 0.5052552552552553 0.21386138613861386 0.9894894894894894 0.06732673267326733
0 0.48573573573573575 0.2638613861386139 0.9579579579579579 0.061386138613861385
0 0.5022522522522522 0.3069306930693069 0.9864864864864865 0.047524752475247525
0 0.4797297297297297 0.3603960396039604 0.9309309309309309 0.062376237623762376
0 0.506006006006006 0.41138613861386136 0.9834834834834835 0.062376237623762376
0 0.20945945945945946 0.45544554455445546 0.3948948948948949 0.054455445544554455
0 0.5195195195195195 0.5064356435643564 0.9354354354354354 0.06732673267326733
0 0.5052552552552553 0.5544554455445545 0.9894894894894894 0.0594059405940594
0 0.5105105105105106 0.6059405940594059 0.978978978978979 0.0594059405940594
0 0.47297297297297297 0.653960396039604 0.9039039039039038 0.062376237623762376
0 0.509009009009009 0.7029702970297029 0.9819819819819819 0.0594059405940594
0 0.47822822822822825 0.7504950495049505 0.918918918918919 0.05742574257425743
0 0.509009009009009 0.8004950495049505 0.9819819819819819 0.06633663366336634
0 0.481981981981982 0.849009900990099 0.9414414414414415 0.062376237623762376
0 0.2980480480480481 0.8891089108910891 0.5585585585585585 0.041584158415841586
0 0.5172672672672672 0.9371287128712872 0.9504504504504504 0.05742574257425743
0 0.8536036036036037 0.9900990099009901 0.14264264264264265 0.019801980198019802