0 0.3686708860759494 0.031914893617021274 0.37869198312236285 0.06382978723404255
0 0.1439873417721519 0.08814589665653495 0.08966244725738397 0.0547112462006079
0 0.3322784810126582 0.9878419452887538 0.5443037974683544 0.0243161094224924
0 0.4609704641350211 0.958966565349544 0.7784810126582279 0.08206686930091185
0 0.16930379746835442 0.8936170212765957 0.22468354430379747 0.06990881458966565
0 0.4889240506329114 0.8252279635258358 0.8765822784810127 0.0911854103343465
0 0.4825949367088608 0.7613981762917933 0.7795358649789029 0.0911854103343465
0 0.6740506329113924 0.6914893617021277 0.49156118143459915 0.0790273556231003
0 0.4699367088607595 0.6405775075987842 0.790084388185654 0.10486322188449848
0 0.5052742616033755 0.5835866261398176 0.8670886075949367 0.0911854103343465
0 0.5210970464135021 0.5243161094224924 0.8312236286919831 0.1033434650455927
0 0.15137130801687765 0.47416413373860183 0.14029535864978904 0.060790273556231005
0 0.49261603375527424 0.39285714285714285 0.8270042194092827 0.10486322188449848
0 0.13976793248945146 0.3723404255319149 0.08544303797468354 0.05167173252279635
0 0.5174050632911392 0.12386018237082067 0.7879746835443038 0.11398176291793313
0 0.49261603375527424 0.1770516717325228 0.8080168776371308 0.11094224924012158
0 0.5126582278481012 0.24088145896656535 0.8481012658227848 0.10790273556231003
0 0.4440928270042194 0.2933130699088146 0.7088607594936709 0.1033434650455927