0 0.5083333333333333 0.07056451612903226 0.22777777777777777 0.06048387096774194
0 0.8944444444444445 0.028225806451612902 0.06666666666666667 0.03225806451612903
0 0.9083333333333333 0.04435483870967742 0.09444444444444444 0.06048387096774194
0 0.9166666666666666 0.0625 0.044444444444444446 0.03225806451612903
0 0.5472222222222223 0.13306451612903225 0.8777777777777778 0.056451612903225805
0 0.5416666666666666 0.16532258064516128 0.8722222222222222 0.03225806451612903
0 0.5083333333333333 0.1975806451612903 0.49444444444444446 0.03225806451612903
0 0.5361111111111111 0.22782258064516128 0.5555555555555556 0.03225806451612903
0 0.3 0.2923387096774194 0.38333333333333336 0.04838709677419355
0 0.5638888888888889 0.3245967741935484 0.45555555555555555 0.04032258064516129
0 0.5416666666666666 0.3548387096774194 0.8888888888888888 0.04435483870967742
0 0.39444444444444443 0.3971774193548387 0.5944444444444444 0.04838709677419355
0 0.5111111111111111 0.4254032258064516 0.46111111111111114 0.04435483870967742
0 0.5944444444444444 0.45564516129032256 0.6333333333333333 0.04838709677419355
0 0.55 0.5181451612903226 0.46111111111111114 0.04838709677419355
0 0.5083333333333333 0.5564516129032258 0.8055555555555556 0.04435483870967742
0 0.49722222222222223 0.5866935483870968 0.7777777777777778 0.04032258064516129
0 0.6194444444444445 0.6129032258064516 0.6944444444444444 0.04032258064516129
0 0.5222222222222223 0.6512096774193549 0.37777777777777777 0.04838709677419355
0 0.5333333333333333 0.7137096774193549 0.4166666666666667 0.04435483870967742
0 0.5305555555555556 0.7520161290322581 0.8611111111111112 0.04032258064516129
0 0.5027777777777778 0.782258064516129 0.7722222222222223 0.04032258064516129
0 0.5472222222222223 0.8104838709677419 0.5111111111111111 0.03225806451612903
0 0.6166666666666667 0.844758064516129 0.65 0.05241935483870968
0 0.5083333333333333 0.9213709677419355 0.3333333333333333 0.036290322580645164