0 0.5379746835443038 0.1905241935483871 0.4651898734177215 0.15120967741935484
0 0.5387658227848101 0.28830645161290325 0.4272151898734177 0.07661290322580645
0 0.5965189873417721 0.32106854838709675 0.31329113924050633 0.06350806451612903
0 0.6542721518987342 0.3659274193548387 0.2468354430379747 0.05443548387096774
0 0.6194620253164557 0.4158266129032258 0.28322784810126583 0.06350806451612903
0 0.6289556962025317 0.4561491935483871 0.16455696202531644 0.047379032258064516
0 0.5909810126582279 0.49243951612903225 0.25158227848101267 0.0655241935483871
0 0.5743670886075949 0.5428427419354839 0.3987341772151899 0.0715725806451613
0 0.6526898734177216 0.6129032258064516 0.2674050632911392 0.0967741935483871
0 0.6542721518987342 0.6587701612903226 0.3275316455696203 0.055443548387096774
0 0.6685126582278481 0.7056451612903226 0.22784810126582278 0.06854838709677419
0 0.5933544303797469 0.7575604838709677 0.310126582278481 0.07258064516129033
0 0.7175632911392406 0.8175403225806451 0.21044303797468356 0.038306451612903226
0 0.6606012658227848 0.8402217741935484 0.18829113924050633 0.03125
0 0.7215189873417721 0.8729838709677419 0.18354430379746836 0.05846774193548387