0 0.674496644295302 0.01708860759493671 0.0436241610738255 0.017721518987341773
0 0.886744966442953 0.00949367088607595 0.026845637583892617 0.013924050632911392
0 0.4354026845637584 0.06835443037974684 0.23154362416107382 0.03670886075949367
0 0.4798657718120805 0.13291139240506328 0.7416107382550335 0.05443037974683544
0 0.33808724832214765 0.16962025316455695 0.38926174496644295 0.04683544303797468
0 0.3540268456375839 0.19746835443037974 0.45805369127516776 0.04177215189873418
0 0.29697986577181207 0.23164556962025318 0.348993288590604 0.04556962025316456
0 0.27684563758389263 0.260126582278481 0.27684563758389263 0.04556962025316456
0 0.4848993288590604 0.28607594936708863 0.6510067114093959 0.03417721518987342
0 0.5981543624161074 0.32151898734177214 0.6140939597315436 0.04177215189873418
0 0.5679530201342282 0.3512658227848101 0.5486577181208053 0.035443037974683546
0 0.5293624161073825 0.3841772151898734 0.4714765100671141 0.03291139240506329
0 0.45805369127516776 0.4189873417721519 0.32046979865771813 0.04177215189873418
0 0.23070469798657717 0.4430379746835443 0.18288590604026847 0.0379746835443038
0 0.2978187919463087 0.47658227848101264 0.34563758389261745 0.04430379746835443
0 0.33053691275167785 0.5063291139240507 0.3808724832214765 0.04430379746835443
0 0.19630872483221476 0.5316455696202531 0.1593959731543624 0.03164556962025317
0 0.4974832214765101 0.5392405063291139 0.2751677852348993 0.04430379746835443
0 0.5394295302013423 0.5677215189873418 0.1929530201342282 0.035443037974683546
0 0.23154362416107382 0.589240506329114 0.17114093959731544 0.035443037974683546
0 0.22063758389261745 0.6234177215189873 0.2181208053691275 0.04050632911392405
0 0.3775167785234899 0.6594936708860759 0.4664429530201342 0.053164556962025315
0 0.46812080536912754 0.6949367088607595 0.6325503355704698 0.060759493670886074
0 0.4429530201342282 0.7265822784810126 0.3338926174496644 0.0620253164556962
0 0.1988255033557047 0.7398734177215189 0.15100671140939598 0.030379746835443037
0 0.4471476510067114 0.7873417721518987 0.5738255033557047 0.0620253164556962
0 0.34563758389261745 0.8139240506329114 0.3640939597315436 0.053164556962025315
0 0.23406040268456377 0.8322784810126582 0.1761744966442953 0.04177215189873418
0 0.4949664429530201 0.8829113924050633 0.6778523489932886 0.08481012658227848
0 0.3087248322147651 0.9335443037974683 0.313758389261745 0.056962025316455694
0 0.28942953020134227 0.8974683544303798 0.27181208053691275 0.05189873417721519