0 0.29316251830161055 0.026137026239067055 0.23707174231332356 0.023527696793002918
0 0.8718594436310395 0.022026239067055392 0.10603221083455344 0.02803206997084548
0 0.5505563689604684 0.08670553935860058 0.7465300146412884 0.025903790087463557
0 0.5497510980966326 0.10870262390670553 0.7502489019033675 0.029606413994169096
0 0.5486969253294289 0.12791545189504372 0.7481259150805272 0.0256268221574344
0 0.5496193265007321 0.1516472303206997 0.7419912152269399 0.028542274052478132
0 0.3212445095168375 0.1743148688046647 0.2852415812591508 0.022973760932944606
0 0.5184773060029283 0.258862973760933 0.6850366032210834 0.03938775510204082
0 0.5786383601756955 0.3283090379008746 0.8053440702781844 0.048906705539358594
0 0.5553440702781844 0.40319241982507287 0.7561054172767203 0.05021865889212829
0 0.563601756954612 0.48112244897959183 0.7672913616398243 0.053381924198250726
0 0.5545534407027818 0.5534839650145773 0.7598389458272329 0.05177842565597668
0 0.565592972181552 0.623731778425656 0.7952269399707174 0.043819241982507286
0 0.5627964860907759 0.7033819241982507 0.8029575402635432 0.04618075801749271
0 0.5577452415812592 0.7729591836734694 0.787510980966325 0.04749271137026239
0 0.5208784773060029 0.8531486880466472 0.6951537335285506 0.04880466472303206