0 0.5104357298474945 0.026791666666666665 0.7220697167755992 0.0386875
0 0.3446840958605665 0.06547916666666667 0.1260566448801743 0.0386875
0 0.49875816993464056 0.06397916666666667 0.09803921568627451 0.03272916666666667
0 0.6784967320261438 0.06397916666666667 0.18052287581699347 0.035708333333333335
0 0.4979738562091503 0.12722916666666667 0.3454684095860566 0.0401875
0 0.4769716775599129 0.16814583333333333 0.23187363834422658 0.035708333333333335
0 0.4225054466230937 0.20460416666666664 0.4839651416122004 0.0401875
0 0.1439433551198257 0.24256250000000001 0.2381045751633987 0.041666666666666664
0 0.7422875816993464 0.23289583333333336 0.17740740740740743 0.028270833333333335
0 0.15328976034858388 0.2700833333333333 0.2567755991285403 0.03720833333333333
0 0.5501089324618736 0.2723125 0.12294117647058823 0.044645833333333336
0 0.8613507625272332 0.2700833333333333 0.14472766884531593 0.046125
0 0.09026143790849674 0.3058125 0.1244880174291939 0.03125
0 0.1455119825708061 0.3370625 0.22875816993464052 0.028270833333333335
0 0.7625272331154684 0.36904166666666666 0.17429193899782136 0.026791666666666665
0 0.1455119825708061 0.3787291666666667 0.2381045751633987 0.043145833333333335
0 0.1703921568627451 0.40847916666666667 0.27233115468409586 0.03125
0 0.567995642701525 0.4077291666666667 0.12760348583877995 0.03272916666666667
0 0.8761220043572985 0.4077291666666667 0.15250544662309368 0.035708333333333335
0 0.10115468409586056 0.44345833333333334 0.13383442265795206 0.03272916666666667
0 0.15640522875816995 0.4769375 0.23187363834422658 0.03720833333333333
0 0.2544444444444445 0.5096666666666666 0.4341830065359477 0.034229166666666665
0 0.30422657952069715 0.546875 0.5150980392156863 0.049104166666666664
0 0.2552069716775599 0.5818541666666667 0.42328976034858384 0.0386875
0 0.3104575163398693 0.6153333333333334 0.5493246187363834 0.043145833333333335
0 0.7827668845315905 0.608625 0.056013071895424836 0.0238125
0 0.12681917211328977 0.6458333333333334 0.175838779956427 0.029770833333333333
0 0.5202396514161219 0.6830416666666667 0.9595424836601307 0.044645833333333336
0 0.15328976034858388 0.7142916666666667 0.24742919389978213 0.029770833333333333
0 0.19217864923747274 0.8556458333333333 0.30967320261437903 0.041666666666666664
0 0.14784313725490195 0.8868958333333333 0.2147494553376906 0.035708333333333335
0 0.4870806100217865 0.8891458333333334 0.33614379084967316 0.052083333333333336
0 0.1719607843137255 0.921125 0.278562091503268 0.03272916666666667
0 0.7391938997821351 0.9174166666666667 0.1493899782135076 0.03720833333333333
0 0.23498910675381263 0.9598125 0.3828104575163399 0.041666666666666664
0 0.7609803921568628 0.953125 0.2676688453159041 0.043145833333333335
0 0.16494553376906318 0.9881041666666667 0.24276688453159043 0.0238125
0 0.7477342047930283 0.985125 0.175838779956427 0.029770833333333333