0 0.5205278592375366 0.06752411575562701 0.9384164222873901 0.09003215434083602
0 0.43841642228739003 0.15434083601286175 0.7976539589442815 0.07717041800643087
0 0.4626099706744868 0.24678456591639872 0.8387096774193549 0.09003215434083602
0 0.4655425219941349 0.33681672025723475 0.8695014662756598 0.08681672025723473
0 0.4904692082111437 0.4204180064308682 0.9178885630498533 0.0819935691318328
0 0.43548387096774194 0.5056270096463023 0.8108504398826979 0.07877813504823152
0 0.5124633431085044 0.5972668810289389 0.969208211143695 0.08681672025723473
0 0.44208211143695014 0.6872990353697749 0.8313782991202346 0.09163987138263666
0 0.45821114369501464 0.7741157556270096 0.8900293255131965 0.09646302250803858
0 0.44208211143695014 0.8657556270096463 0.8343108504398827 0.09807073954983923
0 0.37976539589442815 0.9461414790996785 0.7258064516129032 0.07717041800643087