0 0.30412371134020616 0.1388888888888889 0.07216494845360824 0.03968253968253968
0 0.46649484536082475 0.14682539682539683 0.07731958762886598 0.031746031746031744
0 0.5979381443298969 0.14087301587301587 0.08762886597938144 0.047619047619047616
0 0.7216494845360825 0.1349206349206349 0.06701030927835051 0.023809523809523808
0 0.4845360824742268 0.1746031746031746 0.12886597938144329 0.03571428571428571
0 0.49226804123711343 0.21825396825396826 0.8144329896907216 0.07539682539682539
0 0.21391752577319587 0.5138888888888888 0.22164948453608246 0.04365079365079365
0 0.33762886597938147 0.6666666666666666 0.4639175257731959 0.05952380952380952
0 0.5283505154639175 0.6924603174603174 0.7628865979381443 0.06349206349206349
0 0.5077319587628866 0.7321428571428571 0.7938144329896907 0.06746031746031746
0 0.5103092783505154 0.7738095238095238 0.8041237113402062 0.06746031746031746
0 0.520618556701031 0.8115079365079365 0.8041237113402062 0.06349206349206349
0 0.5257731958762887 0.8452380952380952 0.8041237113402062 0.07142857142857142
0 0.2345360824742268 0.8849206349206349 0.2268041237113402 0.03968253968253968
0 0.5051546391752577 0.9325396825396826 0.02577319587628866 0.027777777777777776