0 0.9103375527426161 0.03582089552238806 0.1350210970464135 0.020895522388059702
0 0.03375527426160337 0.056716417910447764 0.046413502109704644 0.01791044776119403
0 0.03270042194092827 0.07761194029850746 0.04430379746835443 0.023880597014925373
0 0.6919831223628692 0.06567164179104477 0.24472573839662448 0.025373134328358207
0 0.6729957805907173 0.08432835820895522 0.15611814345991562 0.022388059701492536
0 0.4947257383966245 0.14850746268656717 0.3987341772151899 0.03283582089552239
0 0.2141350210970464 0.2 0.4008438818565401 0.023880597014925373
0 0.41877637130801687 0.30970149253731344 0.810126582278481 0.09104477611940298
0 0.39451476793248946 0.40223880597014927 0.7742616033755274 0.06716417910447761
0 0.3575949367088608 0.5126865671641792 0.6962025316455697 0.0791044776119403
0 0.21624472573839662 0.6402985074626866 0.4177215189873418 0.026865671641791045
0 0.08122362869198312 0.991044776119403 0.16244725738396623 0.008955223880597015
0 0.8006329113924051 0.9977611940298508 0.37341772151898733 0.004477611940298508