0 0.3687315634218289 0.04288321167883212 0.2935103244837758 0.05656934306569343
0 0.5575221238938053 0.030109489051094892 0.038348082595870206 0.02737226277372263
0 0.6157817109144543 0.032846715328467155 0.038348082595870206 0.021897810218978103
0 0.6769911504424779 0.03467153284671533 0.04129793510324484 0.021897810218978103
0 0.7492625368731564 0.032846715328467155 0.0471976401179941 0.02737226277372263
0 0.6600294985250738 0.07116788321167883 0.1710914454277286 0.03832116788321168
0 0.6644542772861357 0.11861313868613138 0.22418879056047197 0.058394160583941604
0 0.2610619469026549 0.0666058394160584 0.07374631268436578 0.02737226277372263
0 0.3502949852507375 0.09762773722627738 0.2536873156342183 0.04744525547445255
0 0.3694690265486726 0.16514598540145986 0.04424778761061947 0.02737226277372263
0 0.6172566371681416 0.1687956204379562 0.16224188790560473 0.032846715328467155
0 0.3584070796460177 0.21441605839416059 0.06047197640117994 0.03832116788321168
0 0.30457227138643067 0.2956204379562044 0.05014749262536873 0.040145985401459854
0 0.525811209439528 0.3704379562043796 0.20058997050147492 0.08759124087591241
0 0.5427728613569321 0.44799270072992703 0.4896755162241888 0.05474452554744526
0 0.5250737463126843 0.48996350364963503 0.5162241887905604 0.051094890510948905
0 0.528023598820059 0.5273722627737226 0.5265486725663717 0.051094890510948905
0 0.5309734513274337 0.5666058394160584 0.528023598820059 0.051094890510948905
0 0.5442477876106194 0.6058394160583942 0.5589970501474927 0.051094890510948905
0 0.5361356932153393 0.6405109489051095 0.5412979351032449 0.040145985401459854
0 0.5427728613569321 0.6797445255474452 0.551622418879056 0.051094890510948905
0 0.5346607669616519 0.718978102189781 0.532448377581121 0.04927007299270073
0 0.32374631268436577 0.7554744525547445 0.11799410029498525 0.04744525547445255
0 0.551622418879056 0.7928832116788321 0.5176991150442478 0.051094890510948905
0 0.5435103244837758 0.833941605839416 0.5634218289085545 0.051094890510948905
0 0.3414454277286136 0.8658759124087592 0.15339233038348082 0.0364963503649635
0 0.6592920353982301 0.906021897810219 0.17404129793510326 0.041970802919708027