0 0.48947368421052634 0.09802631578947368 0.7087719298245614 0.14605263157894738
0 0.14298245614035088 0.19144736842105264 0.23157894736842105 0.04736842105263158
0 0.6754385964912281 0.13421052631578947 0.22105263157894736 0.02763157894736842
0 0.1736842105263158 0.21644736842105264 0.2736842105263158 0.035526315789473684
0 0.5263157894736842 0.24736842105263157 0.9280701754385965 0.06184210526315789
0 0.35350877192982455 0.2835526315789474 0.6526315789473685 0.05263157894736842
0 0.19824561403508772 0.3190789473684211 0.26666666666666666 0.05263157894736842
0 0.27280701754385966 0.3460526315789474 0.43333333333333335 0.04473684210526316
0 0.09736842105263158 0.3828947368421053 0.1631578947368421 0.038157894736842106
0 0.42894736842105263 0.42105263157894735 0.8105263157894737 0.05789473684210526
0 0.5087719298245614 0.4513157894736842 0.9824561403508771 0.07368421052631578
0 0.1824561403508772 0.48947368421052634 0.34035087719298246 0.042105263157894736
0 0.4982456140350877 0.5256578947368421 0.968421052631579 0.07105263157894737
0 0.506140350877193 0.5625 0.980701754385965 0.0868421052631579
0 0.21842105263157896 0.6052631578947368 0.41403508771929826 0.06184210526315789
0 0.12456140350877193 0.6473684210526316 0.24561403508771928 0.05131578947368421
0 0.46403508771929824 0.6802631578947368 0.9087719298245615 0.07631578947368421
0 0.506140350877193 0.7125 0.987719298245614 0.08552631578947369
0 0.5043859649122807 0.7493421052631579 0.9912280701754386 0.09078947368421053
0 0.1587719298245614 0.8105263157894737 0.3140350877192982 0.06842105263157895
0 0.18070175438596492 0.8447368421052631 0.34912280701754383 0.05131578947368421
0 0.22105263157894736 0.8921052631578947 0.4421052631578947 0.05789473684210526
0 0.5 0.9197368421052632 1 0.11315789473684211
0 0.2578947368421053 0.9717105263157895 0.5157894736842106 0.056578947368421055
0 0.5 0.975 1 0.05