0 0.4991408934707904 0.895956607495069 0.9908361970217641 0.08185404339250493
0 0.03865979381443299 0.9684418145956607 0.06872852233676977 0.05128205128205128
0 0.0924971363115693 0.09812623274161736 0.10481099656357389 0.08185404339250493
0 0.1300114547537228 0.16420118343195267 0.19759450171821305 0.08185404339250493
0 0.1145475372279496 0.22978303747534518 0.12829324169530354 0.0650887573964497
0 0.17411225658648338 0.27958579881656803 0.24513172966781213 0.09270216962524655
0 0.18127147766323023 0.36489151873767256 0.22336769759450173 0.10552268244575937
0 0.1586483390607102 0.4354043392504931 0.16265750286368844 0.06607495069033531
0 0.16351660939289805 0.5034516765285996 0.16036655211912945 0.09368836291913216
0 0.43356242840778925 0.07642998027613412 0.05784650630011455 0.03155818540433925
0 0.4381443298969072 0.10009861932938856 0.07961053837342497 0.03648915187376726
0 0.4289805269186712 0.1247534516765286 0.05097365406643757 0.03254437869822485
0 0.5504009163802979 0.15384615384615385 0.1466208476517755 0.038461538461538464
0 0.5707331042382588 0.17751479289940827 0.05097365406643757 0.03451676528599606
0 0.427262313860252 0.1937869822485207 0.08247422680412371 0.03353057199211045
0 0.5085910652920962 0.22041420118343194 0.24856815578465064 0.04339250493096647
0 0.5117411225658648 0.24309664694280078 0.25257731958762886 0.04043392504930966
0 0.49541809851088203 0.27071005917159763 0.22107674684994272 0.047337278106508875
0 0.4556128293241695 0.3116370808678501 0.13287514318442153 0.03550295857988166
0 0.48739977090492553 0.34023668639053256 0.10252004581901489 0.03057199211045365
0 0.5077319587628866 0.363905325443787 0.14432989690721648 0.038461538461538464
0 0.49169530355097363 0.388560157790927 0.10824742268041238 0.03254437869822485
0 0.5114547537227949 0.41272189349112426 0.1552119129438717 0.03747534516765286
0 0.49169530355097363 0.4368836291913215 0.12027491408934708 0.028599605522682446
0 0.49627720504009165 0.4625246548323471 0.12313860252004583 0.03353057199211045
0 0.5037227949599083 0.48767258382643 0.13745704467353953 0.03254437869822485
0 0.48711340206185566 0.5118343195266272 0.09851088201603665 0.03550295857988166
0 0.46134020618556704 0.6326429980276134 0.14719358533791524 0.05029585798816568
0 0.8278923253150057 0.02021696252465483 0.2124856815578465 0.04043392504930966
0 0.8442153493699885 0.04487179487179487 0.281786941580756 0.05325443786982249
0 0.8130011454753723 0.07051282051282051 0.24971363115693013 0.04240631163708087
0 0.8413516609392898 0.10404339250493097 0.3098510882016037 0.05029585798816568
0 0.7104810996563574 0.131163708086785 0.049255441008018326 0.03550295857988166
0 0.8006872852233677 0.15976331360946747 0.211340206185567 0.05029585798816568
0 0.7485681557846506 0.19230769230769232 0.11970217640320734 0.04142011834319527
0 0.7926689576174112 0.22238658777120315 0.2073310423825888 0.047337278106508875
0 0.7938144329896907 0.2509861932938856 0.21878579610538373 0.046351084812623275
0 0.7975372279495991 0.2864891518737673 0.218213058419244 0.05128205128205128
0 0.836483390607102 0.3096646942800789 0.32359679266895763 0.0641025641025641
0 0.8410652920962199 0.34418145956607493 0.31557846506300113 0.05621301775147929
0 0.8390607101947308 0.3732741617357002 0.3201603665521191 0.05128205128205128
0 0.8261741122565864 0.4077909270216962 0.30126002290950743 0.0611439842209073
0 0.7671821305841925 0.4418145956607495 0.17525773195876287 0.05325443786982249
0 0.7614547537227949 0.47633136094674555 0.1609392898052692 0.05621301775147929
0 0.806987399770905 0.5384615384615384 0.2600229095074456 0.07692307692307693