0 0.3677811550151976 0.02956989247311828 0.22796352583586627 0.05913978494623656
0 0.5455927051671733 0.07728494623655914 0.776595744680851 0.08198924731182795
0 0.5167173252279635 0.1297043010752688 0.6960486322188449 0.06720430107526881
0 0.5721884498480243 0.18077956989247312 0.8009118541033434 0.07123655913978495
0 0.44072948328267475 0.23588709677419356 0.5091185410334347 0.06989247311827956
0 0.43009118541033436 0.28360215053763443 0.44072948328267475 0.06989247311827956
0 0.5759878419452887 0.34341397849462363 0.7826747720364742 0.08736559139784947
0 0.45592705167173253 0.39852150537634407 0.5455927051671733 0.08064516129032258
0 0.5866261398176292 0.44623655913978494 0.7811550151975684 0.07526881720430108
0 0.3966565349544073 0.540994623655914 0.31458966565349544 0.0793010752688172
0 0.5790273556231003 0.6061827956989247 0.8024316109422492 0.0846774193548387
0 0.540273556231003 0.6532258064516129 0.71580547112462 0.06586021505376344
0 0.5250759878419453 0.7096774193548387 0.6702127659574468 0.07526881720430108
0 0.513677811550152 0.760752688172043 0.6793313069908815 0.0739247311827957
0 0.5303951367781155 0.8138440860215054 0.6899696048632219 0.07526881720430108
0 0.4376899696048632 0.8575268817204301 0.09270516717325228 0.0456989247311828
0 0.5615501519756839 0.9200268817204301 0.7796352583586627 0.0739247311827957
0 0.5775075987841946 0.9637096774193549 0.8267477203647416 0.07258064516129033