0 0.20126782884310618 0.06075418994413408 0.25673534072900156 0.029329608938547486
0 0.8232963549920761 0.05935754189944134 0.11251980982567353 0.02653631284916201
0 0.47939778129952454 0.12220670391061453 0.8066561014263075 0.029329608938547486
0 0.4786053882725832 0.14385474860335196 0.8082408874801902 0.0223463687150838
0 0.48019017432646594 0.16061452513966482 0.8082408874801902 0.025139664804469275
0 0.4754358161648177 0.1829608938547486 0.8050713153724247 0.025139664804469275
0 0.47781299524564186 0.2032122905027933 0.8066561014263075 0.023743016759776536
0 0.48019017432646594 0.22276536312849163 0.8082408874801902 0.02653631284916201
0 0.19413629160063392 0.24231843575418993 0.2393026941362916 0.023743016759776536
0 0.5039619651347068 0.33100558659217877 0.8621236133122029 0.0446927374301676
0 0.44849445324881143 0.4029329608938548 0.7480190174326465 0.04329608938547486
0 0.47939778129952454 0.473463687150838 0.8446909667194928 0.04748603351955307
0 0.4968304278922345 0.5453910614525139 0.8827258320126783 0.046089385474860335
0 0.4976228209191759 0.6124301675977654 0.8811410459587956 0.046089385474860335
0 0.48811410459587956 0.6864525139664804 0.8399366085578447 0.03770949720670391
0 0.48256735340729 0.7604748603351955 0.8193343898573693 0.04888268156424581
0 0.42789223454833597 0.8303072625698324 0.7099841521394612 0.04329608938547486
0 0.4865293185419968 0.9050279329608939 0.8431061806656102 0.036312849162011177
0 0.43740095087163233 0.9727653631284916 0.7385103011093502 0.046089385474860335