0 0.6020742358078602 0.14348591549295775 0.06550218340611354 0.02640845070422535
0 0.5589519650655022 0.4779929577464789 0.17248908296943233 0.04401408450704225
0 0.23471615720524017 0.4920774647887324 0.0982532751091703 0.061619718309859156
0 0.0927947598253275 0.573943661971831 0.021834061135371178 0.06514084507042253
0 0.2554585152838428 0.5642605633802817 0.2423580786026201 0.07394366197183098
0 0.185589519650655 0.6241197183098591 0.10589519650655022 0.08098591549295775
0 0.42412663755458513 0.6205985915492958 0.2914847161572052 0.07922535211267606
0 0.4497816593886463 0.6628521126760564 0.3296943231441048 0.08098591549295775
0 0.17521834061135372 0.7139084507042254 0.0851528384279476 0.07042253521126761
0 0.4634279475982533 0.715669014084507 0.39082969432314413 0.0880281690140845
0 0.5802401746724891 0.772887323943662 0.212882096069869 0.07746478873239436
0 0.3269650655021834 0.8169014084507042 0.10152838427947598 0.045774647887323945
0 0.25109170305676853 0.8670774647887324 0.22816593886462883 0.07394366197183098
0 0.2920305676855895 0.9198943661971831 0.3220524017467249 0.09683098591549295
0 0.3935589519650655 0.9612676056338029 0.45087336244541487 0.07746478873239436