0 0.48350253807106597 0.958433014354067 0.36717428087986465 0.034688995215311005
0 0.2779187817258883 0.018241626794258375 0.0727580372250423 0.029904306220095694
0 0.3993231810490694 0.02721291866028708 0.07868020304568528 0.03110047846889952
0 0.5126903553299492 0.021830143540669856 0.08798646362098139 0.04066985645933014
0 0.643824027072758 0.016148325358851676 0.1218274111675127 0.025119617224880382
0 0.46150592216582065 0.056818181818181816 0.15313028764805414 0.042464114832535885
0 0.4530456852791878 0.11273923444976076 0.23519458544839256 0.05741626794258373
0 0.4365482233502538 0.19587320574162678 0.2969543147208122 0.03229665071770335
0 0.4847715736040609 0.23803827751196172 0.4957698815566836 0.04904306220095694
0 0.4543147208121827 0.2748205741626794 0.3333333333333333 0.04425837320574163
0 0.45558375634517767 0.31010765550239233 0.4365482233502538 0.046052631578947366
0 0.4720812182741117 0.3459928229665072 0.3604060913705584 0.045454545454545456
0 0.5063451776649747 0.3833732057416268 0.5338409475465313 0.049641148325358854
0 0.45558375634517767 0.41297846889952156 0.12013536379018612 0.030502392344497607