0 0.47562893081761004 0.037076271186440676 0.8710691823899371 0.06991525423728813
0 0.46540880503144655 0.08951271186440678 0.8522012578616353 0.07097457627118645
0 0.4693396226415094 0.1382415254237288 0.8789308176100629 0.07097457627118645
0 0.25471698113207547 0.18008474576271186 0.46226415094339623 0.06567796610169492
0 0.4772012578616352 0.2706567796610169 0.22955974842767296 0.059322033898305086
0 0.470125786163522 0.3220338983050847 0.2138364779874214 0.07627118644067797
0 0.4520440251572327 0.3712923728813559 0.8742138364779874 0.06885593220338983
0 0.24842767295597484 0.4194915254237288 0.4748427672955975 0.06779661016949153
0 0.2940251572327044 0.4682203389830508 0.5628930817610063 0.06991525423728813
0 0.23427672955974843 0.5169491525423728 0.4449685534591195 0.06567796610169492
0 0.22955974842767296 0.5603813559322034 0.4528301886792453 0.059322033898305086
0 0.2759433962264151 0.6133474576271186 0.5408805031446541 0.06567796610169492
0 0.27672955974842767 0.6610169491525424 0.5440251572327044 0.06038135593220339
0 0.449685534591195 0.7171610169491526 0.8883647798742138 0.07944915254237288
0 0.1949685534591195 0.7643008474576272 0.389937106918239 0.06885593220338983
0 0.44261006289308175 0.8151483050847458 0.8789308176100629 0.08792372881355932
0 0.2861635220125786 0.8564618644067796 0.5723270440251572 0.06673728813559322
0 0.47327044025157233 0.9147245762711864 0.8805031446540881 0.10063559322033898
0 0.26022012578616355 0.9565677966101694 0.5204402515723271 0.0635593220338983