0 0.38333333333333336 0.1111111111111111 0.7166666666666667 0.044444444444444446
0 0.5388888888888889 0.1648148148148148 0.8333333333333334 0.037037037037037035
0 0.21388888888888888 0.20185185185185187 0.2111111111111111 0.037037037037037035
0 0.45555555555555555 0.22592592592592592 0.6833333333333333 0.044444444444444446
0 0.5194444444444445 0.2518518518518518 0.8111111111111111 0.040740740740740744
0 0.5416666666666666 0.2833333333333333 0.8555555555555555 0.044444444444444446
0 0.4777777777777778 0.3148148148148148 0.7277777777777777 0.04814814814814815
0 0.34444444444444444 0.37037037037037035 0.4777777777777778 0.04814814814814815
0 0.5388888888888889 0.3962962962962963 0.8666666666666667 0.05925925925925926
0 0.41944444444444445 0.45185185185185184 0.5833333333333334 0.04814814814814815
0 0.325 0.4759259259259259 0.15 0.02962962962962963
0 0.4722222222222222 0.5 0.7055555555555556 0.03333333333333333
0 0.3194444444444444 0.5296296296296297 0.39444444444444443 0.02962962962962963
0 0.35 0.5555555555555556 0.4666666666666667 0.037037037037037035
0 0.3333333333333333 0.5851851851851851 0.43333333333333335 0.03333333333333333
0 0.3472222222222222 0.6129629629629629 0.46111111111111114 0.02962962962962963
0 0.3277777777777778 0.6388888888888888 0.43333333333333335 0.02962962962962963
0 0.34444444444444444 0.6666666666666666 0.45 0.02962962962962963
0 0.34444444444444444 0.6944444444444444 0.45 0.02962962962962963
0 0.06111111111111111 0.7277777777777777 0.05555555555555555 0.03333333333333333
0 0.5027777777777778 0.7277777777777777 0.7611111111111111 0.037037037037037035
0 0.5 0.7555555555555555 0.7611111111111111 0.040740740740740744
0 0.3111111111111111 0.7814814814814814 0.40555555555555556 0.044444444444444446
0 0.38055555555555554 0.8351851851851851 0.5388888888888889 0.037037037037037035
0 0.23333333333333334 0.8629629629629629 0.24444444444444444 0.02962962962962963
0 0.2833333333333333 0.8888888888888888 0.3277777777777778 0.02962962962962963
0 0.2361111111111111 0.9148148148148149 0.23333333333333334 0.02962962962962963
0 0.30833333333333335 0.9444444444444444 0.35 0.03333333333333333
0 0.6833333333333333 0.8592592592592593 0.06666666666666667 0.03333333333333333
0 0.9138888888888889 0.8611111111111112 0.08888888888888889 0.02962962962962963
0 0.7861111111111111 0.8851851851851852 0.3111111111111111 0.02962962962962963
0 0.8138888888888889 0.9166666666666666 0.35555555555555557 0.02962962962962963
0 0.75 0.9444444444444444 0.2222222222222222 0.025925925925925925
0 0.7666666666666667 0.9740740740740741 0.2222222222222222 0.02962962962962963