0 0.5625 0.328125 0.3958333333333333 0.0546875
0 0.4921875 0.384765625 0.6354166666666666 0.08203125
0 0.4765625 0.435546875 0.65625 0.08203125
0 0.46875 0.478515625 0.6354166666666666 0.09375
0 0.4817708333333333 0.515625 0.65625 0.1015625
0 0.484375 0.55859375 0.6614583333333334 0.09375
0 0.4479166666666667 0.60546875 0.6145833333333334 0.09375
0 0.4765625 0.65625 0.6510416666666666 0.09375
0 0.4895833333333333 0.6953125 0.671875 0.08984375
0 0.4895833333333333 0.748046875 0.671875 0.10546875
0 0.5052083333333334 0.794921875 0.6875 0.10546875
0 0.4739583333333333 0.837890625 0.6302083333333334 0.09375
0 0.4765625 0.865234375 0.4895833333333333 0.05078125