0 0.5245653817082389 0.03564453125 0.5721844293272865 0.037109375
0 0.4799697656840514 0.0615234375 0.3907785336356765 0.033203125
0 0.43537414965986393 0.111328125 0.2811791383219955 0.03759765625
0 0.2252456538170824 0.14208984375 0.14058956916099774 0.03662109375
0 0.4331065759637188 0.166015625 0.4875283446712018 0.02734375
0 0.4429327286470144 0.1962890625 0.4981103552532124 0.03515625
0 0.29705215419501135 0.22021484375 0.328042328042328 0.02880859375
0 0.41723356009070295 0.248046875 0.5729402872260015 0.03125
0 0.800453514739229 0.08935546875 0.22600151171579744 0.0234375
0 0.8216175359032502 0.1064453125 0.07558578987150416 0.0244140625
0 0.8291761148904006 0.130859375 0.17233560090702948 0.02734375
0 0.5064247921390779 0.27490234375 0.8223733938019653 0.0390625
0 0.5109599395313681 0.3037109375 0.8027210884353742 0.03369140625
0 0.5011337868480725 0.32861328125 0.7921390778533636 0.03759765625
0 0.399848828420257 0.35595703125 0.5767195767195767 0.03857421875
0 0.5434618291761149 0.38232421875 0.7520786092214664 0.03125
0 0.4996220710506425 0.4091796875 0.8042328042328042 0.03466796875
0 0.5170068027210885 0.43896484375 0.8072562358276644 0.0390625
0 0.5011337868480725 0.46337890625 0.7755102040816326 0.033203125
0 0.4958427815570673 0.4921875 0.7596371882086168 0.0361328125
0 0.5026455026455027 0.5185546875 0.8027210884353742 0.0361328125
0 0.18216175359032502 0.54345703125 0.14058956916099774 0.02392578125
0 0.5222978080120937 0.57275390625 0.7475434618291761 0.0341796875
0 0.5079365079365079 0.59521484375 0.7928949357520786 0.03369140625
0 0.509448223733938 0.623046875 0.8163265306122449 0.03662109375
0 0.509448223733938 0.65087890625 0.8080120937263794 0.03369140625
0 0.4996220710506425 0.67822265625 0.7845804988662132 0.0322265625
0 0.272108843537415 0.703125 0.3295540438397581 0.03271484375
0 0.5336356764928194 0.73095703125 0.7498110355253212 0.0400390625
0 0.4950869236583522 0.755859375 0.7876039304610734 0.0283203125
0 0.5192743764172335 0.783203125 0.8321995464852607 0.03369140625
0 0.5170068027210885 0.8115234375 0.8072562358276644 0.03564453125
0 0.46107331821617537 0.83544921875 0.691609977324263 0.0302734375
0 0.6817838246409675 0.87255859375 0.30839002267573695 0.03564453125
0 0.671957671957672 0.89697265625 0.17309145880574453 0.0263671875
0 0.671957671957672 0.94091796875 0.09523809523809523 0.03662109375
0 0.6568405139833712 0.97412109375 0.21315192743764172 0.0390625