0 0.39644444444444443 0.08179166666666667 0.2227361111111111 0.05308333333333334
0 0.8026666666666666 0.04832291666666667 0.06298611111111112 0.034083333333333334
0 0.8143055555555555 0.06278125 0.08970833333333333 0.04423958333333333
0 0.8207222222222221 0.07866666666666666 0.043541666666666666 0.028083333333333335
0 0.48426388888888894 0.11630208333333333 0.7942222222222223 0.03459375
0 0.4768055555555556 0.15107291666666667 0.7897083333333333 0.039531250000000004
0 0.2042777777777778 0.18154166666666666 0.23450000000000001 0.035875
0 0.24905555555555556 0.20745833333333333 0.08422222222222223 0.023114583333333334
0 0.417625 0.20459375 0.0915 0.02363541666666667
0 0.5999027777777778 0.20367708333333334 0.10188888888888889 0.0280625
0 0.24090277777777777 0.23792708333333332 0.06443055555555556 0.019458333333333334
0 0.40876388888888887 0.23623958333333334 0.075875 0.022322916666666668
0 0.5960833333333333 0.23376041666666666 0.08730555555555555 0.027791666666666666
0 0.49259722222222224 0.2703541666666667 0.797 0.04054166666666667
0 0.4927777777777778 0.2992604166666667 0.807763888888889 0.04002083333333333
0 0.4209027777777778 0.3286875 0.6570833333333334 0.038447916666666665
0 0.27318055555555554 0.35682291666666666 0.12206944444444444 0.023864583333333335
0 0.4827222222222222 0.3566875 0.1835 0.021520833333333333
0 0.716736111111111 0.35434375 0.17930555555555555 0.021
0 0.5044027777777778 0.41477083333333337 0.7650555555555556 0.03557291666666666
0 0.4807916666666667 0.44745833333333335 0.7733888888888889 0.04051041666666667
0 0.14662499999999998 0.47740625 0.10854166666666668 0.027479166666666666
0 0.4884305555555556 0.539125 0.7886666666666667 0.044656249999999995
0 0.19333333333333333 0.5675208333333334 0.2012361111111111 0.024333333333333332
0 0.2674583333333333 0.5947395833333334 0.058527777777777776 0.02459375
0 0.473 0.5953854166666667 0.08072222222222222 0.0363125
0 0.6507638888888889 0.5969479166666667 0.06126388888888889 0.0331875
0 0.2561805555555555 0.6343229166666667 0.03943055555555556 0.02875
0 0.47804166666666664 0.6309375 0.08731944444444444 0.030312500000000003
0 0.6604861111111111 0.6229895833333334 0.06681944444444445 0.02276041666666667
0 0.27631944444444445 0.6586770833333334 0.07970833333333334 0.019114583333333334
0 0.5082361111111111 0.6538541666666667 0.15468055555555557 0.026145833333333333
0 0.6787222222222222 0.6520312500000001 0.09980555555555555 0.024583333333333336
0 0.25981944444444444 0.6870625 0.043250000000000004 0.019625
0 0.4915833333333333 0.6844583333333334 0.12134722222222223 0.024833333333333332
0 0.6858333333333333 0.6821145833333334 0.11055555555555555 0.0243125
0 0.26884722222222224 0.7188333333333333 0.06130555555555556 0.018572916666666665
0 0.486375 0.7202708333333334 0.10398611111111111 0.033937499999999995
0 0.6703888888888889 0.7155833333333333 0.06925 0.03290625
0 0.25513888888888886 0.7480104166666667 0.04429166666666667 0.02273958333333333
0 0.4759583333333333 0.7493125 0.08315277777777777 0.03576041666666666
0 0.6759444444444445 0.7511354166666667 0.0803611111111111 0.037322916666666664
0 0.511875 0.8088229166666667 0.7973472222222223 0.04434375
0 0.4457361111111111 0.8426770833333334 0.6824305555555555 0.039125
0 0.3252638888888889 0.875625 0.42065277777777776 0.03833333333333333