0 0.576530612244898 0.038088531187122736 0.7215714285714285 0.07617706237424547
0 0.5663265306122449 0.09342052313883299 0.8119591836734694 0.08336016096579477
0 0.5502857142857143 0.1537826961770624 0.7798775510204081 0.07472837022132797
0 0.5648775510204082 0.21414486921529177 0.8148775510204082 0.0776056338028169
0 0.5677755102040816 0.2709054325955734 0.8236122448979591 0.07617706237424547
0 0.5655918367346938 0.33271629778672035 0.8163265306122449 0.07329979879275654
0 0.5568571428571429 0.38517102615694165 0.8104897959183673 0.09484909456740442
0 0.5313469387755102 0.4512877263581489 0.7623877551020408 0.08336016096579477
0 0.5743469387755102 0.512354124748491 0.8513061224489795 0.0847887323943662
0 0.5502857142857143 0.5698390342052313 0.8061224489795918 0.0847887323943662
0 0.5451836734693877 0.6287726358148893 0.7988367346938776 0.0790543259557344
0 0.5706938775510204 0.68841046277666 0.8527755102040817 0.08048289738430583
0 0.5714285714285714 0.7559557344064386 0.8571428571428571 0.09484909456740442
0 0.8155918367346938 0.8263782696177062 0.10348979591836735 0.028752515090543256
0 0.5444693877551021 0.9413682092555332 0.870265306122449 0.09197183098591549