0 0.31657963446475196 0.01256281407035176 0.39033942558746737 0.02512562814070352
0 0.27023498694516973 0.0414572864321608 0.283289817232376 0.04522613065326633
0 0.49869451697127937 0.0728643216080402 0.6618798955613577 0.05778894472361809
0 0.43929503916449086 0.10804020100502512 0.5496083550913838 0.059045226130653265
0 0.2349869451697128 0.14384422110552764 0.08877284595300261 0.03768844221105527
0 0.5052219321148825 0.17839195979899497 0.6383812010443864 0.052763819095477386
0 0.3178851174934726 0.2135678391959799 0.3877284595300261 0.04396984924623116
0 0.37989556135770236 0.25 0.3838120104438642 0.04773869346733668
0 0.3472584856396867 0.27889447236180903 0.20887728459530025 0.0414572864321608
0 0.4549608355091384 0.3146984924623116 0.4216710182767624 0.05527638190954774
0 0.360313315926893 0.3530150753768844 0.34464751958224543 0.05778894472361809
0 0.5319843342036553 0.38253768844221103 0.6135770234986945 0.04648241206030151
0 0.54177545691906 0.41896984924623115 0.03655352480417755 0.020100502512562814
0 0.3218015665796345 0.4478643216080402 0.1866840731070496 0.04396984924623116
0 0.674934725848564 0.4528894472361809 0.2819843342036554 0.056532663316582916
0 0.5946475195822454 0.48304020100502515 0.16057441253263707 0.035175879396984924
0 0.5822454308093995 0.5364321608040201 0.1422976501305483 0.07788944723618091
0 0.7643603133159269 0.5150753768844221 0.13315926892950392 0.03768844221105527
0 0.5065274151436031 0.6212311557788944 0.5704960835509139 0.05778894472361809
0 0.37402088772845954 0.6947236180904522 0.34595300261096606 0.09170854271356783
0 0.4425587467362924 0.7795226130653267 0.49869451697127937 0.0414572864321608
0 0.22323759791122716 0.8090452261306532 0.05352480417754569 0.04020100502512563
0 0.4549608355091384 0.8134422110552764 0.25326370757180156 0.0364321608040201
0 0.21866840731070497 0.8486180904522613 0.02741514360313316 0.03768844221105527
0 0.4308093994778068 0.8555276381909548 0.20234986945169714 0.05150753768844221
0 0.6755874673629243 0.8831658291457286 0.17885117493472585 0.04020100502512563
0 0.21475195822454307 0.9026381909547738 0.031331592689295036 0.038944723618090454
0 0.4314621409921671 0.9233668341708543 0.206266318537859 0.06030150753768844