0 0.5282937062937063 0.07714067278287462 0.8938321678321679 0.05143730886850153
0 0.45264335664335664 0.16262996941896024 0.7603356643356644 0.04448012232415902
0 0.47806993006993004 0.25021406727828743 0.7984755244755244 0.05559633027522936
0 0.4837902097902098 0.3357033639143731 0.8277202797202798 0.05143730886850153
0 0.5098601398601399 0.41423547400611627 0.8747552447552448 0.04448012232415902
0 0.46026573426573425 0.4969418960244648 0.7730489510489511 0.045871559633027525
0 0.5365594405594405 0.581039755351682 0.9230769230769231 0.04726299694189603
0 0.4723496503496504 0.6693119266055046 0.7921118881118882 0.05698776758409786
0 0.4901398601398601 0.7513149847094801 0.8480559440559441 0.05977064220183487
0 0.47742657342657346 0.8388990825688073 0.7946573426573426 0.06255351681957186
0 0.4208531468531469 0.9174311926605505 0.6916783216783217 0.04726299694189603