0 0.5578616352201258 0.08283803863298662 0.35786163522012576 0.10698365527488855
0 0.6330188679245283 0.22919762258543833 0.6924528301886792 0.1099554234769688
0 0.5138364779874214 0.31575037147102525 0.8591194968553459 0.12927191679049035
0 0.5229559748427673 0.3985884101040119 0.9 0.1277860326894502
0 0.49528301886792453 0.47659732540861816 0.8704402515723271 0.1411589895988113
0 0.5144654088050314 0.5586924219910847 0.9012578616352201 0.13150074294205052
0 0.5220125786163522 0.6322436849925706 0.9540880503144654 0.11589895988112928
0 0.5254716981132076 0.7202823179791976 0.9490566037735849 0.12852897473997027
0 0.49433962264150944 0.7964338781575037 0.9062893081761006 0.11812778603268945
0 0.5066037735849057 0.8811292719167905 0.9584905660377359 0.12704309063893016
0 0.510062893081761 0.9457652303120356 0.979874213836478 0.10846953937592868