0 0.14104729729729729 0.028931750741839762 0.2702702702702703 0.03560830860534125
0 0.8023648648648649 0.017804154302670624 0.12331081081081081 0.03115727002967359
0 0.4375 0.08753709198813056 0.8581081081081081 0.03560830860534125
0 0.4358108108108108 0.10979228486646884 0.8581081081081081 0.04154302670623145
0 0.43665540540540543 0.13056379821958458 0.8614864864864865 0.040059347181008904
0 0.4375 0.15281899109792285 0.8597972972972973 0.03857566765578635
0 0.31756756756756754 0.17878338278931752 0.6216216216216216 0.03560830860534125
0 0.41300675675675674 0.258160237388724 0.8260135135135135 0.05341246290801187
0 0.46114864864864863 0.33456973293768544 0.9222972972972973 0.06379821958456973
0 0.4594594594594595 0.4072700296735905 0.918918918918919 0.057863501483679525
0 0.4856418918918919 0.4844213649851632 0.9712837837837838 0.057863501483679525
0 0.4822635135135135 0.5630563798219584 0.9628378378378378 0.06379821958456973
0 0.48986486486486486 0.6402077151335311 0.9746621621621622 0.06083086053412463
0 0.44932432432432434 0.7173590504451038 0.8902027027027027 0.05489614243323442
0 0.4552364864864865 0.7900593471810089 0.8986486486486487 0.05489614243323442
0 0.46875 0.870919881305638 0.9239864864864865 0.06676557863501484
0 0.24070945945945946 0.9451038575667656 0.46452702702702703 0.05341246290801187