0 0.79 0.09151785714285714 0.20285714285714285 0.05580357142857143
0 0.325 0.21763392857142858 0.1957142857142857 0.08705357142857142
0 0.3335714285714286 0.29799107142857145 0.11 0.09821428571428571
0 0.6707142857142857 0.28794642857142855 0.42714285714285716 0.11160714285714286
0 0.415 0.41294642857142855 0.25 0.10491071428571429
0 0.48 0.5390625 0.3914285714285714 0.11830357142857142
0 0.7014285714285714 0.5926339285714286 0.5685714285714286 0.11830357142857142
0 0.6142857142857143 0.6662946428571429 0.41285714285714287 0.10491071428571429
0 0.9371428571428572 0.6261160714285714 0.08285714285714285 0.05357142857142857
0 0.12142857142857143 0.7444196428571429 0.09428571428571429 0.09598214285714286
0 0.595 0.7879464285714286 0.6057142857142858 0.11383928571428571
0 0.3335714285714286 0.8571428571428571 0.06857142857142857 0.05580357142857143
0 0.5707142857142857 0.8504464285714286 0.21142857142857144 0.06919642857142858
0 0.3364285714285714 0.9263392857142857 0.06714285714285714 0.04241071428571429
0 0.59 0.9095982142857143 0.23714285714285716 0.06473214285714286
0 0.3414285714285714 0.9754464285714286 0.06857142857142857 0.049107142857142856