0 0.10636856368563685 0.04016620498614958 0.12872628726287264 0.036011080332409975
0 0.5792682926829268 0.0574792243767313 0.6382113821138211 0.04847645429362881
0 0.4254742547425474 0.0907202216066482 0.3116531165311653 0.05124653739612189
0 0.3008130081300813 0.11703601108033242 0.07046070460704607 0.02631578947368421
0 0.4383468834688347 0.12534626038781163 0.03387533875338753 0.023545706371191136
0 0.4830623306233062 0.15650969529085873 0.03387533875338753 0.0221606648199446
0 0.39634146341463417 0.19182825484764543 0.017615176151761516 0.02077562326869806
0 0.3976964769647697 0.15650969529085873 0.02032520325203252 0.01662049861495845
0 0.481029810298103 0.12742382271468145 0.04065040650406504 0.019390581717451522
0 0.43902439024390244 0.15443213296398892 0.02710027100271003 0.02077562326869806
0 0.7323848238482384 0.16481994459833796 0.3509485094850949 0.05263157894736842
0 0.11720867208672087 0.26454293628808867 0.14498644986449866 0.0443213296398892
0 0.3902439024390244 0.27008310249307477 0.17615176151761516 0.04709141274238227
0 0.6890243902439024 0.27631578947368424 0.2994579945799458 0.05124653739612189
0 0.4159891598915989 0.31163434903047094 0.04065040650406504 0.030470914127423823
0 0.6998644986449865 0.3192520775623269 0.2859078590785908 0.04016620498614958
0 0.6348238482384824 0.3511080332409972 0.462059620596206 0.045706371191135735
0 0.09620596205962059 0.3767313019390582 0.1002710027100271 0.04709141274238227
0 0.5711382113821138 0.3815789473684211 0.532520325203252 0.05678670360110803
0 0.5040650406504065 0.4231301939058172 0.2086720867208672 0.04847645429362881
0 0.790650406504065 0.4342105263157895 0.17750677506775067 0.04293628808864266
0 0.505420054200542 0.4660664819944598 0.33604336043360433 0.054016620498614956
0 0.80420054200542 0.4757617728531856 0.1991869918699187 0.045706371191135735
0 0.6327913279132791 0.510387811634349 0.36314363143631434 0.03462603878116344
0 0.7947154471544715 0.5020775623268698 0.09349593495934959 0.02077562326869806
0 0.13685636856368563 0.7257617728531855 0.1111111111111111 0.04155124653739612
0 0.13550135501355012 0.7728531855955678 0.0975609756097561 0.038781163434903045
0 0.1334688346883469 0.8178670360110804 0.11246612466124661 0.045706371191135735
0 0.6117886178861789 0.7181440443213296 0.6084010840108401 0.05678670360110803
0 0.5250677506775068 0.7645429362880887 0.43224932249322495 0.05263157894736842
0 0.8218157181571816 0.7777008310249307 0.16124661246612465 0.02631578947368421
0 0.7201897018970189 0.7929362880886427 0.3970189701897019 0.03462603878116344
0 0.6287262872628726 0.8185595567867036 0.5880758807588076 0.04709141274238227
0 0.5250677506775068 0.8524930747922438 0.17208672086720866 0.04847645429362881
0 0.6185636856368564 0.8850415512465374 0.573170731707317 0.0443213296398892
0 0.7330623306233063 0.9058171745152355 0.0921409214092141 0.024930747922437674
0 0.48712737127371275 0.9300554016620498 0.37262872628726285 0.04847645429362881
0 0.6300813008130082 0.9688365650969529 0.5338753387533876 0.04847645429362881