0 0.4548611111111111 0.015584415584415584 0.28125 0.03116883116883117
0 0.7612847222222222 0.05064935064935065 0.4583333333333333 0.07532467532467532
0 0.3854166666666667 0.1292207792207792 0.7534722222222222 0.09350649350649351
0 0.3567708333333333 0.16363636363636364 0.7135416666666666 0.07012987012987013
0 0.3385416666666667 0.20714285714285716 0.6770833333333334 0.07922077922077922
0 0.375 0.2435064935064935 0.75 0.07662337662337662
0 0.4479166666666667 0.2863636363636364 0.8958333333333334 0.08701298701298701
0 0.4296875 0.33246753246753247 0.859375 0.08831168831168831
0 0.3828125 0.36428571428571427 0.765625 0.08701298701298701
0 0.3576388888888889 0.40714285714285714 0.7152777777777778 0.07922077922077922
0 0.4131944444444444 0.4883116883116883 0.3871527777777778 0.08571428571428572
0 0.7725694444444444 0.5279220779220779 0.4548611111111111 0.06103896103896104
0 0.3914930555555556 0.561038961038961 0.78125 0.08831168831168831
0 0.4001736111111111 0.6038961038961039 0.796875 0.07272727272727272
0 0.4027777777777778 0.6428571428571429 0.8003472222222222 0.07792207792207792
0 0.4184027777777778 0.6928571428571428 0.8298611111111112 0.08961038961038961
0 0.4088541666666667 0.7344155844155844 0.8090277777777778 0.09480519480519481
0 0.4253472222222222 0.7766233766233767 0.8402777777777778 0.09350649350649351
0 0.4140625 0.8123376623376624 0.8159722222222222 0.08181818181818182
0 0.3663194444444444 0.8551948051948052 0.7170138888888888 0.08961038961038961