0 0.5230890052356021 0.12669201520912549 0.7529842931937173 0.048707224334600764
0 0.5126178010471204 0.15577946768060835 0.7248167539267015 0.037718631178707225
0 0.5039267015706806 0.184106463878327 0.7074869109947644 0.04399239543726236
0 0.5205759162303665 0.21190114068441063 0.726282722513089 0.04083650190114069
0 0.4871727748691099 0.23604562737642584 0.6630890052356021 0.03452471482889734
0 0.49675392670157065 0.2630418250950571 0.678586387434555 0.038212927756654
0 0.48083769633507856 0.29372623574144485 0.6612565445026178 0.03452471482889734
0 0.5030366492146596 0.3179847908745247 0.6804188481675393 0.04106463878326996
0 0.4980104712041885 0.3456653992395437 0.6703141361256545 0.03555133079847909
0 0.5068586387434555 0.37501901140684407 0.6987958115183246 0.039771863117870725
0 0.5129842931937173 0.39878326996197716 0.7038743455497382 0.03688212927756654
0 0.49094240837696335 0.42984790874524714 0.6670680628272251 0.04026615969581749
0 0.520261780104712 0.45634980988593155 0.7114659685863873 0.04498098859315589
0 0.4707329842931937 0.4799239543726236 0.6265968586387435 0.039733840304182505
0 0.4820942408376963 0.5076045627376425 0.6529842931937173 0.034220532319391636
0 0.2042931937172775 0.5292395437262357 0.09403141361256545 0.02505703422053232
0 0.7052356020942407 0.6363878326996197 0.27602094240837693 0.044144486692015206