0 0.0576592082616179 0.1781524926686217 0.10929432013769363 0.054252199413489736
0 0.36187607573149744 0.16715542521994134 0.07917383820998279 0.093841642228739
0 0.24311531841652323 0.25733137829912023 0.4819277108433735 0.13343108504398826
0 0.08734939759036145 0.32404692082111436 0.1721170395869191 0.10850439882697947
0 0.4225473321858864 0.5197947214076246 0.25903614457831325 0.11290322580645161
0 0.4212564543889845 0.5997067448680352 0.25817555938037867 0.09090909090909091
0 0.3696213425129088 0.75 0.35972461273666095 0.12463343108504399
0 0.4268502581755594 0.8086510263929618 0.22547332185886404 0.08064516129032258
0 0.6277969018932874 0.02126099706744868 0.10154905335628227 0.03812316715542522
0 0.9251290877796902 0.04252199413489736 0.14974182444061962 0.06451612903225806
0 0.705249569707401 0.08211143695014662 0.26506024096385544 0.08944281524926687
0 0.7848537005163512 0.1656891495601173 0.43029259896729777 0.11730205278592376
0 0.6544750430292599 0.23240469208211142 0.16523235800344235 0.08797653958944282
0 0.6867469879518072 0.31451612903225806 0.1712564543889845 0.08504398826979472
0 0.8007745266781411 0.3878299120234604 0.3984509466437177 0.10997067448680352
0 0.7839931153184165 0.46774193548387094 0.43201376936316693 0.11436950146627566
0 0.7839931153184165 0.5469208211143695 0.43201376936316693 0.1187683284457478
0 0.7848537005163512 0.6304985337243402 0.42857142857142855 0.11290322580645161
0 0.7844234079173839 0.6942815249266863 0.42771084337349397 0.08504398826979472
0 0.7835628227194492 0.780791788856305 0.42771084337349397 0.10850439882697947
0 0.7852839931153184 0.8585043988269795 0.423407917383821 0.10850439882697947
0 0.7521514629948365 0.9391495601173021 0.3657487091222031 0.09970674486803519
0 0.8012048192771084 0.9824046920821115 0.387263339070568 0.03519061583577713