0 0.24702380952380953 0.03615702479338843 0.11904761904761904 0.030991735537190084
0 0.24851190476190477 0.060950413223140494 0.26785714285714285 0.030991735537190084
0 0.06994047619047619 0.15082644628099173 0.08630952380952381 0.026859504132231406
0 0.3869047619047619 0.14669421487603307 0.08928571428571429 0.022727272727272728
0 0.09970238095238096 0.19318181818181818 0.13690476190476192 0.030991735537190084
0 0.41517857142857145 0.18801652892561985 0.13988095238095238 0.026859504132231406
0 0.5357142857142857 0.987603305785124 0.03273809523809524 0.01859504132231405
0 0.125 0.23760330578512398 0.18452380952380953 0.03305785123966942
0 0.4419642857142857 0.2303719008264463 0.1875 0.030991735537190084
0 0.4226190476190476 0.27582644628099173 0.1488095238095238 0.026859504132231406
0 0.4211309523809524 0.3202479338842975 0.13988095238095238 0.026859504132231406
0 0.40476190476190477 0.36260330578512395 0.10416666666666667 0.026859504132231406
0 0.44345238095238093 0.4059917355371901 0.17559523809523808 0.026859504132231406
0 0.42857142857142855 0.45144628099173556 0.1488095238095238 0.028925619834710745
0 0.42857142857142855 0.5020661157024794 0.13988095238095238 0.03925619834710744
0 0.4107142857142857 0.5361570247933884 0.09821428571428571 0.03305785123966942
0 0.43601190476190477 0.5888429752066116 0.13988095238095238 0.03925619834710744
0 0.4330357142857143 0.621900826446281 0.12797619047619047 0.03512396694214876
0 0.44047619047619047 0.6683884297520661 0.14285714285714285 0.045454545454545456
0 0.4538690476190476 0.7148760330578512 0.1636904761904762 0.05578512396694215
0 0.4330357142857143 0.7644628099173554 0.11904761904761904 0.045454545454545456
0 0.43452380952380953 0.8037190082644629 0.11607142857142858 0.05165289256198347
0 0.49404761904761907 0.8481404958677686 0.22321428571428573 0.05991735537190083
0 0.1056547619047619 0.2830578512396694 0.13690476190476192 0.028925619834710745
0 0.10416666666666667 0.3285123966942149 0.13690476190476192 0.024793388429752067
0 0.09077380952380952 0.3677685950413223 0.10416666666666667 0.028925619834710745
0 0.12797619047619047 0.4132231404958678 0.17559523809523808 0.030991735537190084
0 0.11755952380952381 0.45764462809917356 0.1488095238095238 0.030991735537190084
0 0.1130952380952381 0.5072314049586777 0.13392857142857142 0.04132231404958678
0 0.09970238095238096 0.5433884297520661 0.09523809523809523 0.030991735537190084
0 0.11904761904761904 0.5950413223140496 0.13690476190476192 0.0371900826446281
0 0.11458333333333333 0.6353305785123967 0.125 0.049586776859504134
0 0.12648809523809523 0.6776859504132231 0.15178571428571427 0.049586776859504134
0 0.13988095238095238 0.7221074380165289 0.16666666666666666 0.05578512396694215
0 0.11458333333333333 0.7727272727272727 0.11011904761904762 0.04132231404958678
0 0.11755952380952381 0.8119834710743802 0.11904761904761904 0.05165289256198347
0 0.17708333333333334 0.8533057851239669 0.22916666666666666 0.05578512396694215