0 0.72375 0.03650137741046832 0.15583333333333332 0.026170798898071626
0 0.36541666666666667 0.09504132231404959 0.11583333333333333 0.05509641873278237
0 0.62875 0.0943526170798898 0.38083333333333336 0.05234159779614325
0 0.495 0.13016528925619836 0.10083333333333333 0.0371900826446281
0 0.605 0.16735537190082644 0.32416666666666666 0.0440771349862259
0 0.6475 0.20454545454545456 0.4033333333333333 0.05371900826446281
0 0.47833333333333333 0.24449035812672176 0.06166666666666667 0.045454545454545456
0 0.48083333333333333 0.2775482093663912 0.045 0.0440771349862259
0 0.6820833333333334 0.2741046831955923 0.2916666666666667 0.04132231404958678
0 0.6875 0.35192837465564736 0.31 0.049586776859504134
0 0.5870833333333333 0.39118457300275483 0.115 0.05234159779614325
0 0.455 0.4490358126721763 0.018333333333333333 0.03443526170798898
0 0.5045833333333334 0.45523415977961434 0.030833333333333334 0.024793388429752067
0 0.5075 0.4931129476584022 0.0275 0.024793388429752067
0 0.59625 0.46005509641873277 0.1075 0.046831955922865015
0 0.5479166666666667 0.493801652892562 0.013333333333333334 0.02203856749311295
0 0.7020833333333333 0.45179063360881544 0.029166666666666667 0.0371900826446281
0 0.79 0.45798898071625344 0.0625 0.03856749311294766
0 0.71375 0.49104683195592286 0.035833333333333335 0.030303030303030304
0 0.7745833333333333 0.48622589531680444 0.015833333333333335 0.02203856749311295
0 0.7108333333333333 0.5261707988980716 0.025833333333333333 0.03305785123966942
0 0.7766666666666666 0.5268595041322314 0.018333333333333333 0.02203856749311295
0 0.7325 0.5585399449035813 0.0575 0.026170798898071626
0 0.5183333333333333 0.6005509641873278 0.10333333333333333 0.0440771349862259
0 0.5175 0.6377410468319559 0.015833333333333335 0.023415977961432508
0 0.6079166666666667 0.6329201101928374 0.1 0.03168044077134986
0 0.5179166666666667 0.6714876033057852 0.018333333333333333 0.024793388429752067
0 0.6433333333333333 0.7073002754820936 0.39 0.05922865013774105
0 0.36 0.7134986225895317 0.125 0.04269972451790634
0 0.3595833333333333 0.7479338842975206 0.11 0.04132231404958678
0 0.35291666666666666 0.7899449035812672 0.0925 0.048209366391184574
0 0.6404166666666666 0.7796143250688705 0.38916666666666666 0.05096418732782369
0 0.6954166666666667 0.8147382920110193 0.1825 0.048209366391184574
0 0.6379166666666667 0.8822314049586777 0.38916666666666666 0.05371900826446281
0 0.56625 0.9455922865013774 0.09916666666666667 0.08953168044077135