0 0.5742354124748491 0.15711974110032362 0.05992957746478873 0.023398058252427186
0 0.5381790744466801 0.4652750809061489 0.15885311871227364 0.03546925566343043
0 0.23948692152917506 0.4867152103559871 0.08964788732394366 0.05462783171521035
0 0.10963782696177063 0.5654692556634304 0.019406438631790743 0.058915857605177986
0 0.2592756539235413 0.552799352750809 0.22310865191146884 0.06161812297734628
0 0.19548289738430583 0.6093042071197411 0.09719315895372234 0.07105177993527508
0 0.41511066398390345 0.6 0.2681891348088531 0.0653883495145631
0 0.4392555331991952 0.6377508090614886 0.3030583501006036 0.06537216828478964
0 0.18684104627766598 0.6921035598705502 0.07824949698189135 0.06186084142394822
0 0.45249496981891346 0.6865695792880259 0.359728370221328 0.07022653721682848
0 0.5607344064386318 0.7360679611650485 0.19557344064386317 0.06563106796116505
0 0.3275955734406439 0.7831391585760518 0.093158953722334 0.038915857605177996
0 0.2581790744466801 0.8311326860841424 0.2091851106639839 0.061553398058252426
0 0.296569416498994 0.8783333333333333 0.2960362173038229 0.0804368932038835
0 0.39096579476861165 0.9204207119741101 0.4143963782696177 0.07179611650485436
0 0.3290140845070423 0.9697734627831716 0.22846076458752515 0.06045307443365696
0 0.5258651911468814 0.9774757281553399 0.038641851106639834 0.04503236245954692