0 0.6354166666666666 0.048828125 0.046875 0.01953125
0 0.6354166666666666 0.068359375 0.046875 0.01953125
0 0.3723958333333333 0.150390625 0.4583333333333333 0.046875
0 0.4401041666666667 0.208984375 0.578125 0.0546875
0 0.46875 0.236328125 0.6302083333333334 0.0546875
0 0.3932291666666667 0.26953125 0.4739583333333333 0.046875
0 0.4895833333333333 0.326171875 0.6770833333333334 0.05078125
0 0.3828125 0.36328125 0.453125 0.046875
0 0.4921875 0.41796875 0.6822916666666666 0.05078125
0 0.5052083333333334 0.44921875 0.703125 0.05078125
0 0.5078125 0.521484375 0.703125 0.06640625
0 0.3411458333333333 0.564453125 0.359375 0.05859375
0 0.3463541666666667 0.9453125 0.14583333333333334 0.046875
0 0.8880208333333334 0.9609375 0.13020833333333334 0.02734375
0 0.5234375 0.61328125 0.7447916666666666 0.05859375
0 0.2994791666666667 0.65625 0.2864583333333333 0.04296875
0 0.5338541666666666 0.72265625 0.7395833333333334 0.0546875
0 0.3177083333333333 0.763671875 0.296875 0.0390625
0 0.4609375 0.83203125 0.5833333333333334 0.06640625
0 0.4635416666666667 0.87109375 0.3489583333333333 0.07421875