0 0.6068281938325991 0.03982300884955752 0.7731277533039648 0.07964601769911504
0 0.5638766519823789 0.12168141592920353 0.7577092511013216 0.13274336283185842
0 0.5814977973568282 0.19247787610619468 0.8061674008810573 0.10176991150442478
0 0.5671806167400881 0.26548672566371684 0.737885462555066 0.09292035398230089
0 0.5616740088105727 0.34513274336283184 0.7709251101321586 0.09292035398230089
0 0.5616740088105727 0.41814159292035397 0.7422907488986784 0.084070796460177
0 0.5649779735682819 0.5 0.7775330396475771 0.10619469026548672
0 0.5848017621145375 0.584070796460177 0.7995594713656388 0.10176991150442478
0 0.5308370044052864 0.6570796460176991 0.7400881057268722 0.11504424778761062
0 0.5561674008810573 0.7477876106194691 0.7841409691629956 0.12831858407079647
0 0.41740088105726875 0.8163716814159292 0.5198237885462555 0.13274336283185842
0 0.5550660792951542 0.9048672566371682 0.7202643171806168 0.13274336283185842
0 0.4251101321585903 0.9601769911504425 0.4933920704845815 0.07964601769911504