0 0.36220871327254306 0.08558558558558559 0.05572441742654509 0.036936936936936934
0 0.5764944275582573 0.06396396396396396 0.08611955420466058 0.044144144144144144
0 0.4756838905775076 0.15765765765765766 0.22998986828774062 0.03783783783783784
0 0.5086119554204661 0.2072072072072072 0.2887537993920973 0.044144144144144144
0 0.49442755825734547 0.23783783783783785 0.32066869300911854 0.043243243243243246
0 0.4939209726443769 0.26666666666666666 0.3191489361702128 0.047747747747747746
0 0.4939209726443769 0.2972972972972973 0.31965552178318135 0.04594594594594595
0 0.49341438703140833 0.32522522522522523 0.31864235055724416 0.04594594594594595
0 0.4939209726443769 0.35585585585585583 0.3181357649442756 0.04504504504504504
0 0.488855116514691 0.3846846846846847 0.30952380952380953 0.04054054054054054
0 0.49240121580547114 0.4135135135135135 0.31762917933130697 0.043243243243243246
0 0.4908814589665654 0.4423423423423423 0.31256332320162106 0.04684684684684685
0 0.4949341438703141 0.47297297297297297 0.32066869300911854 0.051351351351351354
0 0.49442755825734547 0.5018018018018018 0.3191489361702128 0.04504504504504504
0 0.4918946301925025 0.5315315315315315 0.315096251266464 0.047747747747747746
0 0.4918946301925025 0.5603603603603604 0.31560283687943264 0.04594594594594595
0 0.49037487335359675 0.5900900900900901 0.31458966565349544 0.04234234234234234
0 0.4341438703140831 0.6198198198198198 0.19655521783181357 0.044144144144144144
0 0.5075987841945289 0.6630630630630631 0.2806484295845998 0.04954954954954955
0 0.4959473150962513 0.6918918918918919 0.3181357649442756 0.04594594594594595
0 0.4939209726443769 0.7225225225225225 0.31560283687943264 0.04594594594594595
0 0.4949341438703141 0.7504504504504504 0.3130699088145897 0.043243243243243246
0 0.4321175278622087 0.7846846846846847 0.19706180344478216 0.04864864864864865
0 0.4706180344478217 0.8252252252252252 0.21225937183383992 0.04864864864864865
0 0.49544072948328266 0.8954954954954955 0.12968591691995948 0.047747747747747746
0 0.5916919959473151 0.9234234234234234 0.040526849037487336 0.02072072072072072