0 0.7767341040462428 0.10810810810810811 0.06936416184971098 0.025096525096525095
0 0.375 0.11196911196911197 0.14450867052023122 0.032818532818532815
0 0.2239884393063584 0.14285714285714285 0.20520231213872833 0.03861003861003861
0 0.2579479768786127 0.17664092664092665 0.2861271676300578 0.03088803088803089
0 0.2536127167630058 0.20463320463320464 0.2846820809248555 0.02895752895752896
0 0.26445086705202314 0.2722007722007722 0.319364161849711 0.04247104247104247
0 0.2940751445086705 0.305019305019305 0.37716763005780346 0.04247104247104247
0 0.4154624277456647 0.3359073359073359 0.6213872832369942 0.04247104247104247
0 0.2904624277456647 0.37258687258687256 0.37283236994219654 0.04633204633204633
0 0.2781791907514451 0.4092664092664093 0.3627167630057804 0.0444015444015444
0 0.18063583815028902 0.4874517374517375 0.1907514450867052 0.03667953667953668
0 0.19002890173410406 0.527992277992278 0.20520231213872833 0.032818532818532815
0 0.17630057803468208 0.5666023166023166 0.18352601156069365 0.032818532818532815
0 0.21676300578034682 0.6023166023166023 0.27167630057803466 0.04826254826254826
0 0.3236994219653179 0.6418918918918919 0.49421965317919075 0.05791505791505792
0 0.23554913294797689 0.6891891891891891 0.3208092485549133 0.04633204633204633
0 0.27890173410404623 0.7316602316602316 0.42052023121387283 0.059845559845559844
0 0.3171965317919075 0.7741312741312741 0.4985549132947977 0.06756756756756757
0 0.3027456647398844 0.8194980694980695 0.48265895953757226 0.06756756756756757
0 0.3106936416184971 0.8706563706563707 0.5028901734104047 0.07528957528957529
0 0.342485549132948 0.9111969111969112 0.5736994219653179 0.07335907335907337
0 0.8171965317919075 0.5965250965250966 0.3439306358381503 0.06756756756756757
0 0.7630057803468208 0.6640926640926641 0.2254335260115607 0.05019305019305019
0 0.7984104046242775 0.7200772200772201 0.2817919075144509 0.06177606177606178
0 0.7752890173410405 0.7876447876447876 0.2254335260115607 0.05019305019305019
0 0.8208092485549133 0.8474903474903475 0.3106936416184971 0.06177606177606178