0 0.5057603686635944 0.02768166089965398 0.988479262672811 0.05536332179930796
0 0.4608294930875576 0.08564013840830449 0.9055299539170507 0.07785467128027682
0 0.48963133640552997 0.15484429065743946 0.9654377880184332 0.08304498269896193
0 0.4539170506912442 0.22491349480968859 0.8963133640552995 0.07612456747404844
0 0.5011520737327189 0.2975778546712803 0.9953917050691244 0.08650519031141868
0 0.45276497695852536 0.3685121107266436 0.9009216589861752 0.08304498269896193
0 0.48502304147465436 0.43858131487889274 0.9700460829493087 0.08304498269896193
0 0.4642857142857143 0.5103806228373703 0.9285714285714286 0.07958477508650519
0 0.42626728110599077 0.5761245674740484 0.8525345622119815 0.08304498269896193
0 0.4976958525345622 0.6513840830449827 0.9953917050691244 0.0847750865051903
0 0.4815668202764977 0.7214532871972318 0.9631336405529954 0.07958477508650519
0 0.4700460829493088 0.7897923875432526 0.9400921658986175 0.08131487889273356
0 0.48847926267281105 0.8589965397923875 0.9769585253456221 0.0847750865051903
0 0.4066820276497696 0.9282006920415224 0.8133640552995391 0.08131487889273356
0 0.18433179723502305 0.9801038062283737 0.3686635944700461 0.03633217993079585