0 0.5222222222222223 0.06196581196581197 0.9111111111111111 0.0876068376068376
0 0.4936507936507937 0.1346153846153846 0.8714285714285714 0.09829059829059829
0 0.5253968253968254 0.21474358974358973 0.9365079365079365 0.10683760683760683
0 0.5182539682539683 0.2841880341880342 0.9492063492063492 0.09829059829059829
0 0.32063492063492066 0.3472222222222222 0.5603174603174603 0.0876068376068376
0 0.5079365079365079 0.4444444444444444 0.9349206349206349 0.11324786324786325
0 0.3349206349206349 0.5106837606837606 0.5920634920634921 0.11324786324786325
0 0.5126984126984127 0.5993589743589743 0.9666666666666667 0.12393162393162394
0 0.2984126984126984 0.6495726495726496 0.546031746031746 0.10256410256410256
0 0.7928571428571428 0.7841880341880342 0.39206349206349206 0.09829059829059829
0 0.7579365079365079 0.8739316239316239 0.20793650793650795 0.07264957264957266
0 0.7761904761904762 0.9412393162393162 0.10634920634920635 0.07051282051282051
0 0.7817460317460317 0.9829059829059829 0.2111111111111111 0.03418803418803419