0 0.09013605442176871 0.11005089058524173 0.09863945578231292 0.030534351145038167
0 0.4685374149659864 0.14376590330788805 0.8758503401360545 0.062340966921119595
0 0.26105442176870747 0.18002544529262088 0.39625850340136054 0.047073791348600506
0 0.4260204081632653 0.2296437659033079 0.7789115646258503 0.05979643765903308
0 0.47534013605442177 0.26145038167938933 0.8860544217687075 0.06615776081424936
0 0.5008503401360545 0.29834605597964375 0.8775510204081632 0.061068702290076333
0 0.5059523809523809 0.33396946564885494 0.8775510204081632 0.062340966921119595
0 0.5136054421768708 0.36959287531806617 0.891156462585034 0.05725190839694656
0 0.5102040816326531 0.40458015267175573 0.8639455782312925 0.062340966921119595
0 0.4923469387755102 0.4446564885496183 0.826530612244898 0.058524173027989825
0 0.2891156462585034 0.4770992366412214 0.41156462585034015 0.0648854961832061
0 0.5280612244897959 0.5159033078880407 0.8724489795918368 0.062340966921119595
0 0.5255102040816326 0.5629770992366412 0.8690476190476191 0.06743002544529263
0 0.5085034013605442 0.601145038167939 0.8401360544217688 0.0648854961832061
0 0.5136054421768708 0.638676844783715 0.8639455782312925 0.06870229007633588
0 0.5212585034013606 0.6819338422391857 0.8894557823129252 0.07888040712468193
0 0.4608843537414966 0.7232824427480916 0.7670068027210885 0.07251908396946564