0 0.26595744680851063 0.13533834586466165 0.18617021276595744 0.045112781954887216
0 0.39095744680851063 0.18421052631578946 0.5478723404255319 0.045112781954887216
0 0.4867021276595745 0.21052631578947367 0.7659574468085106 0.05263157894736842
0 0.26861702127659576 0.2387218045112782 0.17553191489361702 0.03383458646616541
0 0.4946808510638298 0.2556390977443609 0.75 0.045112781954887216
0 0.526595744680851 0.3082706766917293 0.7925531914893617 0.045112781954887216
0 0.5851063829787234 0.33458646616541354 0.8031914893617021 0.045112781954887216
0 0.550531914893617 0.3609022556390977 0.7340425531914894 0.041353383458646614
0 0.27393617021276595 0.41541353383458646 0.17553191489361702 0.03759398496240601
0 0.4946808510638298 0.4605263157894737 0.7553191489361702 0.041353383458646614
0 0.3962765957446808 0.4906015037593985 0.42021276595744683 0.045112781954887216
0 0.5452127659574468 0.5112781954887218 0.8563829787234043 0.04887218045112782
0 0.2898936170212766 0.5375939849624061 0.2074468085106383 0.03383458646616541
0 0.5 0.5620300751879699 0.75 0.04887218045112782
0 0.2632978723404255 0.5902255639097744 0.14893617021276595 0.03759398496240601
0 0.5558510638297872 0.6372180451127819 0.723404255319149 0.04887218045112782
0 0.5824468085106383 0.6654135338345865 0.7819148936170213 0.05263157894736842
0 0.5930851063829787 0.6898496240601504 0.8085106382978723 0.045112781954887216
0 0.38563829787234044 0.7631578947368421 0.3723404255319149 0.04887218045112782
0 0.44680851063829785 0.8176691729323309 0.6329787234042553 0.045112781954887216
0 0.30851063829787234 0.849624060150376 0.3404255319148936 0.03759398496240601
0 0.5053191489361702 0.8966165413533834 0.7393617021276596 0.04887218045112782
0 0.2845744680851064 0.9304511278195489 0.3351063829787234 0.041353383458646614