0 0.10243229166666666 0.3595648148148148 0.171875 0.06481481481481481
0 0.10373437499999999 0.43363888888888885 0.15538020833333333 0.07099074074074074
0 0.10329687500000001 0.5046296296296297 0.045140625000000004 0.04937962962962963
0 0.10113020833333333 0.5756203703703703 0.17274479166666667 0.06789814814814815
0 0.10373437499999999 0.6504629629629629 0.20399479166666667 0.07562037037037037
0 0.4327239583333334 0.2631203703703704 0.17100520833333333 0.0663611111111111
0 0.6119791666666666 0.0941388888888889 0.03819270833333333 0.027777777777777776
0 0.609375 0.1350277777777778 0.03819270833333333 0.032407407407407406
0 0.537328125 0.3726851851851852 0.3559010416666667 0.06326851851851852
0 0.4878489583333333 0.4236111111111111 0.392359375 0.05400925925925926
0 0.47265625 0.4830277777777777 0.349828125 0.061731481481481484