0 0.5063297872340425 0.09328358208955224 0.8530851063829787 0.06888059701492538
0 0.49101063829787234 0.14496268656716418 0.8715425531914893 0.05167910447761194
0 0.45622340425531915 0.1923134328358209 0.7896808510638298 0.03731343283582089
0 0.4623404255319149 0.24828358208955226 0.8019680851063831 0.05738805970149254
0 0.4848404255319149 0.2977985074626866 0.8551595744680852 0.047350746268656714
0 0.4807446808510638 0.3508955223880597 0.8387765957446809 0.055970149253731345
0 0.47957446808510634 0.40111940298507465 0.8527127659574468 0.05832089552238806
0 0.4862234042553191 0.4489179104477612 0.8593617021276596 0.04899253731343284
0 0.4546276595744681 0.5019776119402986 0.8161702127659575 0.05014925373134328
0 0.4812234042553191 0.5550373134328358 0.8427659574468085 0.06063432835820896
0 0.4587765957446808 0.6040298507462687 0.8211702127659575 0.06298507462686567
0 0.4454787234042553 0.662910447761194 0.7812765957446808 0.066455223880597
0 0.4928723404255319 0.7089552238805971 0.8693617021276595 0.05365671641791045
0 0.48037234042553195 0.7637686567164179 0.8444148936170213 0.05832089552238806
0 0.5020212765957447 0.8139179104477612 0.8776595744680851 0.05365671641791045
0 0.2584574468085107 0.8617164179104477 0.40058510638297873 0.04664179104477612
0 0.32 0.9182462686567164 0.4670744680851064 0.07111940298507462