0 0.5359327217125383 0.025757575757575757 0.7798165137614679 0.051515151515151514
0 0.5359327217125383 0.04318181818181818 0.7782874617737003 0.05909090909090909
0 0.5382262996941896 0.06742424242424243 0.7767584097859327 0.05606060606060606
0 0.4258409785932722 0.09166666666666666 0.5565749235474006 0.04696969696969697
0 0.558868501529052 0.18787878787878787 0.8486238532110092 0.0803030303030303
0 0.5542813455657493 0.26590909090909093 0.8287461773700305 0.08484848484848485
0 0.5542813455657493 0.34015151515151515 0.8073394495412844 0.07424242424242425
0 0.5420489296636085 0.4196969696969697 0.7874617737003058 0.07424242424242425
0 0.5474006116207951 0.49166666666666664 0.7935779816513762 0.07878787878787878
0 0.5749235474006116 0.5704545454545454 0.8501529051987767 0.08333333333333333
0 0.5611620795107034 0.6522727272727272 0.790519877675841 0.07727272727272727
0 0.5818042813455657 0.7257575757575757 0.8363914373088684 0.08181818181818182