0 0.7316095380029807 0.06152125279642058 0.040640834575260805 0.021353467561521254
0 0.20013412816691503 0.09866890380313198 0.174575260804769 0.0375503355704698
0 0.5620566318926975 0.13941834451901566 0.7962593144560357 0.051935123042505596
0 0.14263785394932935 0.16298657718120807 0.05110283159463487 0.023970917225950784
0 0.22621460506706406 0.19814317673378073 0.20119225037257824 0.039944071588366895
0 0.5572727272727273 0.22970917225950785 0.7526080476900149 0.0375503355704698
0 0.170327868852459 0.2544742729306488 0.09368107302533532 0.031163310961968678
0 0.2719821162444113 0.3147986577181208 0.2757078986587183 0.035156599552572707
0 0.37417287630402385 0.3787136465324385 0.4864828614008942 0.035156599552572707
0 0.3193591654247392 0.4082774049217002 0.2874217585692996 0.043143176733780764
0 0.5514157973174366 0.46740492170022374 0.8005067064083458 0.04154362416107383
0 0.22994038748137108 0.4961633109619687 0.20864381520119224 0.03675615212527964
0 0.2826229508196721 0.5556935123042506 0.307645305514158 0.042348993288590604
0 0.39812220566318923 0.5912416107382551 0.5216095380029806 0.043143176733780764
0 0.2597466467958271 0.6243959731543625 0.20438152011922503 0.039149888143176735
0 0.38907600596125186 0.6471700223713647 0.5013859910581222 0.0495413870246085
0 0.3454396423248882 0.6791275167785235 0.4034426229508196 0.04634228187919463
0 0.5423695976154993 0.7058948545861298 0.812220566318927 0.051935123042505596
0 0.2618628912071535 0.7442505592841163 0.27251862891207157 0.042348993288590604
0 0.2480327868852459 0.8025727069351231 0.16819672131147542 0.04074944071588367
0 0.45241430700447094 0.8245413870246084 0.5152160953800298 0.05752796420581655
0 0.2623994038748137 0.8692841163310961 0.18842026825633384 0.0495413870246085
0 0.26506706408345754 0.8908612975391498 0.0809090909090909 0.03355704697986577
0 0.2719821162444113 0.9236129753914989 0.07770491803278688 0.030357941834451903
0 0.5114903129657228 0.8784787472035794 0.1841579731743666 0.04074944071588367
0 0.5615350223546945 0.9064429530201342 0.11177347242921014 0.042348993288590604
0 0.8319076005961252 0.8692841163310961 0.2459016393442623 0.04154362416107383
0 0.9138748137108793 0.8960514541387025 0.12880774962742178 0.039149888143176735
0 0.9149478390461996 0.9268120805369128 0.10326378539493294 0.030357941834451903