0 0.5021171171171172 0.08198895027624309 0.1653903903903904 0.01650552486187845
0 0.895945945945946 0.0810635359116022 0.07617117117117117 0.018342541436464087
0 0.6774774774774774 0.12296961325966851 0.5131081081081081 0.017403314917127072
0 0.6774774774774774 0.1356353591160221 0.5131081081081081 0.016933701657458562
0 0.6782282282282283 0.1503729281767956 0.5116066066066066 0.015082872928176795
0 0.6767267267267267 0.16327348066298342 0.5146096096096097 0.01691988950276243
0 0.6762312312312312 0.1754696132596685 0.5136036036036036 0.017375690607734806
0 0.5954204204204204 0.18929558011049724 0.349009009009009 0.011837016574585637
0 0.6724774774774774 0.2358011049723757 0.5211111111111111 0.04035911602209945
0 0.670975975975976 0.2804696132596685 0.5241141141141141 0.043107734806629834
0 0.6494594594594595 0.3306767955801105 0.4770870870870871 0.044005524861878455
0 0.6732282282282283 0.3771823204419889 0.5256156156156157 0.04488950276243094
0 0.6762162162162162 0.42577348066298343 0.5376276276276276 0.04993093922651933
0 0.6782282282282283 0.4743508287292818 0.5356306306306307 0.04944751381215469
0 0.6592192192192192 0.5123480662983425 0.4895945945945946 0.03515193370165746
0 0.663963963963964 0.5639364640883978 0.5041141141141141 0.049861878453038674
0 0.5038588588588588 0.6069889502762431 0.1778978978978979 0.032790055248618784
0 0.49911411411411416 0.7759668508287292 0.1533783783783784 0.04291436464088398