0 0.420979381443299 0.08687258687258688 0.6472164948453608 0.07938223938223937
0 0.43097938144329895 0.12332046332046333 0.5125773195876289 0.05362934362934363
0 0.43097938144329895 0.17054054054054055 0.7073195876288659 0.05362934362934363
0 0.4094845360824742 0.20378378378378378 0.6472164948453608 0.05146718146718147
0 0.1918556701030928 0.22416988416988418 0.21190721649484537 0.03644787644787645
0 0.4954123711340206 0.2595366795366795 0.5898969072164948 0.04289575289575289
0 0.45103092783505155 0.30996138996138994 0.7187628865979381 0.05362934362934363
0 0.44958762886597936 0.3453281853281853 0.7159278350515463 0.05146718146718147
0 0.45530927835051543 0.3742857142857143 0.7445360824742268 0.04934362934362934
0 0.4023711340206186 0.39683397683397686 0.6271649484536083 0.047181467181467186
0 0.46536082474226803 0.43115830115830117 0.5355154639175258 0.05575289575289575
0 0.45530927835051543 0.4783397683397683 0.7617525773195877 0.05146718146718147
0 0.46536082474226803 0.5158687258687259 0.7760824742268041 0.04505791505791506
0 0.4668041237113402 0.5652123552123551 0.5269072164948454 0.04934362934362934
0 0.3236082474226804 0.592007722007722 0.10309278350515463 0.03003861003861004
0 0.44958762886597936 0.6477992277992278 0.7503092783505155 0.05146718146718147
0 0.18041237113402062 0.67996138996139 0.2004639175257732 0.03432432432432433
0 0.44103092783505154 0.7389575289575289 0.4581958762886598 0.05791505791505792