0 0.496 0.04870848708487085 0.17600000000000002 0.03247232472324724
0 0.06342857142857143 0.055350553505535055 0.04 0.02214022140221402
0 0.45542857142857146 0.1070110701107011 0.8194285714285715 0.07527675276752767
0 0.9565714285714286 0.11439114391143912 0.025142857142857144 0.03099630996309963
0 0.40628571428571425 0.24059040590405906 0.728 0.07970479704797048
0 0.4228571428571429 0.3763837638376384 0.7634285714285713 0.07675276752767528
0 0.4931428571428571 0.5439114391143912 0.1794285714285714 0.03099630996309963
0 0.06 0.5527675276752768 0.04 0.01918819188191882
0 0.9554285714285714 0.6140221402214022 0.029714285714285714 0.02952029520295203
0 0.40685714285714286 0.6044280442804428 0.7337142857142858 0.07822878228782287
0 0.4297142857142857 0.740959409594096 0.7794285714285715 0.07675276752767528
0 0.41714285714285715 0.8760147601476015 0.7611428571428571 0.07527675276752767
0 0.49771428571428566 0.9630996309963099 0.18857142857142858 0.025092250922509225