0 0.09442724458204334 0.012721238938053098 0.16718266253869968 0.025442477876106196
0 0.29721362229102166 0.013827433628318585 0.14241486068111456 0.02765486725663717
0 0.47678018575851394 0.013827433628318585 0.13622291021671826 0.02765486725663717
0 0.6478328173374613 0.01327433628318584 0.1238390092879257 0.024336283185840708
0 0.8421052631578947 0.014933628318584071 0.16873065015479877 0.023230088495575223
0 0.13003095975232198 0.11449115044247787 0.19349845201238391 0.07964601769911504
0 0.3413312693498452 0.14103982300884957 0.19504643962848298 0.08296460176991151
0 0.5936532507739938 0.12721238938053098 0.21517027863777088 0.06305309734513274
0 0.8622291021671826 0.12665929203539822 0.2089783281733746 0.06415929203539823
0 0.09287925696594428 0.24944690265486727 0.17492260061919504 0.05752212389380531
0 0.34210526315789475 0.2560840707964602 0.1873065015479876 0.05088495575221239
0 0.6037151702786377 0.2555309734513274 0.18111455108359134 0.05641592920353982
0 0.8707430340557275 0.2555309734513274 0.1826625386996904 0.05641592920353982
0 0.23297213622291021 0.37444690265486724 0.3637770897832817 0.07079646017699115
0 0.7027863777089783 0.3766592920353982 0.37925696594427244 0.06747787610619468
0 0.0890092879256966 0.49944690265486724 0.1780185758513932 0.05641592920353982
0 0.37306501547987614 0.4817477876106195 0.10681114551083591 0.09292035398230089
0 0.5301857585139319 0.610066371681416 0.7678018575851393 0.10398230088495575
0 0.08746130030959752 0.7505530973451328 0.17492260061919504 0.051991150442477874
0 0.32430340557275544 0.7560840707964602 0.15325077399380804 0.046460176991150445
0 0.5874613003095975 0.7538716814159292 0.16253869969040247 0.05752212389380531
0 0.8490712074303406 0.7594026548672567 0.1563467492260062 0.051991150442477874
0 0.22136222910216719 0.8567477876106194 0.38699690402476783 0.09513274336283185
0 0.7430340557275542 0.879424778761062 0.4969040247678019 0.059734513274336286