0 0.4777604166666667 0.09650190114068441 0.21432291666666667 0.0555893536121673
0 0.83734375 0.057034220532319393 0.06411458333333334 0.032167300380228143
0 0.8503645833333334 0.0723954372623574 0.09015625 0.057034220532319393
0 0.859375 0.08920152091254753 0.044062500000000004 0.032167300380228143
0 0.5118229166666667 0.15574144486692015 0.8233333333333334 0.054106463878326995
0 0.5078125 0.18718631178707223 0.8193229166666667 0.032167300380228143
0 0.47677083333333337 0.21642585551330798 0.4647395833333334 0.02923954372623574
0 0.5038020833333333 0.24570342205323195 0.5188541666666667 0.032167300380228143
0 0.28244791666666663 0.3056273764258555 0.3605729166666667 0.04387832699619772
0 0.5278645833333333 0.3370722433460076 0.4266666666666667 0.03946768060836502
0 0.5078125 0.3655893536121673 0.8313541666666667 0.04095057034220532
0 0.3695833333333333 0.40437262357414444 0.5548958333333334 0.045323193916349806
0 0.47979166666666667 0.43212927756653996 0.43468749999999995 0.042395437262357415
0 0.556875 0.4592015209125475 0.5929687499999999 0.046806083650190115
0 0.5148437499999999 0.5184410646387833 0.4327083333333333 0.045323193916349806
0 0.47578125 0.5549809885931559 0.7552083333333334 0.042395437262357415
0 0.4657291666666667 0.5827756653992395 0.7311458333333333 0.03946768060836502
0 0.5819270833333333 0.6076425855513308 0.6510416666666666 0.03657794676806083
0 0.49078125 0.6449429657794677 0.35656249999999995 0.04387832699619772
0 0.49979166666666663 0.7034220532319392 0.390625 0.04095057034220532
0 0.4978125 0.7392395437262357 0.8072916666666666 0.03946768060836502
0 0.47072916666666664 0.7685171102661598 0.72515625 0.03946768060836502
0 0.5138020833333333 0.794828897338403 0.47875 0.030722433460076047
0 0.5779166666666666 0.8269961977186312 0.6069791666666667 0.0511787072243346
0 0.47677083333333337 0.9001140684410646 0.3125 0.03365019011406844