0 0.4605263157894737 0.030058651026392963 0.2839335180055402 0.05278592375366569
0 0.34349030470914127 0.06451612903225806 0.05263157894736842 0.03372434017595308
0 0.6080332409972299 0.11656891495601172 0.33518005540166207 0.05865102639296188
0 0.8490304709141274 0.14222873900293256 0.10803324099722991 0.09530791788856305
0 0.34210526315789475 0.14736070381231672 0.04709141274238227 0.03225806451612903
0 0.6814404432132964 0.16129032258064516 0.18005540166204986 0.05718475073313783
0 0.5775623268698061 0.19281524926686217 0.278393351800554 0.045454545454545456
0 0.6440443213296398 0.2375366568914956 0.3462603878116344 0.06451612903225806
0 0.6011080332409973 0.31744868035190615 0.2770083102493075 0.0967741935483871
0 0.3448753462603878 0.36950146627565983 0.14127423822714683 0.039589442815249266
0 0.5131578947368421 0.39222873900293254 0.10249307479224377 0.08211143695014662
0 0.724376731301939 0.4046920821114369 0.1523545706371191 0.09970674486803519
0 0.5893351800554016 0.4626099706744868 0.6301939058171745 0.0747800586510264
0 0.6842105263157895 0.5065982404692082 0.5110803324099723 0.0689149560117302
0 0.5630193905817175 0.5535190615835777 0.1786703601108033 0.08504398826979472
0 0.7728531855955678 0.5461876832844574 0.12465373961218837 0.03812316715542522
0 0.46814404432132967 0.6151026392961877 0.3698060941828255 0.0689149560117302
0 0.5810249307479224 0.6590909090909091 0.6274238227146814 0.07917888563049853
0 0.5152354570637119 0.6898826979472141 0.14265927977839335 0.04985337243401759
0 0.49445983379501385 0.7272727272727273 0.5290858725761773 0.07331378299120235
0 0.4168975069252078 0.7661290322580645 0.10526315789473684 0.051319648093841645
0 0.43213296398891965 0.7998533724340176 0.13434903047091412 0.03812316715542522
0 0.5020775623268698 0.843841642228739 0.1038781163434903 0.04105571847507331
0 0.4155124653739612 0.8826979472140762 0.26177285318559557 0.060117302052785926
0 0.1329639889196676 0.9090909090909091 0.1634349030470914 0.051319648093841645
0 0.5782548476454293 0.9354838709677419 0.6398891966759003 0.07624633431085044
0 0.12950138504155126 0.9530791788856305 0.1634349030470914 0.04985337243401759
0 0.5290858725761773 0.9699413489736071 0.5512465373961218 0.060117302052785926
0 0.12049861495844875 0.9780058651026393 0.14265927977839335 0.021994134897360705