0 0.7763714285714286 0.11647619047619047 0.06922857142857143 0.024914285714285715
0 0.3791142857142857 0.12015238095238095 0.14285714285714285 0.03222857142857143
0 0.22967142857142858 0.15091428571428572 0.2022 0.0380952380952381
0 0.26374285714285717 0.1838857142857143 0.2835142857142857 0.030761904761904758
0 0.25934285714285715 0.21171428571428572 0.2813142857142857 0.027847619047619045
0 0.2697857142857143 0.2776571428571429 0.3153857142857143 0.04249523809523809
0 0.29945714285714287 0.3106285714285715 0.3725285714285714 0.04102857142857143
0 0.4192285714285714 0.3406666666666667 0.6142857142857143 0.04249523809523809
0 0.2956 0.37729523809523813 0.3692285714285714 0.04542857142857143
0 0.2835142857142857 0.41318095238095237 0.35824285714285714 0.04396190476190476
0 0.18735714285714286 0.4901142857142857 0.1879142857142857 0.03662857142857143
0 0.19615714285714286 0.5304 0.2033 0.03222857142857143
0 0.1829714285714286 0.568495238095238 0.1813142857142857 0.03222857142857143
0 0.2230714285714286 0.6036571428571429 0.26812857142857144 0.046895238095238094
0 0.32857142857142857 0.6424952380952381 0.48791428571428574 0.05714285714285714
0 0.24121428571428571 0.6893714285714286 0.3175857142857143 0.04542857142857143
0 0.2846142857142857 0.7311428571428572 0.41538571428571425 0.058609523809523806
0 0.3219714285714286 0.7728952380952381 0.4923142857142857 0.06594285714285714
0 0.3076857142857143 0.8183238095238096 0.4769285714285715 0.06594285714285714
0 0.3153857142857143 0.8681333333333333 0.4967 0.07472380952380951
0 0.3472571428571429 0.9084190476190477 0.5670285714285714 0.07325714285714285
0 0.8164857142857143 0.5978095238095239 0.3406571428571429 0.0673904761904762
0 0.7631857142857144 0.6652 0.2230714285714286 0.049809523809523804
0 0.7978000000000001 0.7201523809523809 0.2791142857142857 0.06007619047619048
0 0.7752714285714286 0.7868190476190476 0.2230714285714286 0.049809523809523804
0 0.8203285714285714 0.8454285714285714 0.3066 0.06154285714285715