0 0.5384114583333334 0.12255859375 0.7389322916666666 0.0810546875
0 0.3111979166666667 0.197265625 0.271484375 0.05859375
0 0.50390625 0.2353515625 0.6744791666666666 0.08642578125
0 0.5 0.29443359375 0.66015625 0.07568359375
0 0.365234375 0.3603515625 0.38671875 0.07080078125
0 0.529296875 0.41796875 0.6920572916666666 0.09716796875
0 0.548828125 0.4609375 0.7194010416666666 0.0947265625
0 0.5475260416666666 0.52783203125 0.763671875 0.08251953125
0 0.388671875 0.59765625 0.4440104166666667 0.07470703125
0 0.521484375 0.65673828125 0.7154947916666666 0.07568359375
0 0.2591145833333333 0.73193359375 0.19661458333333334 0.0634765625
0 0.49609375 0.7958984375 0.681640625 0.078125
0 0.4986979166666667 0.8583984375 0.6888020833333334 0.07568359375
0 0.22330729166666666 0.91259765625 0.13541666666666666 0.0556640625