0 0.5283479789103691 0.04485645933014354 0.6041300527240774 0.06578947368421052
0 0.5162565905096661 0.09345693779904306 0.5184534270650264 0.07326555023923445
0 0.281195079086116 0.1756937799043062 0.2504393673110721 0.049342105263157895
0 0.3965377855887522 0.21830143540669855 0.4811072056239016 0.05980861244019139
0 0.2702108963093146 0.25717703349282295 0.22407732864674867 0.05083732057416268
0 0.5360281195079086 0.2945574162679426 0.7776801405975395 0.04784688995215311
0 0.35369068541300525 0.3319377990430622 0.39103690685413006 0.041866028708133975
0 0.34161687170474514 0.3820334928229665 0.35808435852372583 0.06130382775119617
0 0.3350263620386643 0.4171650717703349 0.37126537785588754 0.04784688995215311
0 0.3262390158172232 0.4680023923444976 0.34490333919156413 0.06279904306220095
0 0.2592267135325132 0.4986602870813397 0.20210896309314588 0.03738038277511962
0 0.4349736379613357 0.5442583732057417 0.5536028119507909 0.04485645933014354
0 0.27240773286467485 0.5891148325358851 0.2460456942003515 0.04485645933014354
0 0.3405096660808436 0.628744019138756 0.38224956063268895 0.049342105263157895
0 0.28998242530755713 0.6713516746411483 0.2680140597539543 0.056818181818181816
0 0.27131810193321615 0.705 0.22627416520210897 0.04336124401913875
0 0.3602811950790861 0.7461124401913876 0.4086115992970123 0.04485645933014354
0 0.3020738137082601 0.7834928229665071 0.28339191564147626 0.04485645933014354
0 0.33063268892794373 0.8276076555023923 0.34490333919156413 0.049342105263157895
0 0.3372231985940246 0.8769497607655502 0.35369068541300525 0.0583133971291866
0 0.29217926186291737 0.9150717703349283 0.2680140597539543 0.041866028708133975
0 0.4075219683655536 0.9509569377990431 0.5206502636203867 0.04485645933014354
0 0.8754481546572935 0.9844497607655502 0.23506151142355008 0.03110047846889952