0 0.48412499999999997 0.12797916666666667 0.37301388888888887 0.05059375
0 0.27181944444444445 0.23586458333333335 0.25 0.049104166666666664
0 0.3452361111111111 0.29464583333333333 0.3888888888888889 0.041666666666666664
0 0.4484166666666667 0.3586354166666667 0.6031805555555556 0.047614583333333335
0 0.21230555555555558 0.4226145833333333 0.11904166666666666 0.05059375
0 0.26290277777777776 0.4836354166666667 0.2043611111111111 0.05059375
0 0.43551388888888887 0.5379479166666666 0.5654722222222222 0.0550625
0 0.5555555555555556 0.6004479166666666 0.8452361111111112 0.07589583333333333
0 0.4444444444444444 0.6525312499999999 0.6190416666666666 0.06696875000000001
0 0.34920833333333334 0.7090729166666667 0.42856944444444445 0.061010416666666664
0 0.3293611111111111 0.7700937499999999 0.3928611111111111 0.052083333333333336
0 0.17956944444444442 0.8221770833333333 0.11309722222222224 0.046135416666666665
0 0.19543055555555558 0.8794687499999999 0.19245833333333331 0.041666666666666664