0 0.38412017167381973 0.08118971061093247 0.12660944206008584 0.03697749196141479
0 0.4667381974248927 0.13987138263665594 0.3798283261802575 0.08842443729903537
0 0.5311158798283262 0.31270096463022506 0.5171673819742489 0.11414790996784566
0 0.5515021459227468 0.37942122186495175 0.19742489270386265 0.03697749196141479
0 0.48283261802575106 0.5 0.3626609442060086 0.12379421221864952
0 0.4645922746781116 0.6133440514469454 0.4334763948497854 0.13183279742765272
0 0.48605150214592274 0.7146302250803859 0.37339055793991416 0.07877813504823152
0 0.48605150214592274 0.5514469453376206 0.16523605150214593 0.04501607717041801
0 0.4281115879828326 0.8183279742765274 0.48068669527896996 0.14308681672025725
0 0.7381974248927039 0.7323151125401929 0.10300429184549356 0.05144694533762058
0 0.7188841201716738 0.7765273311897106 0.10300429184549356 0.04340836012861737
0 0.7381974248927039 0.8247588424437299 0.07510729613733906 0.04983922829581994