0 0.3779296875 0.10503472222222222 0.0537109375 0.035590277777777776
0 0.58447265625 0.0842013888888889 0.0830078125 0.042534722222222224
0 0.4873046875 0.17447916666666666 0.2216796875 0.036458333333333336
0 0.51904296875 0.2222222222222222 0.2783203125 0.042534722222222224
0 0.50537109375 0.2517361111111111 0.30908203125 0.041666666666666664
0 0.5048828125 0.2795138888888889 0.3076171875 0.04600694444444445
0 0.5048828125 0.3090277777777778 0.30810546875 0.044270833333333336
0 0.50439453125 0.3359375 0.30712890625 0.044270833333333336
0 0.5048828125 0.3654513888888889 0.306640625 0.043402777777777776
0 0.5 0.3932291666666667 0.29833984375 0.0390625
0 0.50341796875 0.4210069444444444 0.30615234375 0.041666666666666664
0 0.501953125 0.4487847222222222 0.30126953125 0.04513888888888889
0 0.505859375 0.4782986111111111 0.30908203125 0.049479166666666664
0 0.50537109375 0.5060763888888888 0.3076171875 0.043402777777777776
0 0.5029296875 0.5347222222222222 0.3037109375 0.04600694444444445
0 0.5029296875 0.5625 0.30419921875 0.044270833333333336
0 0.50146484375 0.5911458333333334 0.30322265625 0.04079861111111111
0 0.447265625 0.6197916666666666 0.189453125 0.042534722222222224
0 0.51806640625 0.6614583333333334 0.2705078125 0.04774305555555555
0 0.5068359375 0.6892361111111112 0.306640625 0.044270833333333336
0 0.5048828125 0.71875 0.30419921875 0.044270833333333336
0 0.505859375 0.7456597222222222 0.3017578125 0.041666666666666664
0 0.4453125 0.7786458333333334 0.18994140625 0.046875
0 0.482421875 0.8177083333333334 0.20458984375 0.046875
0 0.50634765625 0.8854166666666666 0.125 0.04600694444444445
0 0.59912109375 0.9123263888888888 0.0390625 0.019965277777777776