0 0.313953488372093 0.13046272493573266 0.07308970099667775 0.033419023136246784
0 0.45016611295681064 0.14331619537275064 0.07973421926910298 0.037275064267352186
0 0.563953488372093 0.14138817480719795 0.08471760797342193 0.04113110539845758
0 0.6785714285714286 0.14138817480719795 0.07807308970099668 0.02442159383033419
0 0.19767441860465115 0.16709511568123395 0.14119601328903655 0.03598971722365039
0 0.5016611295681063 0.2120822622107969 0.45514950166112955 0.05269922879177378
0 0.5024916943521595 0.2525706940874036 0.7657807308970099 0.05912596401028278
0 0.47840531561461797 0.2917737789203085 0.7940199335548173 0.061696658097686374
0 0.21926910299003322 0.32519280205655526 0.2807308970099668 0.04884318766066838
0 0.18687707641196014 0.39331619537275064 0.12624584717607973 0.03598971722365039
0 0.29817275747508304 0.7750642673521851 0.36046511627906974 0.05141388174807198
0 0.3712624584717608 0.8097686375321337 0.47674418604651164 0.04113110539845758
0 0.4526578073089701 0.9241645244215938 0.026578073089700997 0.019280205655526992