0 0.4838337182448037 0.11202422145328719 0.6974595842956121 0.06660899653979238
0 0.5098152424942263 0.1980968858131488 0.7551963048498845 0.12197231833910034
0 0.42782909930715934 0.254757785467128 0.45496535796766746 0.056228373702422146
0 0.4942263279445728 0.310121107266436 0.7205542725173211 0.0657439446366782
0 0.4284064665127021 0.3576989619377163 0.45958429561200925 0.05795847750865052
0 0.5132794457274826 0.4078719723183391 0.7575057736720554 0.07179930795847751
0 0.476905311778291 0.45891003460207613 0.558891454965358 0.06660899653979238
0 0.5028868360277137 0.5099480968858131 0.7448036951501155 0.07612456747404844
0 0.43475750577367206 0.5596885813148789 0.4745958429561201 0.06660899653979238
0 0.47748267898383373 0.6068339100346021 0.6882217090069284 0.06660899653979238
0 0.5115473441108545 0.6626297577854672 0.6385681293302541 0.07785467128027682
0 0.5115473441108545 0.7063148788927336 0.7598152424942263 0.07785467128027682
0 0.4740184757505774 0.7647058823529411 0.5600461893764435 0.07785467128027682