0 0.7358356940509915 0.17412451361867703 0.26770538243626063 0.033073929961089495
0 0.2507082152974504 0.2441634241245136 0.23937677053824363 0.05058365758754864
0 0.5198300283286119 0.3035019455252918 0.8753541076487252 0.07782101167315175
0 0.3052407932011331 0.36089494163424124 0.34277620396600567 0.06420233463035019
0 0.48371104815864024 0.41050583657587547 0.8073654390934845 0.06614785992217899
0 0.44192634560906513 0.4591439688715953 0.7351274787535411 0.07003891050583658
0 0.3881019830028329 0.5155642023346303 0.4943342776203966 0.07392996108949416
0 0.4468838526912181 0.5622568093385214 0.7478753541076487 0.06809338521400778
0 0.7195467422096318 0.622568093385214 0.2790368271954674 0.07587548638132295
0 0.08994334277620397 0.6546692607003891 0.031161473087818695 0.03696498054474708
0 0.3604815864022663 0.7120622568093385 0.3937677053824363 0.06809338521400778
0 0.5396600566572238 0.8122568093385214 0.7606232294617564 0.08171206225680934
0 0.4398016997167139 0.8900778210116731 0.09915014164305949 0.07976653696498054
0 0.6558073654390935 0.8939688715953308 0.15439093484419264 0.042801556420233464
0 0.6296033994334278 0.9678988326848249 0.17988668555240794 0.05252918287937743