0 0.14551083591331268 0.10823170731707317 0.14241486068111456 0.12804878048780488
0 0.37925696594427244 0.10746951219512195 0.14860681114551083 0.12804878048780488
0 0.5588235294117647 0.10442073170731707 0.14551083591331268 0.13109756097560976
0 0.7345201238390093 0.09908536585365854 0.14086687306501547 0.12957317073170732
0 0.9094427244582043 0.09679878048780488 0.14396284829721362 0.12804878048780488
0 0.15015479876160992 0.22713414634146342 0.1346749226006192 0.12347560975609756
0 0.15092879256965944 0.3407012195121951 0.1393188854489164 0.12652439024390244
0 0.15247678018575853 0.4565548780487805 0.1346749226006192 0.12195121951219512
0 0.15479876160990713 0.5739329268292683 0.1346749226006192 0.125
0 0.1540247678018576 0.6882621951219512 0.1393188854489164 0.12652439024390244
0 0.15944272445820434 0.801829268292683 0.1393188854489164 0.12804878048780488
0 0.16253869969040247 0.9199695121951219 0.13777089783281735 0.12652439024390244
0 0.1609907120743034 0.9832317073170732 0.13622291021671826 0.03353658536585366