0 0.529379157427938 0.03871499176276771 0.6507760532150776 0.051894563426688634
0 0.4035476718403548 0.12767710049423395 0.458980044345898 0.05518945634266886
0 0.5792682926829268 0.17504118616144976 0.7638580931263859 0.054365733113673806
0 0.37583148558758317 0.2129324546952224 0.311529933481153 0.05683690280065898
0 0.23337028824833703 0.25658978583196046 0.18514412416851442 0.03789126853377265
0 0.5587583148558758 0.31054365733113676 0.7472283813747228 0.051894563426688634
0 0.5598669623059866 0.3542009884678748 0.8802660753880266 0.05271828665568369
0 0.5582039911308204 0.4011532125205931 0.8835920177383592 0.06754530477759473
0 0.5570953436807096 0.4559308072487644 0.8802660753880266 0.05518945634266886
0 0.5776053215077606 0.5086490939044481 0.8392461197339246 0.06919275123558484
0 0.5543237250554324 0.5663097199341022 0.8913525498891353 0.07166392092257001
0 0.5543237250554324 0.6190280065897859 0.8913525498891353 0.07825370675453047
0 0.5476718403547672 0.6746293245469522 0.8747228381374723 0.07907742998352553
0 0.380820399113082 0.7219934102141681 0.5465631929046563 0.06919275123558484
0 0.5825942350332595 0.7825370675453048 0.8348115299334812 0.07907742998352553
0 0.541019955654102 0.8397858319604613 0.917960088691796 0.07825370675453047
0 0.5432372505543237 0.8916803953871499 0.9135254988913526 0.07990115321252059
0 0.541019955654102 0.9551070840197694 0.917960088691796 0.07990115321252059