0 0.21487603305785125 0.08967391304347826 0.0371900826446281 0.03260869565217391
0 0.3512396694214876 0.08967391304347826 0.05371900826446281 0.03804347826086957
0 0.40082644628099173 0.14402173913043478 0.4669421487603306 0.11413043478260869
0 0.5578512396694215 0.23641304347826086 0.8016528925619835 0.11413043478260869
0 0.44008264462809915 0.3016304347826087 0.5950413223140496 0.09239130434782608
0 0.07231404958677685 0.358695652173913 0.07024793388429752 0.10326086956521739
0 0.5247933884297521 0.35597826086956524 0.30578512396694213 0.07065217391304347
0 0.5785123966942148 0.39402173913043476 0.8429752066115702 0.1358695652173913
0 0.5454545454545454 0.45652173913043476 0.8099173553719008 0.125
0 0.4152892561983471 0.5054347826086957 0.5413223140495868 0.09782608695652174
0 0.5764462809917356 0.5625 0.8264462809917356 0.11413043478260869
0 0.5475206611570248 0.6222826086956522 0.8305785123966942 0.11956521739130435
0 0.5619834710743802 0.6657608695652174 0.871900826446281 0.11956521739130435
0 0.5351239669421488 0.7228260869565217 0.8140495867768595 0.10326086956521739
0 0.5619834710743802 0.779891304347826 0.8677685950413223 0.10869565217391304
0 0.5475206611570248 0.845108695652174 0.8388429752066116 0.11413043478260869
0 0.5578512396694215 0.8994565217391305 0.8760330578512396 0.11956521739130435
0 0.2190082644628099 0.9538043478260869 0.19834710743801653 0.07608695652173914