0 0.4324644549763033 0.03278688524590164 0.8175355450236966 0.06352459016393443
0 0.43364928909952605 0.10553278688524591 0.8246445497630331 0.07172131147540983
0 0.43601895734597157 0.1721311475409836 0.8293838862559242 0.07377049180327869
0 0.4549763033175355 0.24282786885245902 0.8507109004739336 0.07377049180327869
0 0.4549763033175355 0.3135245901639344 0.8507109004739336 0.07377049180327869
0 0.4395734597156398 0.3862704918032787 0.8293838862559242 0.06967213114754098
0 0.4419431279620853 0.44979508196721313 0.8412322274881516 0.06147540983606557
0 0.44075829383886256 0.5266393442622951 0.8127962085308057 0.06967213114754098
0 0.4561611374407583 0.5963114754098361 0.8412322274881516 0.07377049180327869
0 0.3400473933649289 0.6649590163934426 0.6161137440758294 0.06557377049180328
0 0.07938388625592417 0.8422131147540983 0.06635071090047394 0.018442622950819672
0 0.7274881516587678 0.8790983606557377 0.3957345971563981 0.07172131147540983