0 0.19265232974910393 0.07305630026809651 0.3673835125448029 0.06300268096514745
0 0.04121863799283154 0.10388739946380697 0.06451612903225806 0.036193029490616625
0 0.18189964157706093 0.13605898123324398 0.34946236559139787 0.045576407506702415
0 0.703405017921147 0.08579088471849866 0.460573476702509 0.054959785522788206
0 0.7150537634408602 0.12801608579088472 0.17204301075268819 0.04825737265415549
0 0.578853046594982 0.1554959785522788 0.2921146953405018 0.049597855227882036
0 0.8906810035842294 0.17493297587131368 0.2168458781362007 0.049597855227882036
0 0.25806451612903225 0.2017426273458445 0.08422939068100359 0.03351206434316354
0 0.6872759856630825 0.2205093833780161 0.31899641577060933 0.040214477211796246
0 0.22132616487455198 0.2808310991957105 0.17562724014336917 0.09651474530831099
0 0.6783154121863799 0.29222520107238603 0.5591397849462365 0.06970509383378017
0 0.53584229390681 0.4195710455764075 0.9283154121863799 0.07506702412868632
0 0.21594982078853048 0.46112600536193027 0.2992831541218638 0.05093833780160858
0 0.4327956989247312 0.514745308310992 0.16487455197132617 0.04825737265415549
0 0.5636200716845878 0.5697050938337802 0.8709677419354839 0.08445040214477212
0 0.5259856630824373 0.6233243967828418 0.9444444444444444 0.08579088471849866
0 0.521505376344086 0.6789544235924933 0.9498207885304659 0.0938337801608579
0 0.5188172043010753 0.7312332439678284 0.953405017921147 0.08847184986595175
0 0.5170250896057348 0.7848525469168901 0.9551971326164874 0.08310991957104558
0 0.5125448028673835 0.8404825737265416 0.9605734767025089 0.09249329758713137
0 0.2956989247311828 0.9014745308310992 0.5501792114695341 0.08445040214477212