0 0.13131774707757704 0.017474348855564325 0.15029755579171095 0.030441988950276243
0 0.8220722635494155 0.01127861089187056 0.31729011689691816 0.02254932912391476
0 0.5351434643995749 0.07103393843725335 0.6239532412327311 0.04961325966850829
0 0.41445270988310307 0.15616416732438834 0.4402656748140277 0.052991318074191
0 0.5829649309245484 0.20182320441988952 0.7317428267800213 0.0518626677190213
0 0.38788522848034007 0.23790844514601422 0.29907545164718385 0.05411996842936069
0 0.2512539851222104 0.27962904498816105 0.1776195536663124 0.036077348066298344
0 0.563230605738576 0.3314917127071823 0.7165674814027629 0.04961325966850829
0 0.5713496280552604 0.3737726913970008 0.8572901168969183 0.050741910023677984
0 0.5698299681190223 0.41887134964483036 0.8603294367693943 0.06426992896606157
0 0.561710945802338 0.47074191002367793 0.8440913921360255 0.052991318074191
0 0.5814452709883103 0.5214759273875297 0.8046121147715196 0.06652722967640096
0 0.5660361317747078 0.57672454617206 0.8679171094580235 0.06877663772691398
0 0.5660361317747078 0.6274664561957379 0.8679171094580235 0.07554064719810576
0 0.5526036131774708 0.6804577742699289 0.8380127523910734 0.07554064719810576
0 0.39244420828905424 0.7255643251775848 0.5237619553666313 0.06652722967640096
0 0.5933687566418704 0.784191002367798 0.8132731137088204 0.07554064719810576
0 0.553134962805526 0.8388792423046566 0.8937300743889479 0.07441988950276243
0 0.5554091392136026 0.8884846093133386 0.8891710945802338 0.07666929755327545
0 0.5472901168969182 0.9493764798737173 0.8820403825717322 0.07666929755327545