0 0.38696369636963696 0.027353689567430027 0.7541254125412541 0.054707379134860054
0 0.39686468646864687 0.04643765903307888 0.7772277227722773 0.09287531806615776
0 0.2566006600660066 0.08651399491094147 0.46864686468646866 0.07124681933842239
0 0.14026402640264027 0.16157760814249364 0.24092409240924093 0.04834605597964377
0 0.43316831683168316 0.1717557251908397 0.7722772277227723 0.09033078880407125
0 0.4273927392739274 0.2035623409669211 0.7871287128712872 0.09287531806615776
0 0.15181518151815182 0.2627226463104326 0.21617161716171618 0.05089058524173028
0 0.30445544554455445 0.2818066157760814 0.25577557755775576 0.03816793893129771
0 0.43316831683168316 0.3059796437659033 0.740924092409241 0.07506361323155217
0 0.2367986798679868 0.3479643765903308 0.35973597359735976 0.04961832061068702
0 0.43481848184818483 0.36959287531806617 0.7524752475247525 0.07633587786259542
0 0.11386138613861387 0.4211195928753181 0.09735973597359736 0.031806615776081425
0 0.1419141914191419 0.477735368956743 0.14356435643564355 0.04834605597964377
0 0.30775577557755773 0.5012722646310432 0.16996699669966997 0.035623409669211195
0 0.4405940594059406 0.5604325699745547 0.5544554455445545 0.058524173027989825
0 0.17244224422442245 0.6342239185750637 0.21287128712871287 0.039440203562340966
0 0.12706270627062707 0.6711195928753181 0.08085808580858085 0.03307888040712468
0 0.4282178217821782 0.6965648854961832 0.7178217821782178 0.04580152671755725
0 0.3778877887788779 0.7302798982188295 0.6237623762376238 0.043256997455470736
0 0.3886138613861386 0.7652671755725191 0.6518151815181518 0.04834605597964377
0 0.4471947194719472 0.7951653944020356 0.7673267326732673 0.04961832061068702
0 0.4430693069306931 0.8352417302798982 0.7260726072607261 0.04961832061068702
0 0.3259075907590759 0.8651399491094147 0.5198019801980198 0.05343511450381679
0 0.13943894389438943 0.9402035623409669 0.13861386138613863 0.039440203562340966