0 0.3640057224606581 0.050697084917617236 0.21300429184549355 0.08449936628643853
0 0.5301287553648069 0.10913814955640051 0.7296137339055794 0.0661850443599493
0 0.5038912732474965 0.15913814955640052 0.6549070100143061 0.05351077313054499
0 0.5573390557939913 0.20595690747782003 0.7522603719599429 0.05491761723700887
0 0.434549356223176 0.2603548795944233 0.478068669527897 0.058086185044359945
0 0.4250071530758226 0.305234474017744 0.41369098712446356 0.059150823827629914
0 0.5633047210300429 0.35963244613434725 0.7355793991416308 0.07076045627376426
0 0.45183118741058653 0.4129657794676806 0.5126323319027182 0.06759188846641317
0 0.5758226037195995 0.45627376425855515 0.7343776824034335 0.059150823827629914
0 0.3987839771101574 0.5486945500633714 0.2944635193133047 0.07076045627376426
0 0.5710586552217454 0.6073130544993663 0.7534620886981401 0.06759188846641317
0 0.5358798283261802 0.652192648922687 0.6735765379113018 0.051749049429657794
0 0.5221745350500715 0.7055386565272497 0.6294706723891274 0.061254752851711024
0 0.5126323319027182 0.7535868187579214 0.6390128755364807 0.060202788339670466
0 0.5293276108726752 0.803764258555133 0.6485407725321888 0.061254752851711024
0 0.4428898426323319 0.8465399239543726 0.08702432045779684 0.041191381495564006
0 0.5609155937052932 0.9035741444866919 0.7331902718168812 0.058086185044359945
0 0.581788268955651 0.9505703422053232 0.7844492131616596 0.06759188846641317