0 0.6822916666666666 0.1123046875 0.2890625 0.17724609375
0 0.41015625 0.19921875 0.6575520833333334 0.08056640625
0 0.3580729166666667 0.23388671875 0.556640625 0.0556640625
0 0.3372395833333333 0.287109375 0.5188802083333334 0.0703125
0 0.3736979166666667 0.3359375 0.5983072916666666 0.08154296875
0 0.4850260416666667 0.380859375 0.8111979166666666 0.07666015625
0 0.5032552083333334 0.431640625 0.8645833333333334 0.07421875
0 0.2884114583333333 0.46923828125 0.4212239583333333 0.06787109375
0 0.3483072916666667 0.51904296875 0.5501302083333334 0.07275390625
0 0.296875 0.5654296875 0.451171875 0.07421875
0 0.3639322916666667 0.6044921875 0.5885416666666666 0.06298828125
0 0.3743489583333333 0.654296875 0.61328125 0.05810546875