0 0.47558922558922556 0.11753246753246753 0.6936026936026936 0.05844155844155844
0 0.1717171717171717 0.14545454545454545 0.08080808080808081 0.03506493506493506
0 0.5925925925925926 0.15 0.03872053872053872 0.03116883116883117
0 0.22306397306397308 0.19415584415584416 0.08922558922558922 0.033766233766233764
0 0.24242424242424243 0.22077922077922077 0.12962962962962962 0.03116883116883117
0 0.2222222222222222 0.2688311688311688 0.08922558922558922 0.03116883116883117
0 0.23316498316498316 0.30194805194805197 0.1127946127946128 0.023376623376623377
0 0.2297979797979798 0.3396103896103896 0.10774410774410774 0.023376623376623377
0 0.2112794612794613 0.44935064935064933 0.18013468013468015 0.03636363636363636
0 0.17255892255892255 0.488961038961039 0.09932659932659933 0.02207792207792208
0 0.17929292929292928 0.535064935064935 0.11784511784511785 0.03506493506493506
0 0.17676767676767677 0.5746753246753247 0.10774410774410774 0.032467532467532464
0 0.16161616161616163 0.6019480519480519 0.08417508417508418 0.025974025974025976
0 0.15572390572390574 0.6441558441558441 0.07744107744107744 0.02207792207792208
0 0.45875420875420875 0.9103896103896104 0.037037037037037035 0.02207792207792208
0 0.6346801346801347 0.19480519480519481 0.12289562289562289 0.045454545454545456
0 0.8973063973063973 0.05519480519480519 0.1127946127946128 0.04935064935064935
0 0.6144781144781145 0.2305194805194805 0.08417508417508418 0.02077922077922078
0 0.6422558922558923 0.2714285714285714 0.13804713804713806 0.04415584415584416
0 0.6220538720538721 0.30324675324675326 0.10437710437710437 0.02857142857142857
0 0.6498316498316499 0.3474025974025974 0.16161616161616163 0.045454545454545456
0 0.6405723905723906 0.4603896103896104 0.1531986531986532 0.04415584415584416
0 0.617003367003367 0.4928571428571429 0.1026936026936027 0.032467532467532464
0 0.6069023569023569 0.5311688311688312 0.07912457912457913 0.02857142857142857
0 0.6279461279461279 0.5753246753246753 0.12626262626262627 0.04285714285714286
0 0.6237373737373737 0.6077922077922078 0.11784511784511785 0.032467532467532464
0 0.6153198653198653 0.6545454545454545 0.10606060606060606 0.03896103896103896