0 0.34782608695652173 0.05737704918032787 0.45108695652173914 0.05327868852459016
0 0.7391304347826086 0.028688524590163935 0.07065217391304347 0.02459016393442623
0 0.7445652173913043 0.05122950819672131 0.10869565217391304 0.028688524590163935
0 0.7445652173913043 0.06762295081967214 0.059782608695652176 0.020491803278688523
0 0.42934782608695654 0.11885245901639344 0.782608695652174 0.040983606557377046
0 0.45108695652173914 0.15778688524590165 0.8097826086956522 0.05327868852459016
0 0.4266304347826087 0.18442622950819673 0.7663043478260869 0.05737704918032787
0 0.3858695652173913 0.21721311475409835 0.6847826086956522 0.04918032786885246
0 0.3342391304347826 0.2459016393442623 0.592391304347826 0.05327868852459016
0 0.4592391304347826 0.3012295081967213 0.592391304347826 0.05327868852459016
0 0.421195652173913 0.3360655737704918 0.3695652173913043 0.04918032786885246
0 0.45108695652173914 0.39139344262295084 0.5815217391304348 0.04918032786885246
0 0.35597826086956524 0.42213114754098363 0.2554347826086957 0.03278688524590164
0 0.4429347826086957 0.4774590163934426 0.7989130434782609 0.04918032786885246
0 0.40217391304347827 0.5122950819672131 0.7065217391304348 0.04918032786885246
0 0.3532608695652174 0.5430327868852459 0.6195652173913043 0.04918032786885246
0 0.4483695652173913 0.6045081967213115 0.5760869565217391 0.05737704918032787
0 0.41847826086956524 0.6352459016393442 0.33695652173913043 0.040983606557377046
0 0.453804347826087 0.6926229508196722 0.6032608695652174 0.045081967213114756
0 0.4429347826086957 0.7520491803278688 0.8043478260869565 0.06557377049180328
0 0.42391304347826086 0.7848360655737705 0.7717391304347826 0.04918032786885246
0 0.41847826086956524 0.8155737704918032 0.7391304347826086 0.06557377049180328
0 0.20923913043478262 0.8524590163934426 0.30434782608695654 0.036885245901639344
0 0.46195652173913043 0.9016393442622951 0.5815217391304348 0.06557377049180328
0 0.4891304347826087 0.9610655737704918 0.6358695652173914 0.05737704918032787