0 0.2858606557377049 0.04950495049504951 0.22336065573770492 0.0231023102310231
0 0.8247950819672131 0.04785478547854786 0.10040983606557377 0.0231023102310231
0 0.5266393442622951 0.09735973597359736 0.7008196721311475 0.019801980198019802
0 0.5256147540983607 0.11468646864686469 0.6987704918032787 0.02145214521452145
0 0.5286885245901639 0.12871287128712872 0.6967213114754098 0.019801980198019802
0 0.5256147540983607 0.14521452145214522 0.6987704918032787 0.019801980198019802
0 0.4067622950819672 0.1617161716171617 0.4610655737704918 0.019801980198019802
0 0.5256147540983607 0.2202970297029703 0.7028688524590164 0.06105610561056106
0 0.5358606557377049 0.2764026402640264 0.6987704918032787 0.06765676567656766
0 0.5163934426229508 0.3333333333333333 0.7008196721311475 0.06930693069306931
0 0.5420081967213115 0.38531353135313534 0.7315573770491803 0.06435643564356436
0 0.5420081967213115 0.44636963696369636 0.7274590163934426 0.06765676567656766
0 0.5317622950819673 0.5016501650165016 0.7151639344262295 0.07260726072607261
0 0.5368852459016393 0.5594059405940595 0.7377049180327869 0.066006600660066
0 0.507172131147541 0.6179867986798679 0.6782786885245902 0.06765676567656766
0 0.48770491803278687 0.66996699669967 0.6270491803278688 0.066006600660066
0 0.5450819672131147 0.7235973597359736 0.75 0.06435643564356436
0 0.21106557377049182 0.8671617161716172 0.06147540983606557 0.02145214521452145