0 0.7421383647798742 0.012626262626262626 0.10062893081761007 0.025252525252525252
0 0.5911949685534591 0.05303030303030303 0.07232704402515723 0.05555555555555555
0 0.7751572327044025 0.04292929292929293 0.27358490566037735 0.06060606060606061
0 0.7342767295597484 0.08585858585858586 0.18238993710691823 0.05555555555555555
0 0.7594339622641509 0.12373737373737374 0.3490566037735849 0.0707070707070707
0 0.7987421383647799 0.15656565656565657 0.24528301886792453 0.0707070707070707
0 0.7767295597484277 0.1994949494949495 0.3836477987421384 0.07575757575757576
0 0.75 0.24494949494949494 0.42138364779874216 0.08080808080808081
0 0.7594339622641509 0.2777777777777778 0.44339622641509435 0.09090909090909091
0 0.7547169811320755 0.32323232323232326 0.4371069182389937 0.07575757575757576
0 0.7625786163522013 0.3686868686868687 0.4528301886792453 0.08080808080808081
0 0.7248427672955975 0.4065656565656566 0.3805031446540881 0.0707070707070707
0 0.7861635220125787 0.4444444444444444 0.4025157232704403 0.09090909090909091
0 0.7610062893081762 0.4898989898989899 0.4559748427672956 0.08080808080808081
0 0.7641509433962265 0.5277777777777778 0.4716981132075472 0.06565656565656566
0 0.779874213836478 0.6060606060606061 0.42138364779874216 0.0707070707070707
0 0.7625786163522013 0.6414141414141414 0.4748427672955975 0.0707070707070707
0 0.7625786163522013 0.6919191919191919 0.4748427672955975 0.08080808080808081
0 0.7641509433962265 0.7474747474747475 0.4716981132075472 0.09090909090909091
0 0.7264150943396226 0.7929292929292929 0.39937106918238996 0.10606060606060606
0 0.8349056603773585 0.8914141414141414 0.1949685534591195 0.07575757575757576
0 0.8427672955974843 0.9545454545454546 0.1540880503144654 0.07575757575757576