0 0.5388317757009345 0.20109018830525274 0.4577102803738318 0.1483647175421209
0 0.54 0.2972348860257681 0.4211214953271028 0.07500495540138752
0 0.5964641744548287 0.329573835480674 0.3081931464174455 0.0623587710604559
0 0.6537071651090343 0.37368681863230924 0.24353582554517134 0.05342913776015857
0 0.6188473520249221 0.42262636273538157 0.27898753894080996 0.06209117938553023
0 0.628785046728972 0.4625173439048563 0.16255451713395638 0.0467195242814668
0 0.5911993769470405 0.4981962338949455 0.24705607476635516 0.06454905847373636
0 0.5744548286604362 0.5475123885034688 0.39267912772585667 0.06999008919722498
0 0.651760124610592 0.6166402378592667 0.263006230529595 0.09525272547076313
0 0.6533177570093458 0.6617443012884044 0.32219626168224297 0.05460852329038652
0 0.6677258566978194 0.707591674925669 0.2248442367601246 0.06698711595639247
0 0.5931464174454829 0.7585133795837463 0.30546728971962617 0.0716848364717542
0 0.7154205607476636 0.8177304261645194 0.20732087227414328 0.03747274529236869
0 0.6595482866043614 0.8399108027750248 0.18514018691588785 0.030287413280475718
0 0.7195171339563863 0.8722497522299306 0.18045171339563862 0.05728444003964321