0 0.4951076923076923 0.014236453201970443 0.5553538461538462 0.028460591133004927
0 0.5028 0.05038177339901478 0.5946769230769231 0.055788177339901476
0 0.47819999999999996 0.1001847290640394 0.354 0.06562807881773398
0 0.4421230769230769 0.15232758620689654 0.4698923076923077 0.06261083743842365
0 0.5559538461538461 0.20310344827586205 0.8274769230769231 0.06779556650246304
0 0.5205692307692308 0.25222906403940887 0.8763692307692308 0.06532019704433498
0 0.5311692307692307 0.30135467980295566 0.890723076923077 0.06285714285714286
0 0.5313384615384615 0.3499384236453202 0.8876461538461539 0.06147783251231527
0 0.5280923076923076 0.4050985221674877 0.8914 0.06885467980295566
0 0.5309999999999999 0.45025862068965516 0.8938 0.06062807881773399
0 0.5193846153846154 0.4945935960591133 0.8705538461538461 0.0595320197044335
0 0.5038307692307692 0.5530295566502463 0.8360307692307691 0.06033251231527094
0 0.5354461538461539 0.6059852216748769 0.8958461538461537 0.0720935960591133
0 0.5118615384615385 0.6586822660098522 0.8555076923076924 0.06798029556650247
0 0.5291230769230769 0.7006896551724139 0.8866153846153846 0.0578448275862069
0 0.5263846153846153 0.7588546798029557 0.8811538461538462 0.06466748768472906
0 0.5026307692307692 0.8137315270935961 0.8302153846153846 0.06711822660098522
0 0.5279230769230769 0.8653201970443349 0.8808 0.06519704433497536
0 0.1824923076923077 0.9152709359605912 0.19336923076923077 0.044655172413793104
0 0.19975384615384617 0.9663177339901478 0.22447692307692307 0.04383004926108375
0 0.6120461538461538 0.9574261083743841 0.28323076923076923 0.04793103448275862