0 0.5526675977653631 0.06784968684759916 0.6145251396648045 0.07008350730688935
0 0.4938128491620112 0.10512526096033402 0.2454050279329609 0.049206680584551146
0 0.6005586592178771 0.15061586638830896 0.5945670391061452 0.06263048016701461
0 0.563645251396648 0.2348643006263048 0.6364664804469273 0.0641231732776618
0 0.49879888268156425 0.275125260960334 0.25937150837988826 0.055177453027139875
0 0.5546648044692737 0.3191127348643006 0.37110335195530725 0.04473903966597077
0 0.5606564245810056 0.4160438413361169 0.6344832402234637 0.06263048016701461
0 0.48981843575418993 0.4600313152400835 0.2454050279329609 0.05219206680584551
0 0.4728631284916201 0.5107411273486431 0.35515363128491617 0.06113778705636743
0 0.5816061452513966 0.6046868475991649 0.6923324022346369 0.0641231732776618
0 0.5566620111731844 0.6516597077244258 0.25139664804469275 0.05964509394572025
0 0.5756145251396648 0.7023590814196242 0.5566620111731844 0.05667014613778706
0 0.5616480446927374 0.8074843423799583 0.6643994413407821 0.07306889352818371
0 0.4888268156424581 0.8559498956158664 0.255391061452514 0.05667014613778706
0 0.4798463687150838 0.9118684759916493 0.36512569832402236 0.07306889352818371
0 0.5247346368715083 0.9498956158663883 0.5985614525139664 0.0745615866388309