0 0.4916158536585366 0.04369918699186992 0.6935975609756098 0.08739837398373984
0 0.4801829268292683 0.10670731707317073 0.6585365853658537 0.1016260162601626
0 0.47789634146341464 0.17682926829268292 0.6509146341463414 0.10975609756097561
0 0.4839939024390244 0.23170731707317074 0.6432926829268293 0.08536585365853659
0 0.4679878048780488 0.31402439024390244 0.6265243902439024 0.11788617886178862
0 0.4695121951219512 0.3638211382113821 0.6326219512195121 0.11788617886178862
0 0.23246951219512196 0.46646341463414637 0.16158536585365854 0.11178861788617886
0 0.6417682926829268 0.5558943089430894 0.2728658536585366 0.08536585365853659
0 0.6966463414634146 0.7022357723577236 0.2972560975609756 0.1524390243902439
0 0.7004573170731707 0.8211382113821138 0.3246951219512195 0.12195121951219512
0 0.7355182926829268 0.9054878048780488 0.42378048780487804 0.12804878048780488
0 0.9214939024390244 0.9573170731707317 0.15701219512195122 0.06097560975609756
0 0.9428353658536586 0.9766260162601627 0.07774390243902439 0.032520325203252036