0 0.5070824175824176 0.10518945634266887 0.4658131868131868 0.06695222405271829
0 0.2912582417582418 0.2622570016474465 0.27629120879120883 0.06911037891268534
0 0.7046978021978022 0.2742009884678748 0.2258791208791209 0.09739703459637561
0 0.2874175824175824 0.3659225700164745 0.18435714285714283 0.07869851729818782
0 0.7037857142857143 0.38253706754530475 0.1691043956043956 0.0921499176276771
0 0.2931813186813187 0.4841350906095552 0.3076043956043956 0.07565897858319603
0 0.7046043956043957 0.49415980230642503 0.2788076923076923 0.06934102141680396
0 0.296478021978022 0.5976853377265239 0.29222527472527476 0.06546952224052718
0 0.7100989010989012 0.6050988467874794 0.21653846153846154 0.07810543657331136
0 0.29043406593406595 0.7197446457990115 0.26914835164835166 0.08769357495881383
0 0.7093681318681319 0.7382784184514003 0.25902747252747255 0.10279242174629324
0 0.28201098901098903 0.8540280065897858 0.23764835164835163 0.1321499176276771
0 0.7063461538461538 0.8542998352553541 0.2767912087912088 0.09315485996705107