0 0.5059629629629631 0.06314285714285715 0.1574074074074074 0.04102857142857143
0 0.5013333333333334 0.1263142857142857 0.30951851851851847 0.048971428571428575
0 0.42659259259259263 0.17731428571428573 0.7473703703703704 0.038771428571428575
0 0.38755555555555554 0.2115142857142857 0.6772592592592593 0.03774285714285715
0 0.4781851851851852 0.2502857142857143 0.8558148148148148 0.03774285714285715
0 0.44907407407407407 0.2824285714285714 0.8029259259259259 0.030600000000000002
0 0.12237037037037037 0.31865714285714286 0.15477777777777776 0.025514285714285715
0 0.45437037037037037 0.38877142857142855 0.7949629629629629 0.038771428571428575
0 0.40940740740740744 0.42551428571428573 0.7050370370370371 0.038771428571428575
0 0.39681481481481484 0.4627428571428572 0.6825555555555555 0.0398
0 0.43848148148148147 0.49948571428571426 0.7605925925925926 0.0398
0 0.418 0.5586857142857142 0.7116296296296296 0.03571428571428571
0 0.43122222222222223 0.5964285714285714 0.7354444444444445 0.0398
0 0.48148148148148145 0.6346857142857143 0.828037037037037 0.038771428571428575
0 0.123 0.6642857142857143 0.1164074074074074 0.030600000000000002
0 0.4689259259259259 0.7020285714285714 0.8161481481481482 0.04082857142857143
0 0.1745925925925926 0.9392857142857143 0.16137037037037036 0.0194
0 0.3452222222222222 0.9398 0.07407407407407407 0.020399999999999998
0 0.5046296296296297 0.9392857142857143 0.08333333333333333 0.017342857142857142
0 0.6798888888888889 0.9367428571428572 0.10581481481481482 0.020399999999999998
0 0.8571481481481482 0.9403142857142858 0.19048148148148147 0.029599999999999998