0 0.5477641277641278 0.0958080808080808 0.6272481572481572 0.07575757575757576
0 0.5101965601965602 0.1530050505050505 0.8064864864864865 0.0623989898989899
0 0.11778869778869779 0.21315656565656566 0.1430958230958231 0.054949494949494956
0 0.4993611793611794 0.28075757575757576 0.7761179361179361 0.07131313131313131
0 0.4610565110565111 0.3371969696969697 0.8209336609336609 0.0623989898989899
0 0.4675429975429975 0.40477272727272723 0.8252579852579852 0.06684343434343434
0 0.45886977886977887 0.4671717171717172 0.8137100737100738 0.06684343434343434
0 0.47840294840294845 0.5288131313131313 0.8411547911547912 0.06833333333333333
0 0.4718918918918919 0.5912121212121212 0.8368304668304668 0.06535353535353534
0 0.4798280098280098 0.6506313131313131 0.8585012285012286 0.06833333333333333
0 0.47911547911547914 0.7152525252525253 0.8570515970515971 0.06386363636363636
0 0.46538083538083536 0.7768939393939394 0.844054054054054 0.06833333333333333
0 0.26014742014742015 0.8370454545454546 0.42781326781326784 0.06982323232323231
0 0.4892383292383293 0.9009090909090909 0.7732432432432432 0.06684343434343434
0 0.16692874692874693 0.9625757575757576 0.24137592137592137 0.050505050505050504