0 0.4202186588921282 0.07709844559585492 0.3153644314868805 0.11577720207253886
0 0.9309912536443148 0.050025906735751295 0.06575801749271137 0.0533419689119171
0 0.9548979591836734 0.08033678756476684 0.04943148688046647 0.028963730569948186
0 0.4884985422740525 0.23253886010362695 0.7711661807580175 0.11575129533678756
0 0.4450583090379009 0.3181865284974093 0.7542565597667638 0.12323834196891192
0 0.5128425655976676 0.3821761658031088 0.8752332361516034 0.10404145077720206
0 0.5272011661807581 0.4554922279792746 0.9083236151603499 0.10766839378238342
0 0.5180903790087464 0.5440932642487047 0.9032215743440234 0.11696891191709845
0 0.3799854227405248 0.6231347150259068 0.6197230320699708 0.10917098445595855
0 0.5452769679300291 0.7034455958549222 0.7404081632653061 0.11435233160621762
0 0.5049708454810496 0.7967098445595854 0.8944752186588921 0.11432642487046633
0 0.15814868804664722 0.8774352331606218 0.18188046647230321 0.06430051813471503
0 0.7957142857142857 0.9192746113989637 0.360801749271137 0.0816580310880829