0 0.49725274725274726 0.07 0.22527472527472528 0.06
0 0.8791208791208791 0.028 0.06593406593406594 0.032
0 0.8928571428571429 0.044 0.09340659340659341 0.06
0 0.9010989010989011 0.062 0.04395604395604396 0.032
0 0.5357142857142857 0.132 0.8681318681318682 0.056
0 0.5302197802197802 0.164 0.8626373626373627 0.032
0 0.49725274725274726 0.196 0.489010989010989 0.032
0 0.5247252747252747 0.226 0.5494505494505495 0.032
0 0.29120879120879123 0.29 0.3791208791208791 0.048
0 0.5521978021978022 0.322 0.45054945054945056 0.04
0 0.5302197802197802 0.352 0.8791208791208791 0.044
0 0.38461538461538464 0.394 0.5879120879120879 0.048
0 0.5 0.422 0.45604395604395603 0.044
0 0.5824175824175825 0.452 0.6263736263736264 0.048
0 0.5384615384615384 0.514 0.45604395604395603 0.048
0 0.49725274725274726 0.552 0.7967032967032966 0.044
0 0.48626373626373626 0.582 0.7692307692307693 0.04
0 0.6071428571428571 0.608 0.6868131868131868 0.04
0 0.510989010989011 0.646 0.37362637362637363 0.048
0 0.521978021978022 0.708 0.41208791208791207 0.044
0 0.5192307692307693 0.746 0.8516483516483516 0.04
0 0.49175824175824173 0.776 0.7637362637362637 0.04
0 0.5357142857142857 0.804 0.5054945054945055 0.032
0 0.6043956043956044 0.838 0.6428571428571429 0.052
0 0.49725274725274726 0.914 0.32967032967032966 0.036