0 0.1279296875 0.035526315789473684 0.046875 0.015789473684210527
0 0.2783203125 0.04078947368421053 0.03515625 0.015789473684210527
0 0.650390625 0.019736842105263157 0.0859375 0.018421052631578946
0 0.3115234375 0.06447368421052632 0.353515625 0.031578947368421054
0 0.3125 0.0875 0.26953125 0.02763157894736842
0 0.3046875 0.13421052631578947 0.3671875 0.03289473684210526
0 0.357421875 0.15921052631578947 0.490234375 0.02894736842105263
0 0.337890625 0.18092105263157895 0.34375 0.02763157894736842
0 0.3125 0.20789473684210527 0.390625 0.03289473684210526
0 0.3603515625 0.23223684210526316 0.392578125 0.031578947368421054
0 0.3017578125 0.25526315789473686 0.470703125 0.034210526315789476
0 0.337890625 0.2822368421052632 0.333984375 0.02631578947368421
0 0.337890625 0.3078947368421053 0.33984375 0.031578947368421054
0 0.8671875 0.930921052631579 0.09765625 0.025
0 0.986328125 0.018421052631578946 0.02734375 0.03684210526315789