0 0.4988038277511962 0.11141906873614191 0.7073365231259968 0.08314855875831485
0 0.33851674641148327 0.1662971175166297 0.45773524720893144 0.07760532150776053
0 0.5211323763955343 0.20509977827050999 0.7496012759170654 0.09534368070953436
0 0.5079744816586922 0.24722838137472283 0.8038277511961722 0.09534368070953436
0 0.511164274322169 0.2888026607538803 0.8141945773524721 0.08980044345898004
0 0.5095693779904307 0.32649667405764965 0.8070175438596491 0.08314855875831485
0 0.5059808612440191 0.37250554323725055 0.8086124401913876 0.10199556541019955
0 0.48724082934609253 0.4113082039911308 0.7719298245614035 0.0975609756097561
0 0.20534290271132377 0.47838137472283815 0.20494417862838915 0.06541019955654102
0 0.5311004784688995 0.5083148558758315 0.7456140350877193 0.0975609756097561
0 0.5059808612440191 0.5460088691796009 0.7974481658692185 0.09645232815964523
0 0.5175438596491229 0.5853658536585366 0.8277511961722488 0.1008869179600887
0 0.5482456140350878 0.6241685144124168 0.8859649122807017 0.10199556541019955
0 0.37838915470494416 0.7311529933481153 0.33014354066985646 0.06319290465631928
0 0.7380382775119617 0.6901330376940134 0.09330143540669857 0.0565410199556541
0 0.7452153110047847 0.7494456762749445 0.11004784688995216 0.06097560975609756
0 0.8197767145135566 0.8104212860310421 0.0685805422647528 0.036585365853658534