0 0.1657754010695187 0.010638297872340425 0.2914438502673797 0.015197568389057751
0 0.4799465240641711 0.04331306990881459 0.9090909090909091 0.034954407294832825
0 0.4799465240641711 0.057750759878419454 0.9171122994652406 0.0364741641337386
0 0.4786096256684492 0.07066869300911854 0.9090909090909091 0.0364741641337386
0 0.4799465240641711 0.0858662613981763 0.9144385026737968 0.034954407294832825
0 0.48128342245989303 0.10106382978723404 0.9090909090909091 0.03343465045592705
0 0.23663101604278075 0.12006079027355623 0.42780748663101603 0.02735562310030395
0 0.48262032085561496 0.2006079027355623 0.9331550802139037 0.07142857142857142
0 0.49064171122994654 0.25 0.9598930481283422 0.07446808510638298
0 0.4959893048128342 0.30015197568389057 0.9545454545454546 0.0668693009118541
0 0.5053475935828877 0.3518237082066869 0.9625668449197861 0.06534954407294832
0 0.5093582887700535 0.4065349544072948 0.9732620320855615 0.0729483282674772
0 0.5106951871657754 0.4551671732522796 0.9759358288770054 0.0668693009118541
0 0.5147058823529411 0.5030395136778115 0.9705882352941176 0.06990881458966565
0 0.5200534759358288 0.5554711246200608 0.9598930481283422 0.06838905775075987
0 0.5106951871657754 0.6101823708206687 0.9224598930481284 0.0668693009118541
0 0.22192513368983957 0.7530395136778115 0.31283422459893045 0.034954407294832825