0 0.2907673860911271 0.025818639798488665 0.14388489208633093 0.03904282115869018
0 0.4694244604316547 0.06486146095717885 0.4892086330935252 0.0491183879093199
0 0.33393285371702636 0.08879093198992444 0.17146282973621102 0.0327455919395466
0 0.23741007194244604 0.12153652392947104 0.23501199040767387 0.04408060453400504
0 0.2541966426858513 0.1530226700251889 0.26139088729016785 0.04030226700251889
0 0.38848920863309355 0.1889168765743073 0.5347721822541966 0.05037783375314862
0 0.2278177458033573 0.21662468513853905 0.17625899280575538 0.031486146095717885
0 0.21522781774580335 0.24874055415617127 0.14148681055155876 0.02644836272040302
0 0.23800959232613908 0.2871536523929471 0.17266187050359713 0.04408060453400504
0 0.2907673860911271 0.3211586901763224 0.25539568345323743 0.04659949622166247
0 0.4748201438848921 0.38476070528967254 0.4448441247002398 0.05037783375314862
0 0.14448441247002397 0.40994962216624686 0.11750599520383694 0.04030226700251889
0 0.1432853717026379 0.4464735516372796 0.12709832134292565 0.042821158690176324
0 0.32793764988009594 0.44962216624685136 0.08872901678657075 0.041561712846347604
0 0.5701438848920863 0.473551637279597 0.17386091127098321 0.0491183879093199
0 0.4166666666666667 0.46662468513853905 0.06954436450839328 0.030226700251889168
0 0.3147482014388489 0.4811083123425693 0.05515587529976019 0.04030226700251889
0 0.3249400479616307 0.5125944584382871 0.09232613908872901 0.031486146095717885
0 0.5413669064748201 0.5075566750629723 0.14148681055155876 0.036523929471032744
0 0.36390887290167867 0.5491183879093199 0.19664268585131894 0.04030226700251889
0 0.5173860911270983 0.5547858942065491 0.05515587529976019 0.037783375314861464
0 0.5293764988009593 0.5881612090680101 0.06235011990407674 0.03904282115869018
0 0.6139088729016786 0.6246851385390428 0.05635491606714628 0.021410579345088162
0 0.40467625899280574 0.6473551637279596 0.2673860911270983 0.04030226700251889
0 0.407673860911271 0.6807304785894207 0.2541966426858513 0.042821158690176324
0 0.4040767386091127 0.7128463476070529 0.25539568345323743 0.042821158690176324
0 0.4856115107913669 0.75 0.40047961630695444 0.0491183879093199
0 0.13009592326139088 0.6706549118387909 0.12470023980815348 0.030226700251889168
0 0.13069544364508393 0.7707808564231738 0.13069544364508393 0.037783375314861464
0 0.12949640287769784 0.801007556675063 0.12470023980815348 0.030226700251889168
0 0.14148681055155876 0.8350125944584383 0.14148681055155876 0.04408060453400504
0 0.12290167865707434 0.8671284634760705 0.07673860911270983 0.03904282115869018
0 0.15407673860911272 0.9282115869017632 0.14388489208633093 0.0491183879093199
0 0.6169064748201439 0.8211586901763224 0.3513189448441247 0.04030226700251889
0 0.5197841726618705 0.8438287153652393 0.46402877697841727 0.0491183879093199
0 0.4862110311750599 0.8803526448362721 0.5239808153477218 0.060453400503778336
0 0.2823741007194245 0.9055415617128464 0.10311750599520383 0.042821158690176324
0 0.6834532374100719 0.9496221662468514 0.07434052757793765 0.017632241813602016