0 0.47074468085106386 0.07939189189189189 0.7783687943262412 0.11824324324324324
0 0.43439716312056736 0.23648648648648649 0.6985815602836879 0.11486486486486487
0 0.4698581560283688 0.30743243243243246 0.75 0.08445945945945946
0 0.47606382978723405 0.3935810810810811 0.7801418439716312 0.11486486486486487
0 0.4326241134751773 0.46959459459459457 0.6719858156028369 0.09797297297297297
0 0.4352836879432624 0.535472972972973 0.6950354609929078 0.08445945945945946
0 0.4796099290780142 0.625 0.7854609929078015 0.10810810810810811
0 0.4521276595744681 0.6976351351351351 0.7429078014184397 0.12162162162162163
0 0.44858156028368795 0.777027027027027 0.7287234042553191 0.10810810810810811
0 0.47074468085106386 0.8547297297297297 0.7872340425531915 0.11148648648648649
0 0.19060283687943264 0.918918918918919 0.22695035460992907 0.08783783783783784