0 0.10253456221198157 0.04041570438799076 0.06797235023041474 0.025404157043879907
0 0.2857142857142857 0.08198614318706697 0.4251152073732719 0.04503464203233257
0 0.2857142857142857 0.10796766743648961 0.43202764976958524 0.04041570438799076
0 0.402073732718894 0.14491916859122403 0.6555299539170507 0.046189376443418015
0 0.3986175115207373 0.1697459584295612 0.6970046082949308 0.053117782909930716
0 0.22465437788018433 0.20150115473441108 0.35023041474654376 0.04041570438799076
0 0.2206221198156682 0.2453810623556582 0.2995391705069124 0.04387990762124711
0 0.2563364055299539 0.2881062355658199 0.3836405529953917 0.049653579676674366
0 0.4014976958525346 0.32274826789838335 0.6394009216589862 0.05889145496535797
0 0.18490783410138248 0.3596997690531178 0.22580645161290322 0.04503464203233257
0 0.4205069124423963 0.3689376443418014 0.5956221198156681 0.057736720554272515
0 0.16186635944700462 0.4064665127020785 0.08755760368663594 0.02424942263279446
0 0.396889400921659 0.437066974595843 0.6785714285714286 0.06235565819861432
0 0.4251152073732719 0.4797921478060046 0.6566820276497696 0.06581986143187067
0 0.4216589861751152 0.5271362586605081 0.7073732718894009 0.07505773672055427
0 0.33640552995391704 0.5583140877598153 0.5126728110599078 0.06004618937644342
0 0.4936635944700461 0.5698614318706697 0.5253456221198156 0.06351039260969978
0 0.44182027649769584 0.598729792147806 0.4769585253456221 0.06581986143187067
0 0.3773041474654378 0.6518475750577367 0.5345622119815668 0.07274826789838337
0 0.34965437788018433 0.6997690531177829 0.46774193548387094 0.07274826789838337
0 0.451036866359447 0.7367205542725174 0.7004608294930875 0.09122401847575058
0 0.44642857142857145 0.7592378752886836 0.6877880184331797 0.08891454965357967
0 0.4504608294930876 0.7846420323325635 0.6970046082949308 0.08775981524249422
0 0.16474654377880185 0.8354503464203233 0.14285714285714285 0.03695150115473441
0 0.4279953917050691 0.8568129330254042 0.6624423963133641 0.09006928406466513
0 0.440668202764977 0.8816397228637414 0.7050691244239631 0.09815242494226328