0 0.13852242744063326 0.048638132295719845 0.08575197889182058 0.05252918287937743
0 0.370712401055409 0.03404669260700389 0.09498680738786279 0.05252918287937743
0 0.6015831134564644 0.02529182879377432 0.08179419525065963 0.05058365758754864
0 0.8304749340369393 0.01848249027237354 0.08575197889182058 0.03696498054474708
0 0.20646437994722955 0.24027237354085604 0.3179419525065963 0.07392996108949416
0 0.25659630606860157 0.29766536964980544 0.4234828496042216 0.07782101167315175
0 0.2638522427440633 0.42023346303501946 0.21372031662269128 0.06809338521400778
0 0.7473614775725593 0.31906614785992216 0.1503957783641161 0.06614785992217899
0 0.7519788918205804 0.3764591439688716 0.18997361477572558 0.06420233463035019
0 0.28232189973614774 0.48249027237354086 0.4102902374670185 0.07587548638132295
0 0.7559366754617414 0.4571984435797665 0.25857519788918204 0.07003891050583658
0 0.27242744063324537 0.6050583657587548 0.43271767810026385 0.07587548638132295
0 0.1424802110817942 0.7928015564202334 0.16094986807387862 0.0622568093385214
0 0.4742744063324538 0.7782101167315175 0.4472295514511873 0.08171206225680934
0 0.895778364116095 0.9406614785992218 0.11345646437994723 0.06031128404669261