0 0.46753968253968253 0.10889067524115756 0.20490476190476192 0.030691318327974275
0 0.46609523809523806 0.13811897106109325 0.2712857142857143 0.033617363344051444
0 0.5128253968253969 0.1997266881028939 0.3028095238095238 0.04823151125401929
0 0.4151428571428572 0.2603215434083601 0.2686190476190476 0.04080385852090032
0 0.5134285714285713 0.3097909967845659 0.4652063492063492 0.03586816720257235
0 0.5030476190476191 0.34070739549839224 0.49328571428571427 0.04080385852090032
0 0.5012222222222222 0.36545016077170417 0.48961904761904756 0.04080385852090032
0 0.4951111111111111 0.3883279742765273 0.48230158730158734 0.03710610932475884
0 0.5091587301587301 0.41491961414790995 0.5079365079365079 0.03834405144694534
0 0.5122063492063492 0.4415112540192926 0.5116031746031746 0.03710610932475884
0 0.5134285714285713 0.4662379421221865 0.5164761904761904 0.03463022508038585
0 0.4993968253968254 0.4940675241157556 0.49328571428571427 0.03834405144694534
0 0.521984126984127 0.5206591639871383 0.5286984126984127 0.0469935691318328
0 0.5024444444444445 0.5460128617363345 0.4993968253968254 0.03586816720257235
0 0.5061111111111112 0.5732154340836013 0.5116031746031746 0.03834405144694534
0 0.5146507936507937 0.5967041800643087 0.5116031746031746 0.025964630225080384
0 0.37361904761904763 0.6263987138263666 0.12942857142857145 0.04080385852090032
0 0.5311428571428571 0.6777170418006431 0.45665079365079364 0.04204180064308682
0 0.5122063492063492 0.7086334405144694 0.5140476190476191 0.04204180064308682
0 0.5176984126984127 0.7389389067524116 0.5299206349206349 0.05070739549839228
0 0.659952380952381 0.792733118971061 0.11599999999999999 0.04451768488745981
0 0.6251587301587302 0.8520900321543409 0.15628571428571428 0.07667202572347266