0 0.43109540636042404 0.019097222222222224 0.3498233215547703 0.03819444444444445
0 0.35954063604240283 0.08246527777777778 0.20848056537102475 0.06076388888888889
0 0.3250883392226148 0.16666666666666666 0.1413427561837456 0.05555555555555555
0 0.3992932862190813 0.2517361111111111 0.29328621908127206 0.0642361111111111
0 0.3339222614840989 0.3315972222222222 0.17314487632508835 0.07118055555555555
0 0.30123674911660775 0.4288194444444444 0.10777385159010601 0.046875
0 0.3374558303886926 0.5234375 0.17314487632508835 0.046875
0 0.3621908127208481 0.6154513888888888 0.2332155477031802 0.1111111111111111
0 0.36837455830388693 0.7317708333333334 0.26325088339222613 0.04861111111111111
0 0.4178445229681979 0.8168402777777778 0.3551236749116608 0.06076388888888889
0 0.5017667844522968 0.9166666666666666 0.5229681978798587 0.0798611111111111
0 0.36484098939929327 0.9869791666666666 0.2597173144876325 0.026041666666666668