0 0.2816742081447964 0.015328467153284672 0.3431372549019608 0.030656934306569343
0 0.4947209653092006 0.0645985401459854 0.77526395173454 0.12846715328467154
0 0.5460030165912518 0.14452554744525548 0.8989441930618401 0.14014598540145987
0 0.4347662141779789 0.21277372262773722 0.6840120663650076 0.1291970802919708
0 0.4046003016591252 0.26824817518248173 0.6327300150829562 0.0905109489051095
0 0.39177978883861236 0.34817518248175183 0.6244343891402715 0.0781021897810219
0 0.3235294117647059 0.41824817518248175 0.5007541478129713 0.11897810218978103
0 0.41289592760180993 0.4930656934306569 0.6779788838612368 0.0927007299270073
0 0.278657616892911 0.5551094890510949 0.42609351432880843 0.08832116788321168
0 0.38800904977375567 0.6354014598540146 0.6598793363499246 0.10072992700729927
0 0.3872549019607843 0.7124087591240876 0.6726998491704375 0.1072992700729927
0 0.5214932126696833 0.7978102189781022 0.9396681749622926 0.1554744525547445