0 0.47560975609756095 0.003937007874015748 0.18902439024390244 0.007874015748031496
0 0.4375 0.051181102362204724 0.8628048780487805 0.10236220472440945
0 0.9679878048780488 0.07283464566929133 0.027439024390243903 0.03543307086614173
0 0.3856707317073171 0.19488188976377951 0.7621951219512195 0.10236220472440945
0 0.4009146341463415 0.33858267716535434 0.7987804878048781 0.10236220472440945
0 0.4679878048780488 0.5196850393700787 0.19207317073170732 0.03543307086614173
0 0.013719512195121951 0.5177165354330708 0.027439024390243903 0.01968503937007874
0 0.9603658536585366 0.6062992125984252 0.03353658536585366 0.031496062992125984
0 0.38109756097560976 0.5807086614173228 0.7621951219512195 0.0984251968503937
0 0.4054878048780488 0.7283464566929134 0.8109756097560976 0.10236220472440945
0 0.3932926829268293 0.8720472440944882 0.7865853658536586 0.0984251968503937
0 0.46646341463414637 0.968503937007874 0.20121951219512196 0.031496062992125984