0 0.2841269841269841 0.19206349206349208 0.09682539682539683 0.03492063492063492
0 0.45714285714285713 0.15 0.11428571428571428 0.03333333333333333
0 0.5984126984126984 0.12301587301587301 0.05555555555555555 0.020634920634920634
0 0.4373015873015873 0.19444444444444445 0.09206349206349207 0.023809523809523808
0 0.5563492063492064 0.1992063492063492 0.046031746031746035 0.020634920634920634
0 0.6880952380952381 0.1595238095238095 0.08571428571428572 0.022222222222222223
0 0.24841269841269842 0.2785714285714286 0.05714285714285714 0.023809523809523808
0 0.13412698412698412 0.30873015873015874 0.05555555555555555 0.022222222222222223
0 0.4587301587301587 0.2642857142857143 0.4984126984126984 0.14761904761904762
0 0.49126984126984125 0.3404761904761905 0.6 0.1746031746031746
0 0.4603174603174603 0.43333333333333335 0.5317460317460317 0.1619047619047619
0 0.5380952380952381 0.5023809523809524 0.580952380952381 0.1761904761904762
0 0.5436507936507936 0.8206349206349206 0.4714285714285714 0.047619047619047616
0 0.8063492063492064 0.7515873015873016 0.3047619047619048 0.04126984126984127
0 0.8103174603174603 0.6436507936507937 0.3253968253968254 0.03333333333333333
0 0.8119047619047619 0.5777777777777777 0.16666666666666666 0.025396825396825397