0 0.5132978723404256 0.09322033898305085 0.6595744680851063 0.1059322033898305
0 0.5319148936170213 0.13983050847457626 0.6702127659574468 0.11864406779661017
0 0.5106382978723404 0.163135593220339 0.30319148936170215 0.059322033898305086
0 0.5372340425531915 0.23728813559322035 0.6117021276595744 0.1059322033898305
0 0.5531914893617021 0.2648305084745763 0.5425531914893617 0.08050847457627118
0 0.5851063829787234 0.3135593220338983 0.5478723404255319 0.07627118644067797
0 0.5531914893617021 0.3877118644067797 0.6117021276595744 0.13135593220338984
0 0.601063829787234 0.4067796610169492 0.46808510638297873 0.07203389830508475
0 0.5611702127659575 0.4745762711864407 0.5585106382978723 0.13559322033898305
0 0.6117021276595744 0.5127118644067796 0.4946808510638298 0.08898305084745763
0 0.5797872340425532 0.5550847457627118 0.5319148936170213 0.09322033898305085
0 0.5851063829787234 0.625 0.5797872340425532 0.13135593220338984
0 0.625 0.6652542372881356 0.3829787234042553 0.11016949152542373
0 0.7127659574468085 0.6991525423728814 0.4521276595744681 0.09322033898305085
0 0.6223404255319149 0.7711864406779662 0.4627659574468085 0.1016949152542373
0 0.6542553191489362 0.8453389830508474 0.2553191489361702 0.09322033898305085