0 0.5233644859813084 0.2336448598130841 0.8691588785046729 0.08878504672897196
0 0.5327102803738317 0.28738317757009346 0.9205607476635514 0.09345794392523364
0 0.4439252336448598 0.35046728971962615 0.7523364485981309 0.09813084112149532
0 0.4439252336448598 0.40186915887850466 0.7523364485981309 0.08878504672897196
0 0.5186915887850467 0.4649532710280374 0.9018691588785047 0.11214953271028037
0 0.5210280373831776 0.514018691588785 0.883177570093458 0.08878504672897196
0 0.5 0.5771028037383178 0.8644859813084113 0.09345794392523364
0 0.530373831775701 0.6378504672897196 0.9392523364485982 0.10747663551401869
0 0.36682242990654207 0.7032710280373832 0.5887850467289719 0.09813084112149532
0 0.5116822429906542 0.8200934579439252 0.4392523364485981 0.09813084112149532
0 0.5186915887850467 0.9509345794392523 0.6355140186915887 0.09813084112149532