0 0.12696180555555556 0.14828703703703705 0.1193576388888889 0.06509259259259259
0 0.760642361111111 0.01375 0.026041666666666668 0.024606481481481483
0 0.7682291666666666 0.05497685185185185 0.04123263888888889 0.028935185185185185
0 0.5485069444444445 0.1996527777777778 0.8279166666666666 0.10416666666666667
0 0.5105208333333333 0.2503009259259259 0.8561284722222222 0.09837962962962964
0 0.5311458333333333 0.3110648148148148 0.9017013888888888 0.1099537037037037
0 0.5371180555555556 0.37254629629629626 0.9114583333333334 0.1200925925925926
0 0.13020833333333334 0.49118055555555556 0.09114583333333333 0.06800925925925926
0 0.5425347222222222 0.5295138888888888 0.8897569444444444 0.10416666666666667
0 0.51703125 0.5953472222222222 0.8930208333333334 0.09983796296296298
0 0.3770659722222222 0.6459722222222223 0.6152430555555556 0.08537037037037037
0 0.12696180555555556 0.7689583333333333 0.09114583333333333 0.06511574074074074
0 0.5338541666666666 0.8290046296296296 0.8528645833333334 0.08969907407407407
0 0.518125 0.8955555555555555 0.9299131944444444 0.08680555555555555
0 0.5083506944444445 0.9563194444444444 0.897361111111111 0.08391203703703703