0 0.23350694444444445 0.0205026455026455 0.359375 0.037037037037037035
0 0.23177083333333334 0.046957671957671955 0.3159722222222222 0.04497354497354497
0 0.20052083333333334 0.07804232804232804 0.2604166666666667 0.03835978835978836
0 0.2847222222222222 0.10978835978835978 0.4149305555555556 0.05423280423280423
0 0.1545138888888889 0.13822751322751323 0.10590277777777778 0.03439153439153439
0 0.4756944444444444 0.13822751322751323 0.3697916666666667 0.047619047619047616
0 0.4053819444444444 0.16468253968253968 0.22569444444444445 0.03571428571428571
0 0.5112847222222222 0.1931216931216931 0.4409722222222222 0.05423280423280423
0 0.15625 0.2347883597883598 0.11805555555555555 0.03968253968253968
0 0.5217013888888888 0.22288359788359788 0.4652777777777778 0.0582010582010582
0 0.4869791666666667 0.2585978835978836 0.4027777777777778 0.051587301587301584
0 0.4635416666666667 0.29034391534391535 0.3385416666666667 0.047619047619047616
0 0.390625 0.32341269841269843 0.2222222222222222 0.04497354497354497
0 0.1597222222222222 0.36243386243386244 0.1232638888888889 0.04894179894179894
0 0.4357638888888889 0.35119047619047616 0.2378472222222222 0.04894179894179894
0 0.4513888888888889 0.3802910052910053 0.2916666666666667 0.051587301587301584
0 0.4114583333333333 0.4126984126984127 0.2152777777777778 0.042328042328042326
0 0.2734375 0.44841269841269843 0.3368055555555556 0.05026455026455026
0 0.3923611111111111 0.47156084656084657 0.5503472222222222 0.062169312169312166
0 0.2734375 0.5092592592592593 0.3159722222222222 0.05423280423280423
0 0.46875 0.5363756613756614 0.7013888888888888 0.0701058201058201
0 0.4140625 0.5661375661375662 0.5729166666666666 0.06349206349206349
0 0.3619791666666667 0.6005291005291006 0.5034722222222222 0.06084656084656084
0 0.5347222222222222 0.6243386243386243 0.84375 0.07539682539682539
0 0.3828125 0.6640211640211641 0.5520833333333334 0.06481481481481481
0 0.4010416666666667 0.6964285714285714 0.5694444444444444 0.06349206349206349
0 0.4105902777777778 0.7341269841269841 0.5833333333333334 0.07142857142857142
0 0.4131944444444444 0.7962962962962963 0.6128472222222222 0.06746031746031746
0 0.3793402777777778 0.832010582010582 0.5329861111111112 0.06613756613756613
0 0.5746527777777778 0.8544973544973545 0.8072916666666666 0.07804232804232804
0 0.1423611111111111 0.9067460317460317 0.0642361111111111 0.03835978835978836
0 0.5677083333333334 0.9298941798941799 0.8645833333333334 0.0873015873015873
0 0.5598958333333334 0.9629629629629629 0.8802083333333334 0.07407407407407407