0 0.485475 0.0719776119402985 0.54559375 0.06712686567164179
0 0.47744375 0.1444776119402985 0.36881875000000003 0.07138059701492537
0 0.48512500000000003 0.27456156716417907 0.27346875 0.07774253731343284
0 0.5026125 0.35292910447761194 0.629875 0.08093283582089553
0 0.583325 0.4144962686567164 0.562725 0.09104477611940298
0 0.24861875 0.5624347014925373 0.35224375 0.0776865671641791
0 0.61744375 0.5560354477611941 0.11310625 0.06916044776119402
0 0.13113125 0.6168097014925373 0.11726874999999999 0.05421641791044776
0 0.4571 0.6316044776119404 0.10669375 0.0752705223880597
0 0.8102875 0.620009328358209 0.2273625 0.06914179104477612
0 0.4128875 0.6937126865671641 0.680775 0.06300373134328359
0 0.5313375 0.7575559701492538 0.93731875 0.08191231343283582
0 0.5112687499999999 0.8301865671641792 0.8953937500000001 0.06723880597014925
0 0.53001875 0.891893656716418 0.9293187500000001 0.0797481343283582
0 0.5006437499999999 0.9597294776119403 0.8723624999999999 0.06401119402985075