0 0.5805084745762712 0.032426778242677826 0.75 0.06485355648535565
0 0.5709745762711864 0.08472803347280335 0.8432203389830508 0.08577405857740586
0 0.5540254237288136 0.14748953974895398 0.809322033898305 0.07740585774058577
0 0.5699152542372882 0.2102510460251046 0.8453389830508474 0.08158995815899582
0 0.5720338983050848 0.2688284518828452 0.8559322033898306 0.0794979079497908
0 0.5699152542372882 0.33368200836820083 0.847457627118644 0.07531380753138076
0 0.5614406779661016 0.3880753138075314 0.8411016949152542 0.09832635983263599
0 0.534957627118644 0.4571129707112971 0.7923728813559322 0.08577405857740586
0 0.5677966101694916 0.5188284518828452 0.864406779661017 0.08786610878661087
0 0.5540254237288136 0.5794979079497908 0.836864406779661 0.08786610878661087
0 0.548728813559322 0.641213389121339 0.8283898305084746 0.08158995815899582
0 0.565677966101695 0.702928870292887 0.8686440677966102 0.08368200836820083
0 0.565677966101695 0.7730125523012552 0.8686440677966102 0.09832635983263599
0 0.8294491525423728 0.8462343096234309 0.10805084745762712 0.029288702928870293
0 0.5476694915254238 0.9592050209205021 0.9046610169491526 0.08158995815899582