0 0.11681318681318682 0.043251953125 0.11542986425339366 0.086494140625
0 0.5014285714285714 0.10951171875 0.8625016160310278 0.076728515625
0 0.2816483516483516 0.172294921875 0.49496444731738853 0.073935546875
0 0.48296056884292177 0.25390625 0.8791208791208791 0.089287109375
0 0.48250161603102776 0.315986328125 0.9059017453135101 0.082314453125
0 0.4945054945054945 0.390625 0.9114414996767938 0.086494140625
0 0.06464124111182935 0.458984375 0.07387847446670977 0.06138671875
0 0.5078926955397544 0.52943359375 0.9511506140917906 0.082314453125
0 0.5083581124757595 0.60337890625 0.9576147382029735 0.082314453125
0 0.5078926955397544 0.675224609375 0.9622301228183581 0.089287109375
0 0.3412152553329024 0.75404296875 0.649185520361991 0.099052734375
0 0.062333548804137044 0.831474609375 0.061868131868131865 0.069755859375