0 0.37339585389930896 0.10921052631578948 0.05478775913129319 0.039473684210526314
0 0.581441263573544 0.07543859649122807 0.08489634748272458 0.04824561403508772
0 0.48519249753208293 0.17280701754385966 0.22458045409674235 0.05087719298245614
0 0.5182625863770978 0.218859649122807 0.2818361303060217 0.060526315789473685
0 0.5049358341559723 0.24956140350877193 0.3129318854886476 0.06140350877192982
0 0.5049358341559723 0.2776315789473684 0.31145113524185586 0.06578947368421052
0 0.5056762092793682 0.3074561403508772 0.3119447186574531 0.06403508771929825
0 0.5056762092793682 0.33464912280701753 0.3109575518262586 0.06403508771929825
0 0.5066633761105627 0.36447368421052634 0.31046396841066143 0.06315789473684211
0 0.5022211253701876 0.3929824561403509 0.3020730503455084 0.05789473684210526
0 0.506416584402764 0.4206140350877193 0.3099703849950642 0.06140350877192982
0 0.5054294175715696 0.4486842105263158 0.3050345508390918 0.06491228070175438
0 0.5098716683119447 0.47850877192982455 0.31342546890424483 0.06929824561403508
0 0.5101184600197434 0.506578947368421 0.31145113524185586 0.06315789473684211
0 0.5081441263573544 0.5355263157894737 0.30750246791707797 0.06578947368421052
0 0.5086377097729516 0.5635964912280702 0.3079960513326752 0.06403508771929825
0 0.5076505429417572 0.5925438596491228 0.3070088845014807 0.060526315789473685
0 0.45360315893385983 0.625 0.1920039486673248 0.05526315789473684
0 0.5259131293188549 0.662719298245614 0.2744323790720632 0.06491228070175438
0 0.5150542941757157 0.6912280701754386 0.31046396841066143 0.06403508771929825
0 0.5138203356367226 0.7210526315789474 0.3079960513326752 0.06403508771929825
0 0.5153010858835143 0.7482456140350877 0.30552813425468905 0.06140350877192982
0 0.45483711747285294 0.7855263157894737 0.19299111549851924 0.05964912280701754
0 0.4930898321816387 0.8223684210526315 0.20779861796643634 0.060526315789473685
0 0.5185093780848964 0.8894736842105263 0.12734452122408688 0.054385964912280704
0 0.6127838104639685 0.9109649122807018 0.03998025666337611 0.02280701754385965