0 0.6051401869158879 0.05357142857142857 0.397196261682243 0.10714285714285714
0 0.6401869158878505 0.12276785714285714 0.2757009345794392 0.08035714285714286
0 0.4766355140186916 0.16964285714285715 0.5280373831775701 0.08928571428571429
0 0.3247663551401869 0.24330357142857142 0.5093457943925234 0.08928571428571429
0 0.8434579439252337 0.24776785714285715 0.08411214953271028 0.044642857142857144
0 0.411214953271028 0.29464285714285715 0.34579439252336447 0.07142857142857142
0 0.4485981308411215 0.33482142857142855 0.6401869158878505 0.125
0 0.5817757009345794 0.40401785714285715 0.7383177570093458 0.11160714285714286
0 0.5257009345794392 0.46875 0.9485981308411215 0.09821428571428571
0 0.5257009345794392 0.5133928571428571 0.9485981308411215 0.09821428571428571
0 0.5210280373831776 0.5825892857142857 0.9579439252336449 0.09375
0 0.5116822429906542 0.6428571428571429 0.9299065420560748 0.125
0 0.5233644859813084 0.6852678571428571 0.9532710280373832 0.11160714285714286
0 0.5257009345794392 0.7566964285714286 0.9485981308411215 0.10267857142857142
0 0.514018691588785 0.8214285714285714 0.9065420560747663 0.10714285714285714
0 0.5116822429906542 0.8995535714285714 0.9205607476635514 0.11160714285714286
0 0.5350467289719626 0.9598214285714286 0.9299065420560748 0.08035714285714286