0 0.30694058154235143 0.064619140625 0.16887484197218713 0.02478515625
0 0.3385461441213654 0.139404296875 0.06232616940581542 0.03146484375
0 0.4705562579013906 0.15056640625 0.06989886219974716 0.03146484375
0 0.6094310998735778 0.14609375 0.08395701643489253 0.040400390625
0 0.7383817951959544 0.14484375 0.07455120101137801 0.01779296875
0 0.6016687737041719 0.17595703125 0.1370543615676359 0.0308984375
0 0.33638432364096077 0.176513671875 0.014652338811630847 0.018623046875
0 0.5960682680151707 0.238740234375 0.310063211125158 0.056005859375
0 0.5436915297092288 0.29189453125 0.2992414664981036 0.0417578125
0 0.5623008849557521 0.3295703125 0.3256005056890013 0.03896484375
0 0.546409608091024 0.3634765625 0.29381795195954485 0.046494140625
0 0.5431479140328698 0.4015625 0.2945385587863464 0.040068359375
0 0.2785840707964602 0.761533203125 0.2313653603034134 0.034404296875
0 0.2442730720606827 0.797255859375 0.097724399494311 0.029931640625
0 0.511188369152971 0.806181640625 0.16777496839443742 0.045556640625
0 0.3119974715549937 0.837431640625 0.23677623261694059 0.0276953125
0 0.2607079646017699 0.871064453125 0.1197597977243995 0.0301953125
0 0.4535777496839443 0.87189453125 0.12984829329962072 0.0341015625
0 0.5243742098609355 0.922548828125 0.025828065739570163 0.019306640625