0 0.4348148148148148 0.13405797101449277 0.7866666666666666 0.10662525879917184
0 0.4696296296296296 0.2096273291925466 0.8651851851851852 0.10507246376811594
0 0.49037037037037035 0.2981366459627329 0.9148148148148149 0.10196687370600414
0 0.46814814814814815 0.37577639751552794 0.8777777777777778 0.10507246376811594
0 0.47185185185185186 0.44875776397515527 0.9066666666666666 0.11542443064182195
0 0.31407407407407406 0.5181159420289855 0.4748148148148148 0.10351966873706005
0 0.4274074074074074 0.6138716356107661 0.797037037037037 0.11645962732919254
0 0.44074074074074077 0.7106625258799172 0.8318518518518518 0.14285714285714285
0 0.40814814814814815 0.7914078674948241 0.7785185185185185 0.10507246376811594
0 0.42962962962962964 0.8804347826086957 0.8503703703703703 0.10662525879917184
0 0.6051851851851852 0.9306418219461697 0.7637037037037037 0.07763975155279502