0 0.4693333333333333 0.03380281690140845 0.5946666666666667 0.0676056338028169
0 0.46266666666666667 0.08591549295774648 0.4026666666666667 0.06056338028169014
0 0.4726666666666667 0.18450704225352113 0.30266666666666664 0.06619718309859154
0 0.49466666666666664 0.24507042253521127 0.6893333333333334 0.07605633802816901
0 0.58 0.28661971830985916 0.62 0.08028169014084507
0 0.22 0.40774647887323945 0.38666666666666666 0.0676056338028169
0 0.6206666666666667 0.39507042253521124 0.128 0.05352112676056338
0 0.09266666666666666 0.45422535211267606 0.132 0.04507042253521127
0 0.44466666666666665 0.4584507042253521 0.11733333333333333 0.056338028169014086
0 0.8266666666666667 0.44014084507042256 0.25333333333333335 0.05352112676056338
0 0.3993333333333333 0.5070422535211268 0.7426666666666667 0.06619718309859154
0 0.508 0.5507042253521127 0.984 0.08450704225352113
0 0.508 0.6084507042253521 0.9773333333333334 0.07464788732394366
0 0.5106666666666667 0.6528169014084507 0.9786666666666667 0.08309859154929577
0 0.49866666666666665 0.7077464788732394 0.9533333333333334 0.07323943661971831
0 0.5306666666666666 0.7626760563380282 0.9386666666666666 0.06901408450704226
0 0.5133333333333333 0.8105633802816902 0.9733333333333334 0.08309859154929577
0 0.5133333333333333 0.8640845070422535 0.9733333333333334 0.06901408450704226
0 0.5133333333333333 0.9169014084507042 0.9733333333333334 0.09295774647887324
0 0.512 0.9647887323943662 0.976 0.07042253521126761