0 0.17857142857142858 0.04198473282442748 0.35714285714285715 0.03816793893129771
0 0.04120879120879121 0.07633587786259542 0.08241758241758242 0.030534351145038167
0 0.2087912087912088 0.10877862595419847 0.4175824175824176 0.04961832061068702
0 0.46153846153846156 0.10877862595419847 0.06593406593406594 0.026717557251908396
0 0.8324175824175825 0.10877862595419847 0.11538461538461539 0.030534351145038167
0 0.7005494505494505 0.02862595419847328 0.4725274725274725 0.03435114503816794
0 0.7060439560439561 0.06870229007633588 0.17582417582417584 0.04198473282442748
0 0.2692307692307692 0.15839694656488548 0.08241758241758242 0.026717557251908396
0 0.6813186813186813 0.16030534351145037 0.3131868131868132 0.04198473282442748
0 0.4368131868131868 0.3797709923664122 0.15384615384615385 0.07633587786259542
0 0.510989010989011 0.48282442748091603 0.521978021978022 0.061068702290076333
0 0.5247252747252747 0.5209923664122137 0.6868131868131868 0.05725190839694656
0 0.5054945054945055 0.5648854961832062 0.521978021978022 0.05725190839694656
0 0.5494505494505495 0.6106870229007634 0.7252747252747253 0.061068702290076333
0 0.4835164835164835 0.6507633587786259 0.46153846153846156 0.05725190839694656
0 0.532967032967033 0.6946564885496184 0.6923076923076923 0.061068702290076333
0 0.5934065934065934 0.7366412213740458 0.6813186813186813 0.061068702290076333
0 0.5934065934065934 0.7748091603053435 0.8131868131868132 0.06870229007633588
0 0.5686813186813187 0.8225190839694656 0.6318681318681318 0.061068702290076333
0 0.5521978021978022 0.8664122137404581 0.7252747252747253 0.0648854961832061
0 0.8131868131868132 0.9522900763358778 0.08791208791208792 0.022900763358778626