0 0.743534338358459 0.021977750309023488 0.03164154103852596 0.016477132262051917
0 0.7519095477386935 0.04600741656365884 0.044673366834170856 0.012360939431396786
0 0.5369514237855947 0.06935723114956736 0.7277051926298157 0.05355995055624227
0 0.4355108877721943 0.1023238566131026 0.17867671691792295 0.03159456118665018
0 0.40107202680067 0.1304820766378245 0.6309380234505862 0.04119901112484549
0 0.11539363484087102 0.16138442521631644 0.04093802345058627 0.026093943139678614
0 0.5192629815745393 0.22318912237330038 0.8710217755443886 0.03982694684796045
0 0.3136013400335008 0.25339925834363414 0.45597989949748746 0.03159456118665018
0 0.45783919597989947 0.2870457354758962 0.7295812395309883 0.0384548825710754
0 0.415963149078727 0.3145117428924598 0.6607035175879397 0.035710754017305314
0 0.3526968174204355 0.3797527812113721 0.5229815745393636 0.037082818294190356
0 0.44760469011725296 0.41134734239802223 0.7202680067001676 0.037082818294190356
0 0.3601340033500838 0.44705809641532757 0.5341541038525963 0.037082818294190356
0 0.6113902847571189 0.4758961681087763 0.6011557788944724 0.037082818294190356
0 0.3136013400335008 0.5143510506798517 0.46343383584589615 0.03982694684796045
0 0.4169011725293132 0.5740914709517924 0.6588442211055276 0.0384548825710754
0 0.40386934673366837 0.6070580964153276 0.6141876046901172 0.0384548825710754
0 0.2949916247906198 0.6386526576019776 0.4001507537688442 0.04119901112484549
0 0.49785594639866 0.7100618046971571 0.8021608040201005 0.057688504326328806
0 0.3201172529313233 0.7759950556242274 0.42807370184254606 0.04669962917181706
0 0.2828978224455611 0.8130778739184178 0.327571189279732 0.043955500618046976
0 0.1563316582914573 0.8501606922126081 0.08932998324958123 0.03296662546353523
0 0.16564489112227807 0.8879233621755254 0.10793969849246231 0.03159456118665018
0 0.23544388609715244 0.9201977750309024 0.23636515912897824 0.05218788627935723
0 0.33966499162479064 0.9511001236093943 0.10236180904522613 0.0288380716934487