0 0.3892724867724868 0.05697388632872504 0.2975 0.06321044546850998
0 0.6047486772486772 0.09385560675883257 0.571931216931217 0.07139784946236559
0 0.3370238095238095 0.14135176651305684 0.30324074074074076 0.06600614439324116
0 0.6147751322751323 0.17642089093701996 0.5412962962962964 0.07265745007680491
0 0.3378042328042328 0.22980030721966205 0.20117724867724868 0.060614439324116746
0 0.7898280423280424 0.2140552995391705 0.08891534391534392 0.022980030721966208
0 0.5857010582010582 0.5311674347158218 0.03338624338624339 0.026236559139784944
0 0.6557936507936507 0.5315514592933948 0.03601851851851852 0.022903225806451613
0 0.44216931216931216 0.6116897081413211 0.5144179894179894 0.06846390168970815
0 0.420462962962963 0.6476651305683564 0.46791005291005294 0.0441321044546851
0 0.48846560846560844 0.6935023041474655 0.5928835978835979 0.060000000000000005
0 0.4936507936507936 0.7366513056835637 0.6142724867724868 0.058202764976958525
0 0.44912698412698415 0.7762058371735792 0.29595238095238097 0.05333333333333333
0 0.19583333333333336 0.8569892473118279 0.023068783068783072 0.022334869431643624
0 0.34948412698412695 0.8594162826420891 0.22013227513227512 0.0661136712749616
0 0.3224867724867725 0.9001228878648234 0.15951058201058202 0.05125960061443932
0 0.45111111111111113 0.8999999999999999 0.03097883597883598 0.018218125960061442
0 0.6263624338624338 0.8930875576036866 0.17424603174603173 0.04741935483870968
0 0.3248015873015873 0.9414746543778801 0.17075396825396827 0.058156682027649766
0 0.47205026455026455 0.935468509984639 0.05962962962962963 0.03178187403993856
0 0.7496957671957671 0.936236559139785 0.3931349206349206 0.07019969278033794
0 0.5390608465608465 0.974132104454685 0.590462962962963 0.051751152073732716