0 0.36689814814814814 0.1318359375 0.49614197530864196 0.0771484375
0 0.38040123456790126 0.177734375 0.4984567901234568 0.0791015625
0 0.5339506172839507 0.2490234375 0.8016975308641975 0.11328125
0 0.3939043209876543 0.294921875 0.5810185185185185 0.0986328125
0 0.535108024691358 0.3544921875 0.8055555555555556 0.0888671875
0 0.498070987654321 0.40673828125 0.8333333333333334 0.087890625
0 0.5030864197530864 0.46923828125 0.8302469135802469 0.09375
0 0.5250771604938271 0.5244140625 0.8742283950617284 0.072265625
0 0.5289351851851852 0.57958984375 0.8842592592592593 0.087890625
0 0.5258487654320988 0.63818359375 0.8726851851851852 0.0849609375
0 0.5096450617283951 0.69775390625 0.8479938271604939 0.0888671875
0 0.5281635802469136 0.751953125 0.875 0.091796875
0 0.5003858024691358 0.810546875 0.8572530864197531 0.0947265625
0 0.26967592592592593 0.88818359375 0.38040123456790126 0.0908203125
0 0.4255401234567901 0.92578125 0.19367283950617284 0.0546875