0 0.4934210526315789 0.21004098360655737 0.8631578947368421 0.15163934426229508
0 0.5184210526315789 0.3043032786885246 0.5105263157894737 0.05737704918032787
0 0.5210526315789473 0.38422131147540983 0.8631578947368421 0.0860655737704918
0 0.3460526315789474 0.4395491803278688 0.07631578947368421 0.03483606557377049
0 0.5236842105263158 0.44672131147540983 0.07105263157894737 0.040983606557377046
0 0.7013157894736842 0.4487704918032787 0.07105263157894737 0.0389344262295082
0 0.5552631578947368 0.5194672131147541 0.8578947368421053 0.09631147540983606
0 0.45394736842105265 0.5655737704918032 0.6263157894736842 0.07377049180327869
0 0.5960526315789474 0.6209016393442623 0.8 0.09016393442622951
0 0.27631578947368424 0.6700819672131147 0.14473684210526316 0.05942622950819672
0 0.625 0.7182377049180327 0.7342105263157894 0.0860655737704918
0 0.37894736842105264 0.7653688524590164 0.2394736842105263 0.06557377049180328
0 0.6276315789473684 0.8176229508196722 0.6342105263157894 0.08811475409836066
0 0.6171052631578947 0.8688524590163934 0.7342105263157894 0.08401639344262295
0 0.3618421052631579 0.9129098360655737 0.2026315789473684 0.055327868852459015
0 0.531578947368421 0.9569672131147541 0.4394736842105263 0.0860655737704918