0 0.2671979865771812 0.0819935691318328 0.40268456375838924 0.07717041800643087
0 0.7596476510067114 0.09565916398713827 0.25083892617449666 0.06430868167202572
0 0.276006711409396 0.22508038585209003 0.46140939597315433 0.12540192926045016
0 0.24496644295302014 0.40192926045016075 0.36073825503355705 0.12861736334405144
0 0.2269295302013423 0.6270096463022508 0.36661073825503354 0.10610932475884244
0 0.20385906040268456 0.8416398713826366 0.30788590604026844 0.13665594855305466
0 0.7567114093959731 0.2604501607717042 0.3901006711409396 0.14630225080385853
0 0.7659395973154363 0.340032154340836 0.3221476510067114 0.1189710610932476
0 0.7244127516778524 0.4212218649517685 0.24412751677852348 0.11736334405144695
0 0.7235738255033557 0.4983922829581994 0.17701342281879195 0.09003215434083602
0 0.7571308724832215 0.6342443729903537 0.3934563758389262 0.08520900321543408
0 0.7307046979865772 0.7130225080385852 0.2726510067114094 0.0819935691318328
0 0.697986577181208 0.7918006430868167 0.2424496644295302 0.06913183279742766
0 0.6946308724832215 0.8745980707395499 0.20385906040268456 0.07234726688102894