0 0.5127627627627628 0.02482876712328767 0.9174174174174174 0.04965753424657534
0 0.4894894894894895 0.11558219178082192 0.8603603603603603 0.05650684931506849
0 0.49024024024024027 0.2029109589041096 0.8618618618618619 0.053082191780821915
0 0.48123123123123124 0.2936643835616438 0.8768768768768769 0.059931506849315065
0 0.47072072072072074 0.3921232876712329 0.9024024024024024 0.05821917808219178
0 0.5165165165165165 0.4854452054794521 0.9669669669669669 0.07363013698630137
0 0.5195195195195195 0.577054794520548 0.960960960960961 0.06164383561643835
0 0.4677177177177177 0.6703767123287672 0.8933933933933934 0.0702054794520548
0 0.4692192192192192 0.7688356164383562 0.8693693693693694 0.05821917808219178
0 0.48873873873873874 0.8647260273972602 0.8993993993993994 0.0684931506849315
0 0.5165165165165165 0.9477739726027398 0.9669669669669669 0.06335616438356165