0 0.36846689895470386 0.03720626631853786 0.6689895470383276 0.07049608355091384
0 0.4843205574912892 0.07114882506527415 0.9006968641114983 0.08746736292428199
0 0.5052264808362369 0.10378590078328982 0.9337979094076655 0.10574412532637076
0 0.4991289198606272 0.13968668407310705 0.9337979094076655 0.10182767624020887
0 0.5043554006968641 0.17297650130548303 0.9372822299651568 0.09530026109660575
0 0.4965156794425087 0.20953002610966057 0.9285714285714286 0.09921671018276762
0 0.4642857142857143 0.24608355091383813 0.8763066202090593 0.09399477806788512
0 0.304006968641115 0.3133159268929504 0.5487804878048781 0.07702349869451697
0 0.5174216027874564 0.3426892950391645 0.9651567944250871 0.10052219321148825
0 0.5174216027874564 0.37532637075718017 0.9651567944250871 0.08746736292428199
0 0.5165505226480837 0.4118798955613577 0.9668989547038328 0.09007832898172324
0 0.514808362369338 0.45039164490861616 0.9703832752613241 0.08877284595300261
0 0.45818815331010454 0.5137075718015666 0.8623693379790941 0.0783289817232376
0 0.5165505226480837 0.5476501305483029 0.9634146341463414 0.07963446475195822
0 0.514808362369338 0.5835509138381201 0.9651567944250871 0.07571801566579635
0 0.44773519163763065 0.6194516971279374 0.8118466898954704 0.07049608355091384
0 0.5121951219512195 0.6546997389033943 0.9634146341463414 0.08224543080939947
0 0.27177700348432055 0.683420365535248 0.47038327526132406 0.06005221932114883
0 0.4712543554006969 0.7552219321148825 0.9059233449477352 0.0835509138381201
0 0.2874564459930314 0.7780678851174935 0.5069686411149826 0.04699738903394256
0 0.5078397212543554 0.8257180156657964 0.9564459930313589 0.08485639686684072
0 0.49825783972125437 0.8570496083550914 0.9250871080139372 0.07180156657963446
0 0.5017421602787456 0.8922976501305483 0.9477351916376306 0.07963446475195822
0 0.5060975609756098 0.9216710182767625 0.9494773519163763 0.0783289817232376
0 0.49477351916376305 0.9601827676240209 0.9303135888501742 0.07963446475195822
0 0.36846689895470386 0.9738903394255874 0.6986062717770035 0.05221932114882506