0 0.3182362459546925 0.1395875 0.07190938511326861 0.03195
0 0.45127831715210354 0.1493 0.07551779935275081 0.034725
0 0.5627508090614887 0.1451375 0.08629449838187701 0.04305
0 0.6760194174757281 0.1451375 0.06472491909385113 0.01805
0 0.19147249190938512 0.18055 0.1636084142394822 0.0388875
0 0.5016181229773463 0.1833375 0.24810679611650488 0.04445
0 0.5150970873786408 0.21875 0.7533333333333333 0.04305
0 0.47644012944983816 0.25555 0.7587216828478964 0.0388875
0 0.4917313915857605 0.29236249999999997 0.7928802588996764 0.040275
0 0.5034142394822007 0.32916249999999997 0.812653721682848 0.04445
0 0.2840776699029126 0.3666625 0.37037216828478964 0.0416625
0 0.20135922330097086 0.43195 0.11506472491909385 0.03055
0 0.3182362459546925 0.7673625 0.34880258899676375 0.04305
0 0.33171521035598706 0.8416625000000001 0.37576051779935277 0.04445
0 0.4773462783171521 0.9284749999999999 0.041359223300970874 0.0236125