0 0.12118320610687022 0.060723514211886306 0.15267175572519084 0.03488372093023256
0 0.38645038167938933 0.17506459948320413 0.18702290076335878 0.05555555555555555
0 0.07347328244274809 0.2739018087855297 0.08778625954198473 0.029715762273901807
0 0.2738549618320611 0.2739018087855297 0.08969465648854962 0.027131782945736434
0 0.47041984732824427 0.2745478036175711 0.08778625954198473 0.028423772609819122
0 0.666030534351145 0.2739018087855297 0.08969465648854962 0.029715762273901807
0 0.8664122137404581 0.2751937984496124 0.08778625954198473 0.029715762273901807
0 0.07633587786259542 0.3636950904392765 0.08778625954198473 0.028423772609819122
0 0.2738549618320611 0.3636950904392765 0.08969465648854962 0.028423772609819122
0 0.4713740458015267 0.36304909560723514 0.08969465648854962 0.027131782945736434
0 0.6650763358778626 0.3643410852713178 0.08778625954198473 0.029715762273901807
0 0.8664122137404581 0.3643410852713178 0.08206106870229007 0.029715762273901807
0 0.07442748091603053 0.45219638242894056 0.08396946564885496 0.029715762273901807
0 0.2729007633587786 0.45219638242894056 0.08778625954198473 0.027131782945736434
0 0.46946564885496184 0.45219638242894056 0.08396946564885496 0.029715762273901807
0 0.6641221374045801 0.4509043927648579 0.08396946564885496 0.028423772609819122
0 0.8645038167938931 0.45219638242894056 0.0916030534351145 0.029715762273901807
0 0.39408396946564883 0.6182170542635659 0.1965648854961832 0.059431524547803614
0 0.07919847328244274 0.7209302325581395 0.09732824427480916 0.031007751937984496
0 0.2786259541984733 0.7202842377260982 0.09351145038167939 0.029715762273901807
0 0.4713740458015267 0.7189922480620154 0.08969465648854962 0.029715762273901807
0 0.6698473282442748 0.7202842377260982 0.09923664122137404 0.027131782945736434
0 0.8711832061068703 0.7183462532299741 0.09541984732824428 0.031007751937984496
0 0.08206106870229007 0.8081395348837209 0.0916030534351145 0.027131782945736434
0 0.2786259541984733 0.8074935400516796 0.08969465648854962 0.028423772609819122
0 0.4713740458015267 0.8074935400516796 0.08396946564885496 0.025839793281653745
0 0.6717557251908397 0.8087855297157622 0.0916030534351145 0.025839793281653745
0 0.8721374045801527 0.8055555555555556 0.09351145038167939 0.028423772609819122
0 0.08206106870229007 0.8959948320413437 0.0916030534351145 0.028423772609819122
0 0.28053435114503816 0.896640826873385 0.09351145038167939 0.029715762273901807
0 0.47423664122137404 0.8959948320413437 0.0916030534351145 0.028423772609819122
0 0.6717557251908397 0.896640826873385 0.08778625954198473 0.027131782945736434
0 0.8730916030534351 0.896640826873385 0.0916030534351145 0.027131782945736434