0 0.56875 0.0381619937694704 0.796875 0.028037383177570093
0 0.56796875 0.061526479750778816 0.8 0.03115264797507788
0 0.5671875 0.08255451713395638 0.7984375 0.028037383177570093
0 0.56796875 0.10747663551401869 0.7921875 0.03115264797507788
0 0.32421875 0.13161993769470404 0.3046875 0.024922118380062305
0 0.534375 0.2219626168224299 0.73125 0.04205607476635514
0 0.584375 0.29517133956386293 0.83125 0.0514018691588785
0 0.57421875 0.37616822429906543 0.80625 0.0529595015576324
0 0.5828125 0.45950155763239875 0.81875 0.05763239875389408
0 0.5734375 0.5366043613707165 0.8109375 0.056074766355140186
0 0.5796875 0.6105919003115264 0.840625 0.04672897196261682
0 0.5765625 0.6962616822429907 0.846875 0.04984423676012461
0 0.5765625 0.7710280373831776 0.840625 0.0514018691588785
0 0.5375 0.8574766355140186 0.7421875 0.0514018691588785