0 0.5043859649122807 0.1394736842105263 0.7789473684210526 0.06973684210526315
0 0.5631578947368421 0.1763157894736842 0.7631578947368421 0.06184210526315789
0 0.4964912280701754 0.21118421052631578 0.7 0.05
0 0.34649122807017546 0.24342105263157895 0.4298245614035088 0.05394736842105263
0 0.45614035087719296 0.30657894736842106 0.6578947368421053 0.07105263157894737
0 0.5131578947368421 0.35 0.6192982456140351 0.04868421052631579
0 0.5324561403508772 0.38421052631578945 0.6859649122807018 0.04342105263157895
0 0.519298245614035 0.41710526315789476 0.7192982456140351 0.05263157894736842
0 0.393859649122807 0.48092105263157897 0.5543859649122806 0.06578947368421052
0 0.43859649122807015 0.5177631578947368 0.5491228070175439 0.046052631578947366
0 0.5228070175438596 0.5572368421052631 0.7403508771929824 0.06184210526315789
0 0.39824561403508774 0.6131578947368421 0.5771929824561404 0.05921052631578947
0 0.47192982456140353 0.655921052631579 0.6070175438596491 0.05131578947368421
0 0.5052631578947369 0.6960526315789474 0.724561403508772 0.05394736842105263
0 0.4850877192982456 0.7526315789473684 0.756140350877193 0.06315789473684211
0 0.5228070175438596 0.7901315789473684 0.6456140350877193 0.04473684210526316
0 0.48771929824561405 0.8309210526315789 0.6368421052631579 0.04736842105263158
0 0.4842105263157895 0.8723684210526316 0.6543859649122807 0.06710526315789474