0 0.10141509433962265 0.017139479905437353 0.06839622641509434 0.024822695035460994
0 0.28832547169811323 0.06264775413711583 0.4339622641509434 0.03900709219858156
0 0.28773584905660377 0.08865248226950355 0.44221698113207547 0.03309692671394799
0 0.40625 0.1288416075650118 0.6698113207547169 0.03546099290780142
0 0.40212264150943394 0.15425531914893617 0.7134433962264151 0.041371158392434985
0 0.22346698113207547 0.18321513002364065 0.3584905660377358 0.03546099290780142
0 0.21875 0.22872340425531915 0.30542452830188677 0.04018912529550828
0 0.25471698113207547 0.27245862884160754 0.392688679245283 0.04373522458628842
0 0.4027122641509434 0.3108747044917258 0.6544811320754716 0.04964539007092199
0 0.17983490566037735 0.34456264775413714 0.22995283018867924 0.041371158392434985
0 0.4209905660377358 0.3587470449172577 0.6084905660377359 0.04846335697399527
0 0.15566037735849056 0.39243498817966904 0.08844339622641509 0.02364066193853428
0 0.3956367924528302 0.42789598108747046 0.6933962264150944 0.05200945626477541
0 0.423938679245283 0.4722222222222222 0.6709905660377359 0.05555555555555555
0 0.41922169811320753 0.5200945626477541 0.7240566037735849 0.06501182033096926
0 0.3313679245283019 0.5508274231678487 0.5247641509433962 0.05319148936170213
0 0.49233490566037735 0.5656028368794326 0.5365566037735849 0.05555555555555555
0 0.4386792452830189 0.5939716312056738 0.4882075471698113 0.0591016548463357
0 0.3720518867924528 0.6471631205673759 0.5459905660377359 0.06501182033096926
0 0.3425707547169811 0.6962174940898345 0.47759433962264153 0.06501182033096926
0 0.44516509433962265 0.7358156028368794 0.7158018867924528 0.08037825059101655
0 0.4404481132075472 0.758274231678487 0.7016509433962265 0.07801418439716312
0 0.44457547169811323 0.7848699763593381 0.7122641509433962 0.0768321513002364
0 0.15035377358490565 0.8315602836879432 0.14622641509433962 0.03546099290780142
0 0.4204009433962264 0.8581560283687943 0.6768867924528302 0.08037825059101655
0 0.43278301886792453 0.8835697399527187 0.7205188679245284 0.08865248226950355