0 0.5197368421052632 0.12352941176470589 0.8026315789473685 0.18823529411764706
0 0.9506578947368421 0.029411764705882353 0.08881578947368421 0.029411764705882353
0 0.9720394736842105 0.05588235294117647 0.05592105263157895 0.041176470588235294
0 0.008223684210526315 0.3058823529411765 0.013157894736842105 0.07647058823529412
0 0.3667763157894737 0.3352941176470588 0.6085526315789473 0.17647058823529413
0 0.006578947368421052 0.4176470588235294 0.013157894736842105 0.07647058823529412
0 0.008223684210526315 0.5235294117647059 0.01644736842105263 0.08823529411764706
0 0.008223684210526315 0.6205882352941177 0.01644736842105263 0.07647058823529412
0 0.008223684210526315 0.7294117647058823 0.01644736842105263 0.08235294117647059
0 0.4407894736842105 0.4264705882352941 0.75 0.16470588235294117
0 0.53125 0.5352941176470588 0.9375 0.19411764705882353
0 0.43585526315789475 0.638235294117647 0.7598684210526315 0.16470588235294117
0 0.787828947368421 0.9647058823529412 0.41118421052631576 0.07058823529411765