0 0.6045647558386412 0.14846416382252559 0.06369426751592357 0.025597269624573378
0 0.5626326963906582 0.4718430034129693 0.16772823779193205 0.042662116040955635
0 0.24734607218683652 0.4854948805460751 0.09554140127388536 0.059726962457337884
0 0.10987261146496816 0.5648464163822525 0.021231422505307854 0.06313993174061433
0 0.267515923566879 0.5563139931740614 0.2356687898089172 0.07167235494880546
0 0.19957537154989385 0.613481228668942 0.1029723991507431 0.07849829351535836
0 0.4315286624203822 0.6100682593856656 0.28343949044585987 0.07679180887372014
0 0.4564755838641189 0.6510238907849829 0.3205944798301486 0.07849829351535836
0 0.18949044585987262 0.7005119453924915 0.08280254777070063 0.06825938566552901
0 0.4697452229299363 0.7030716723549488 0.38004246284501064 0.08532423208191127
0 0.5833333333333334 0.7585324232081911 0.2070063694267516 0.07508532423208192
0 0.3370488322717622 0.8011945392491467 0.09872611464968153 0.04436860068259386
0 0.2632696390658174 0.8498293515358362 0.2218683651804671 0.07167235494880546
0 0.3030785562632696 0.9001706484641638 0.31316348195329086 0.09385665529010238
0 0.4023354564755839 0.9479522184300341 0.43842887473460723 0.08873720136518772
0 0.3359872611464968 0.9803754266211604 0.24097664543524416 0.03754266211604096
0 0.5435244161358811 0.9931740614334471 0.040339702760084924 0.013651877133105802