0 0.41907812499999997 0.049854166666666665 0.8359375 0.09970833333333333
0 0.162953125 0.1316875 0.12053125 0.11160416666666667
0 0.3755625 0.22916666666666666 0.599328125 0.13095833333333334
0 0.33203125 0.3058125 0.295765625 0.09375
0 0.502234375 0.39137500000000003 0.99553125 0.125
0 0.494421875 0.4813958333333333 0.93303125 0.15625
0 0.5 0.5989583333333334 1 0.15327083333333333
0 0.5150625 0.671875 0.9698593750000001 0.16220833333333334
0 0.51953125 0.766375 0.9609375 0.139875
0 0.5 0.8735208333333334 1 0.17856249999999999
0 0.49329687499999997 0.9464375 0.9866093749999999 0.10714583333333333