0 0.4606741573033708 0.1434108527131783 0.7359550561797753 0.05426356589147287
0 0.4550561797752809 0.187984496124031 0.7415730337078652 0.05813953488372093
0 0.4859550561797753 0.23255813953488372 0.7865168539325843 0.05426356589147287
0 0.4803370786516854 0.2771317829457364 0.7921348314606742 0.05426356589147287
0 0.43820224719101125 0.31976744186046513 0.7078651685393258 0.046511627906976744
0 0.4747191011235955 0.4069767441860465 0.7584269662921348 0.05813953488372093
0 0.4157303370786517 0.3643410852713178 0.6629213483146067 0.05426356589147287
0 0.48314606741573035 0.44573643410852715 0.7865168539325843 0.046511627906976744
0 0.46629213483146065 0.49224806201550386 0.7359550561797753 0.05813953488372093
0 0.4747191011235955 0.5387596899224806 0.7584269662921348 0.05426356589147287
0 0.4691011235955056 0.5775193798449613 0.7359550561797753 0.05813953488372093
0 0.4691011235955056 0.625968992248062 0.7303370786516854 0.05426356589147287
0 0.49719101123595505 0.6666666666666666 0.7752808988764045 0.05426356589147287
0 0.46348314606741575 0.7034883720930233 0.7191011235955056 0.04263565891472868