0 0.47786407766990296 0.05388 0.3643411927877947 0.05276
0 0.13323162274618586 0.08762666666666666 0.0994868238557559 0.030626666666666667
0 0.12282940360610264 0.12496 0.0980998613037448 0.030613333333333336
0 0.13475728155339806 0.16042666666666666 0.12750346740638005 0.03968
0 0.12490984743411929 0.19416 0.08284327323162274 0.03886666666666667
0 0.48522884882108186 0.08549333333333334 0.1521359223300971 0.03916
0 0.4138002773925104 0.12349333333333334 0.18626907073509016 0.04688
0 0.6954785020804438 0.12042666666666665 0.1421359223300971 0.04501333333333333
0 0.4631622746185853 0.16202666666666665 0.36267683772538145 0.04714666666666666
0 0.831386962552011 0.15175999999999998 0.2364216366158114 0.04368
0 0.7612205270457698 0.19496 0.07943134535367545 0.0426
0 0.7646879334257976 0.22910666666666668 0.0946879334257975 0.03833333333333333
0 0.846366158113731 0.2625733333333333 0.0888626907073509 0.02205333333333333
0 0.21325936199722606 0.4835333333333333 0.12360610263522885 0.041479999999999996
0 0.7080998613037448 0.5164666666666667 0.24780859916782244 0.026266666666666667
0 0.1253259361997226 0.559 0.14192787794729542 0.03452
0 0.5824271844660194 0.5714 0.6455894590846047 0.04652
0 0.5652288488210818 0.6032799999999999 0.6111927877947295 0.041986666666666665
0 0.475506241331484 0.6355466666666667 0.4289597780859916 0.03610666666666666
0 0.8359639389736477 0.6387466666666667 0.16513176144244104 0.04037333333333334
0 0.11589459084604715 0.6294133333333334 0.07868238557558946 0.04304
0 0.3354507628294036 0.66848 0.03233009708737864 0.031573333333333335
0 0.4659500693481276 0.6722133333333333 0.16851595006934814 0.045439999999999994
0 0.6279334257975034 0.6716799999999999 0.05976421636615812 0.025173333333333332
0 0.8204299583911234 0.6746133333333333 0.21173370319001386 0.03530666666666667
0 0.6212760055478502 0.7070266666666667 0.042011095700416085 0.02756
0 0.43987517337031895 0.7379600000000001 0.2273231622746186 0.04462666666666666
0 0.3239389736477115 0.7966266666666667 0.09529819694868237 0.03394666666666667
0 0.4567961165048544 0.8058266666666667 0.08918169209431345 0.03954666666666667
0 0.32657420249653263 0.8329066666666666 0.04786407766990291 0.025400000000000002
0 0.461373092926491 0.84304 0.0289875173370319 0.015799999999999998
0 0.5574895977808599 0.83116 0.04090152565880721 0.036866666666666666
0 0.32574202496532595 0.8638399999999999 0.04065187239944521 0.02753333333333333
0 0.46067961165048543 0.87184 0.030374479889042995 0.022186666666666667
0 0.5420943134535368 0.8665066666666666 0.04062413314840499 0.03286666666666666
0 0.6441608876560333 0.8681066666666667 0.07833564493758668 0.02965333333333333
0 0.54750346740638 0.8957066666666667 0.043120665742024965 0.02512
0 0.5375173370319002 0.9241066666666667 0.023162274618585298 0.024319999999999998
0 0.10951456310679611 0.96304 0.08256588072122052 0.05310666666666666
0 0.31298196948682383 0.9682399999999999 0.08170596393897364 0.05070666666666667
0 0.6548266296809986 0.9751866666666666 0.4741608876560333 0.04964