0 0.579155672823219 0.015258215962441314 0.158311345646438 0.03051643192488263
0 0.37994722955145116 0.2828638497652582 0.06992084432717678 0.03286384976525822
0 0.37730870712401055 0.3145539906103286 0.10554089709762533 0.04460093896713615
0 0.58311345646438 0.3485915492957746 0.28891820580474936 0.09624413145539906
0 0.58311345646438 0.4119718309859155 0.12928759894459102 0.06103286384976526
0 0.35092348284960423 0.5786384976525821 0.06728232189973615 0.035211267605633804
0 0.4940633245382586 0.5845070422535211 0.18073878627968337 0.08685446009389672
0 0.6715039577836411 0.5833333333333334 0.059366754617414245 0.03755868544600939
0 0.3496042216358839 0.6220657276995305 0.06596306068601583 0.03990610328638498
0 0.49274406332453824 0.6161971830985915 0.16358839050131926 0.06807511737089202
0 0.4465699208443272 0.6619718309859155 0.26517150395778366 0.05868544600938967
0 0.6411609498680739 0.6631455399061033 0.09894459102902374 0.05868544600938967
0 0.7770448548812665 0.6725352112676056 0.11345646437994723 0.07511737089201878
0 0.3872031662269129 0.7065727699530516 0.10290237467018469 0.07276995305164319
0 0.5105540897097626 0.6983568075117371 0.09762532981530343 0.06103286384976526
0 0.5771767810026385 0.7828638497652582 0.5382585751978892 0.08215962441314555
0 0.32519788918205805 0.8309859154929577 0.03825857519788918 0.04929577464788732
0 0.3733509234828496 0.8251173708920188 0.026385224274406333 0.03990610328638498
0 0.4604221635883905 0.8262910798122066 0.08575197889182058 0.04929577464788732
0 0.5824538258575198 0.82981220657277 0.08575197889182058 0.04460093896713615
0 0.40369393139841686 0.8779342723004695 0.19920844327176782 0.051643192488262914
0 0.4346965699208443 0.9213615023474179 0.1820580474934037 0.08215962441314555
0 0.6635883905013192 0.9107981220657277 0.18337730870712401 0.07042253521126761
0 0.36015831134564646 0.960093896713615 0.07783641160949868 0.056338028169014086
0 0.4861477572559367 0.9636150234741784 0.10686015831134564 0.07276995305164319
0 0.6259894459102903 0.9624413145539906 0.10817941952506596 0.07042253521126761
0 0.7790237467018469 0.9589201877934272 0.11873350923482849 0.07042253521126761
0 0.19195250659630606 0.04342723004694836 0.01978891820580475 0.03755868544600939
0 0.24670184696569922 0.046948356807511735 0.013192612137203167 0.046948356807511735
0 0.10026385224274406 0.13380281690140844 0.06200527704485488 0.03286384976525822
0 0.19261213720316622 0.13380281690140844 0.023746701846965697 0.03990610328638498
0 0.07717678100263853 0.22535211267605634 0.0316622691292876 0.03990610328638498
0 0.21899736147757257 0.22887323943661972 0.022427440633245383 0.035211267605633804
0 0.06464379947229551 0.32981220657276994 0.026385224274406333 0.035211267605633804
0 0.14907651715039577 0.3333333333333333 0.018469656992084433 0.03755868544600939
0 0.09564643799472296 0.04342723004694836 0.018469656992084433 0.03051643192488263