0 0.769650655021834 0.01953125 0.16812227074235808 0.0359375
0 0.7751091703056768 0.0484375 0.17903930131004367 0.034375
0 0.4661572052401747 0.11328125 0.6746724890829694 0.0734375
0 0.5633187772925764 0.19765625 0.8733624454148472 0.0734375
0 0.5644104803493449 0.29140625 0.87117903930131 0.0734375
0 0.5589519650655022 0.38359375 0.8820960698689956 0.0734375
0 0.5545851528384279 0.47734375 0.8646288209606987 0.0703125
0 0.5469432314410481 0.56875 0.8624454148471615 0.06875
0 0.5447598253275109 0.6640625 0.8537117903930131 0.071875
0 0.18995633187772926 0.76171875 0.15283842794759825 0.0671875
0 0.5545851528384279 0.8515625 0.8864628820960698 0.078125
0 0.5349344978165939 0.93984375 0.8558951965065502 0.0859375