0 0.6508968609865471 0.13772370486656202 0.03261584454409566 0.02141287284144427
0 0.7168161434977579 0.14058084772370485 0.03940209267563528 0.027111459968602824
0 0.3334529147982063 0.2004552590266876 0.5335127055306428 0.06521193092621663
0 0.3276980568011958 0.2837833594976452 0.5174140508221226 0.0507221350078493
0 0.46683109118086696 0.36529042386185245 0.7818834080717489 0.06158555729984301
0 0.45073243647234684 0.4045368916797488 0.772675635276532 0.05795918367346939
0 0.3368908819133034 0.4443956043956044 0.5266218236173393 0.053139717425431714
0 0.29032884902840056 0.5283202511773941 0.4219880418535127 0.054348508634222914
0 0.3334529147982063 0.6007692307692307 0.5082212257100149 0.0519309262166405
0 0.3903587443946188 0.6738304552590267 0.5622571001494768 0.0893563579277865
0 0.12877428998505233 0.724552590266876 0.029895366218236172 0.038649921507064366
0 0.3208071748878924 0.7275667189952904 0.06209267563527653 0.03502354788069074
0 0.29952167414050823 0.8000313971742543 0.41738415545590435 0.059167974882260596
0 0.46798206278026905 0.8392778649921507 0.770373692077728 0.07970172684458399
0 0.4622272047832586 0.8791208791208791 0.7956801195814648 0.06762951334379906
0 0.4725710014947683 0.9207849293563579 0.8002690582959641 0.07849293563579278
0 0.281136023916293 0.9666718995290423 0.37369207772795215 0.049513343799058085