0 0.03968055555555556 0.017854166666666667 0.07936111111111112 0.03571875
0 0.34920833333333334 0.04240625 0.45634722222222224 0.06696875000000001
0 0.6349166666666667 0.034229166666666665 0.035708333333333335 0.032739583333333336
0 0.15675 0.13541666666666666 0.035708333333333335 0.03571875
0 0.2797638888888889 0.1331875 0.043652777777777776 0.040177083333333335
0 0.4126944444444444 0.13615625 0.043652777777777776 0.03719791666666667
0 0.5525833333333333 0.13615625 0.05356944444444445 0.03719791666666667
0 0.6795694444444444 0.13467708333333334 0.057541666666666665 0.04315625
0 0.8154722222222222 0.13094791666666666 0.05555555555555555 0.044645833333333336
0 0.15575 0.22544791666666666 0.057541666666666665 0.05803125
0 0.28968055555555555 0.22544791666666666 0.05952777777777778 0.06398958333333334
0 0.4107083333333333 0.24926041666666665 0.043652777777777776 0.06398958333333334
0 0.5436527777777778 0.2566979166666667 0.051583333333333335 0.07291666666666667
0 0.34820833333333334 0.34152083333333333 0.44245833333333334 0.06398958333333334
0 0.6160694444444444 0.3370520833333333 0.04563888888888889 0.034229166666666665
0 0.16468055555555555 0.4322916666666667 0.03968055555555556 0.03719791666666667
0 0.2946388888888889 0.4322916666666667 0.06151388888888889 0.034229166666666665
0 0.40873611111111113 0.43378125 0.043652777777777776 0.034229166666666665
0 0.5376944444444445 0.4300625 0.047625 0.0386875
0 0.32143055555555555 0.5260416666666666 0.38491666666666663 0.04315625
0 0.1736111111111111 0.6242604166666667 0.05356944444444445 0.034229166666666665
0 0.2986111111111111 0.6227708333333334 0.04959722222222222 0.040177083333333335
0 0.4196388888888889 0.6212812499999999 0.057541666666666665 0.03719791666666667
0 0.37995833333333334 0.7165208333333334 0.49801388888888887 0.046135416666666665
0 0.6785694444444444 0.7180104166666667 0.05555555555555555 0.03719791666666667
0 0.18254166666666669 0.7686041666666666 0.07143055555555555 0.040177083333333335
0 0.32440277777777776 0.765625 0.09325 0.03719791666666667
0 0.45734722222222224 0.7760416666666666 0.06151388888888889 0.05803125
0 0.3571388888888889 0.8675625 0.46031944444444445 0.0625
0 0.625 0.8608645833333333 0.027777777777777776 0.034229166666666665
0 0.1706388888888889 0.9114583333333334 0.03968055555555556 0.04315625
0 0.3154722222222222 0.9114583333333334 0.05555555555555555 0.034229166666666665
0 0.44245833333333334 0.9084791666666666 0.051583333333333335 0.040177083333333335
0 0.5615138888888889 0.9055104166666667 0.035708333333333335 0.046135416666666665
0 0.6805555555555556 0.9278229166666667 0.051583333333333335 0.0699375