0 0.5245578947368421 0.1448281642917016 0.1368421052631579 0.034459346186085496
0 0.5222210526315789 0.19605196982397316 0.30292631578947365 0.0381894383906119
0 0.5198842105263157 0.25099748533109806 0.49006315789473687 0.04005029337803856
0 0.5292421052631578 0.3045515507124895 0.10643157894736842 0.03352891869237217
0 0.5269052631578948 0.3650963956412406 0.6912315789473684 0.04657166806370495
0 0.531578947368421 0.4177116512992456 0.31228421052631583 0.034459346186085496
0 0.49239999999999995 0.4661441743503772 0.7251473684210527 0.05495389773679799
0 0.4801157894736842 0.5080553227158424 0.723978947368421 0.060536462699077954
0 0.46783157894736843 0.5429840737636211 0.7181263157894737 0.05774518021793797
0 0.48830526315789474 0.5737133277451802 0.7684210526315789 0.06891869237217099
0 0.5152 0.6039899413243922 0.8315789473684211 0.06984911986588432
0 0.1479578947368421 0.6426404023470242 0.1017578947368421 0.03538977367979883
0 0.5134526315789474 0.6654568315171836 0.8187157894736842 0.06239731768650461
0 0.4888842105263158 0.705507124895222 0.7859684210526315 0.06984911986588432
0 0.5081894736842105 0.7362363788767813 0.8409368421052631 0.06426655490360436
0 0.3520421052631579 0.7772170997485331 0.5426947368421052 0.06798826487845767
0 0.2660842105263158 0.8163369656328583 0.3380105263157895 0.06612740989103101
0 0.26958947368421055 0.8438139145012573 0.3520421052631579 0.05774518021793797
0 0.2918105263157895 0.8931768650461022 0.3894736842105263 0.06705783738474434
0 0.22338947368421053 0.9285666387259011 0.23859999999999998 0.050293378038558254
0 0.7350842105263158 0.8340318524727578 0.30760000000000004 0.22632020117351215