0 0.49038590604026844 0.1201592356687898 0.736728187919463 0.11003184713375795
0 0.4560738255033557 0.2670700636942675 0.660469798657718 0.10856687898089173
0 0.49001677852348996 0.3336624203821656 0.7100335570469799 0.07961783439490445
0 0.4961073825503356 0.41544585987261146 0.7375 0.10713375796178344
0 0.45454697986577186 0.4878343949044586 0.6360570469798658 0.09264331210191083
0 0.45721476510067116 0.5500955414012738 0.6581711409395973 0.07818471337579617
0 0.49916107382550334 0.6333121019108281 0.7435906040268456 0.10277070063694269
0 0.47323825503355704 0.7028025477707006 0.7024161073825503 0.11436305732484076
0 0.4697986577181208 0.7766242038216561 0.6894463087248323 0.10277070063694269
0 0.4911577181208054 0.8504777070063695 0.7443624161073825 0.1056687898089172
0 0.2253691275167785 0.9105414012738854 0.21431208053691275 0.08394904458598726