0 0.5192307692307693 0.047872340425531915 0.7923076923076923 0.09042553191489362
0 0.49615384615384617 0.10904255319148937 0.9730769230769231 0.0851063829787234
0 0.5057692307692307 0.16489361702127658 0.9846153846153847 0.0851063829787234
0 0.47307692307692306 0.22606382978723405 0.9192307692307692 0.0797872340425532
0 0.5 0.27925531914893614 0.9692307692307692 0.07446808510638298
0 0.47115384615384615 0.32180851063829785 0.9 0.047872340425531915
0 0.4230769230769231 0.39095744680851063 0.8115384615384615 0.0797872340425532
0 0.5615384615384615 0.449468085106383 0.8576923076923076 0.0851063829787234
0 0.12884615384615383 0.48936170212765956 0.2230769230769231 0.05851063829787234
0 0.5653846153846154 0.5452127659574468 0.8576923076923076 0.05851063829787234
0 0.5153846153846153 0.6223404255319149 0.9692307692307692 0.0851063829787234
0 0.25769230769230766 0.675531914893617 0.4576923076923077 0.06914893617021277
0 0.5576923076923077 0.723404255319149 0.8153846153846154 0.09042553191489362
0 0.1423076923076923 0.7872340425531915 0.2423076923076923 0.0797872340425532
0 0.5557692307692308 0.8909574468085106 0.8192307692307692 0.10106382978723404
0 0.11923076923076924 0.9547872340425532 0.13846153846153847 0.07446808510638298