0 0.39599609375 0.04219409282700422 0.3505859375 0.06469760900140648
0 0.18798828125 0.0970464135021097 0.0830078125 0.05063291139240506
0 0.3623046875 0.9472573839662447 0.50390625 0.057665260196905765
0 0.4814453125 0.9029535864978903 0.720703125 0.0759493670886076
0 0.21142578125 0.8424753867791842 0.2080078125 0.06469760900140648
0 0.50732421875 0.7791842475386779 0.8115234375 0.08438818565400844
0 0.50146484375 0.720112517580872 0.7216796875 0.08438818565400844
0 0.6787109375 0.6554149085794655 0.455078125 0.07313642756680731
0 0.48974609375 0.6082981715893109 0.7314453125 0.0970464135021097
0 0.5224609375 0.5555555555555556 0.802734375 0.08438818565400844
0 0.537109375 0.5007032348804501 0.76953125 0.09563994374120956
0 0.19482421875 0.4542897327707454 0.1298828125 0.05625879043600562
0 0.5107421875 0.3790436005625879 0.765625 0.0970464135021097
0 0.18408203125 0.360056258790436 0.0791015625 0.04781997187060478
0 0.53369140625 0.13009845288326302 0.7294921875 0.10548523206751055
0 0.5107421875 0.17932489451476794 0.748046875 0.10267229254571027
0 0.529296875 0.23839662447257384 0.78515625 0.09985935302390998
0 0.4658203125 0.2869198312236287 0.65625 0.09563994374120956