0 0.05291666666666667 0.20921985815602837 0.10583333333333333 0.04964539007092199
0 0.34791666666666665 0.1900709219858156 0.07583333333333334 0.08794326241134752
0 0.23333333333333334 0.2801418439716312 0.4666666666666667 0.1148936170212766
0 0.08333333333333333 0.349645390070922 0.16666666666666666 0.10070921985815603
0 0.41 0.5290780141843971 0.25 0.10212765957446808
0 0.40958333333333335 0.6063829787234043 0.24916666666666668 0.08085106382978724
0 0.36125 0.7531914893617021 0.3475 0.11063829787234042
0 0.4170833333333333 0.8085106382978723 0.2175 0.07092198581560284
0 0.6041666666666666 0.029078014184397163 0.09833333333333333 0.05815602836879433
0 0.9054166666666666 0.0425531914893617 0.17083333333333334 0.07943262411347518
0 0.6795833333333333 0.09787234042553192 0.25583333333333336 0.07943262411347518
0 0.775 0.17659574468085107 0.45 0.10070921985815603
0 0.6320833333333333 0.24468085106382978 0.15916666666666668 0.08085106382978724
0 0.6641666666666667 0.32269503546099293 0.165 0.07801418439716312
0 0.7908333333333334 0.39078014184397164 0.4166666666666667 0.0950354609929078
0 0.7754166666666666 0.46879432624113476 0.44916666666666666 0.09787234042553192
0 0.77 0.5446808510638298 0.43666666666666665 0.10212765957446808
0 0.7683333333333333 0.625531914893617 0.4266666666666667 0.09645390070921986
0 0.7779166666666667 0.6872340425531915 0.44416666666666665 0.06950354609929078
0 0.77625 0.7709219858156028 0.44083333333333335 0.09219858156028368
0 0.78 0.8460992907801419 0.44 0.09219858156028368
0 0.7333333333333333 0.925531914893617 0.35333333333333333 0.08652482269503546
0 0.7970833333333334 0.9773049645390071 0.4058333333333333 0.04539007092198582