0 0.2514792899408284 0.051470588235294115 0.46745562130177515 0.031512605042016806
0 0.8831360946745562 0.09978991596638656 0.09467455621301775 0.018907563025210083
0 0.8979289940828402 0.11764705882352941 0.11834319526627218 0.018907563025210083
0 0.46005917159763315 0.11239495798319328 0.1863905325443787 0.037815126050420166
0 0.48520710059171596 0.17542016806722688 0.5502958579881657 0.058823529411764705
0 0.41420118343195267 0.21533613445378152 0.5502958579881657 0.05672268907563025
0 0.45710059171597633 0.2542016806722689 0.6390532544378699 0.058823529411764705
0 0.4896449704142012 0.2867647058823529 0.6804733727810651 0.0546218487394958
0 0.4807692307692308 0.32563025210084034 0.7011834319526628 0.06722689075630252
0 0.4556213017751479 0.36554621848739494 0.6301775147928994 0.058823529411764705
0 0.4467455621301775 0.4012605042016807 0.6153846153846154 0.052521008403361345
0 0.4467455621301775 0.44012605042016806 0.6153846153846154 0.06932773109243698
0 0.47041420118343197 0.47478991596638653 0.6538461538461539 0.06302521008403361
0 0.45710059171597633 0.5042016806722689 0.6124260355029586 0.06512605042016807
0 0.46153846153846156 0.5367647058823529 0.636094674556213 0.05672268907563025
0 0.4437869822485207 0.5724789915966386 0.6153846153846154 0.0546218487394958
0 0.44822485207100593 0.6081932773109243 0.6331360946745562 0.06512605042016807
0 0.45857988165680474 0.6365546218487395 0.6449704142011834 0.052521008403361345
0 0.22485207100591717 0.6775210084033614 0.1804733727810651 0.03361344537815126
0 0.5207100591715976 0.7153361344537815 0.514792899408284 0.058823529411764705
0 0.4334319526627219 0.7521008403361344 0.5857988165680473 0.052521008403361345
0 0.46153846153846156 0.7815126050420168 0.6479289940828402 0.052521008403361345
0 0.43047337278106507 0.8161764705882353 0.606508875739645 0.0546218487394958
0 0.46597633136094674 0.8539915966386554 0.6715976331360947 0.06932773109243698
0 0.4511834319526627 0.8855042016806722 0.6301775147928994 0.0546218487394958
0 0.47041420118343197 0.9128151260504201 0.6804733727810651 0.05672268907563025
0 0.21893491124260356 0.9474789915966386 0.21893491124260356 0.02100840336134454
0 0.1893491124260355 0.9621848739495799 0.15680473372781065 0.018907563025210083
0 0.6789940828402367 0.9516806722689075 0.1863905325443787 0.0273109243697479
0 0.7011834319526628 0.9684873949579832 0.23668639053254437 0.031512605042016806