0 0.15604890604890606 0.02568075117370892 0.09009009009009009 0.027875586854460094
0 0.3362290862290862 0.02714788732394366 0.1994851994851995 0.03961267605633803
0 0.5662805662805663 0.022007042253521125 0.17052767052767054 0.03227699530516432
0 0.16007722007722008 0.060152582159624414 0.0916988416988417 0.035211267605633804
0 0.5164092664092664 0.05355633802816902 0.5694980694980695 0.054284037558685445
0 0.3306048906048906 0.09242957746478873 0.19144144144144143 0.03814553990610329
0 0.7150965250965251 0.08509389671361503 0.12065637065637065 0.035211267605633804
0 0.41023166023166024 0.12104460093896713 0.3539253539253539 0.03961267605633803
0 0.15926640926640925 0.15038732394366197 0.09652509652509653 0.030809859154929578
0 0.15122265122265122 0.18559859154929578 0.09652509652509653 0.042546948356807515
0 0.33462033462033464 0.1547887323943662 0.1833976833976834 0.03961267605633803
0 0.365997425997426 0.17826291079812207 0.24613899613899615 0.027875586854460094
0 0.8397683397683398 0.14524647887323944 0.08043758043758044 0.04107981220657277
0 0.3112998712998713 0.21640845070422535 0.13996138996138996 0.03961267605633803
0 0.3273873873873874 0.3044366197183099 0.32014157014157013 0.042546948356807515
0 0.6057014157014157 0.30003521126760563 0.07882882882882883 0.027875586854460094
0 0.34025740025740026 0.36752347417840375 0.20752895752895753 0.042546948356807515
0 0.32014157014157013 0.39686619718309857 0.1640926640926641 0.03961267605633803
0 0.583976833976834 0.36018779342723006 0.14157014157014158 0.027875586854460094
0 0.5855855855855856 0.3873239436619718 0.15444015444015444 0.03227699530516432
0 0.7762290862290863 0.3198356807511737 0.030566280566280565 0.023474178403755867
0 0.7714028314028314 0.36165492957746476 0.10135135135135136 0.027875586854460094
0 0.7786357786357786 0.38512910798122063 0.11583011583011583 0.027875586854460094
0 0.5598455598455598 0.41960093896713613 0.02574002574002574 0.017605633802816902
0 0.818056628056628 0.4166666666666667 0.02413127413127413 0.017605633802816902
0 0.3161261261261261 0.46142018779342725 0.13996138996138996 0.03961267605633803
0 0.2887773487773488 0.49369718309859156 0.08848133848133848 0.03667840375586855
0 0.575933075933076 0.4533450704225352 0.14157014157014158 0.029342723004694836
0 0.5646718146718147 0.48268779342723006 0.11583011583011583 0.023474178403755867
0 0.7786357786357786 0.45555164319248825 0.1093951093951094 0.03374413145539906
0 0.7802445302445302 0.47902582159624413 0.13191763191763192 0.027875586854460094