0 0.36688311688311687 0.036458333333333336 0.25757575757575757 0.07291666666666667
0 0.474025974025974 0.1076388888888889 0.79004329004329 0.16319444444444445
0 0.48917748917748916 0.19791666666666666 0.841991341991342 0.15625
0 0.42857142857142855 0.2795138888888889 0.6991341991341992 0.14930555555555555
0 0.5097402597402597 0.3454861111111111 0.8441558441558441 0.1701388888888889
0 0.48917748917748916 0.4340277777777778 0.8116883116883117 0.16319444444444445
0 0.5194805194805194 0.515625 0.8701298701298701 0.1736111111111111
0 0.48917748917748916 0.5902777777777778 0.816017316017316 0.14930555555555555
0 0.48593073593073594 0.6822916666666666 0.8008658008658008 0.1527777777777778
0 0.512987012987013 0.7465277777777778 0.7792207792207793 0.12152777777777778
0 0.5010822510822511 0.8350694444444444 0.8225108225108225 0.1527777777777778
0 0.5021645021645021 0.9149305555555556 0.8203463203463204 0.1423611111111111
0 0.49242424242424243 0.9565972222222222 0.8203463203463204 0.08680555555555555