0 0.09918918918918919 0.38317307692307695 0.17891891891891892 0.07307692307692308
0 0.10135135135135136 0.4596153846153846 0.16216216216216217 0.07884615384615384
0 0.10162162162162162 0.5336538461538461 0.04756756756756757 0.052884615384615384
0 0.1 0.6072115384615384 0.18 0.07596153846153846
0 0.10540540540540541 0.6846153846153846 0.20810810810810812 0.08557692307692308
0 0.4408108108108108 0.2721153846153846 0.1783783783783784 0.07403846153846154
0 0.6251351351351352 0.09086538461538461 0.04 0.02980769230769231
0 0.6229729729729729 0.13365384615384615 0.04 0.03461538461538462
0 0.5505405405405406 0.38269230769230766 0.36972972972972973 0.07692307692307693
0 0.49972972972972973 0.43701923076923077 0.40756756756756757 0.06826923076923076
0 0.4845945945945946 0.49903846153846154 0.3637837837837838 0.075