0 0.14238532110091742 0.05818965517241379 0.24655963302752293 0.021551724137931036
0 0.7444495412844037 0.057465517241379306 0.11277522935779817 0.022982758620689655
0 0.4099770642201835 0.10848275862068966 0.7817201834862385 0.01867241379310345
0 0.4099770642201835 0.12427586206896551 0.7855504587155964 0.01867241379310345
0 0.4099770642201835 0.1408103448275862 0.7855504587155964 0.020120689655172413
0 0.4090137614678899 0.15732758620689655 0.7798165137614679 0.01867241379310345
0 0.2618577981651376 0.1738448275862069 0.481651376146789 0.020120689655172413
0 0.3889449541284404 0.22701724137931031 0.7511467889908257 0.04598275862068966
0 0.4243119266055046 0.25862068965517243 0.8256880733944955 0.048844827586206896
0 0.40614678899082574 0.29310344827586204 0.7893807339449541 0.04022413793103448
0 0.3918119266055046 0.3347758620689655 0.7645183486238532 0.05172413793103448
0 0.35740825688073397 0.3599137931034483 0.695711009174312 0.03591379310344827
0 0.35646788990825684 0.39655172413793105 0.6861697247706422 0.04598275862068966
0 0.35360091743119265 0.43175862068965515 0.6995412844036697 0.0531551724137931
0 0.41857798165137616 0.47270689655172415 0.7951146788990826 0.057465517241379306
0 0.3774770642201835 0.5172413793103449 0.709105504587156 0.0718448275862069
0 0.05256880733944955 0.9073275862068966 0.06690366972477065 0.01581034482758621