0 0.17976489028213166 0.1290711462450593 0.17340125391849529 0.07041501976284585
0 0.23609717868338556 0.16737154150197628 0.2684169278996865 0.07535573122529644
0 0.4751253918495298 0.15563241106719367 0.050940438871473356 0.04940711462450593
0 0.46532915360501564 0.20936758893280633 0.04506269592476489 0.05312252964426877
0 0.2566614420062696 0.26555335968379445 0.31152037617554856 0.06669960474308301
0 0.5897335423197492 0.26804347826086955 0.11559561128526646 0.06175889328063241
0 0.6876959247648903 0.31559288537549407 0.3036833855799373 0.07782608695652174
0 0.37520376175548587 0.38476284584980236 0.536833855799373 0.07782608695652174
0 0.21503134796238244 0.4409683794466403 0.15184952978056426 0.05434782608695652
0 0.45797805642633227 0.4341699604743083 0.1283385579937304 0.06053359683794466
0 0.5167554858934169 0.4872727272727273 0.04800940438871473 0.04324110671936759
0 0.470705329153605 0.5434782608695652 0.6514576802507837 0.0741106719367589
0 0.4104702194357367 0.6033794466403162 0.5387931034482759 0.06794466403162056
0 0.27136363636363636 0.7003557312252965 0.3448275862068966 0.06175889328063241
0 0.3306269592476489 0.8059486166007905 0.439858934169279 0.06300395256916996
0 0.285564263322884 0.8572134387351779 0.3046551724137931 0.06669960474308301
0 0.43495297805642635 0.9177470355731225 0.5877742946708464 0.0741106719367589
0 0.4124294670846395 0.9712252964426877 0.5250783699059561 0.05756916996047431