0 0.1525 0.022004889975550123 0.16833333333333333 0.03178484107579462
0 0.6820833333333334 0.012224938875305624 0.16083333333333333 0.02444987775061125
0 0.09375 0.0715158924205379 0.0325 0.037897310513447434
0 0.14958333333333335 0.07212713936430318 0.034166666666666665 0.039119804400977995
0 0.20375 0.0715158924205379 0.03333333333333333 0.034229828850855744
0 0.25833333333333336 0.07090464547677261 0.0325 0.035452322738386305
0 0.31333333333333335 0.0678484107579462 0.035 0.035452322738386305
0 0.3670833333333333 0.06601466992665037 0.03166666666666667 0.034229828850855744
0 0.42333333333333334 0.0647921760391198 0.03166666666666667 0.037897310513447434
0 0.4775 0.06234718826405868 0.03333333333333333 0.03300733496332518
0 0.09375 0.11246943765281174 0.034166666666666665 0.037897310513447434
0 0.09458333333333334 0.15403422982885084 0.030833333333333334 0.034229828850855744
0 0.11541666666666667 0.19987775061124693 0.08416666666666667 0.05256723716381418
0 0.22625 0.19621026894865526 0.085 0.04523227383863081
0 0.3358333333333333 0.1949877750611247 0.0825 0.04767726161369193
0 0.44583333333333336 0.19437652811735942 0.08416666666666667 0.0488997555012225
0 0.11625 0.24266503667481662 0.08166666666666667 0.04645476772616137
0 0.11791666666666667 0.2823960880195599 0.0825 0.0488997555012225
0 0.09375 0.3184596577017115 0.02666666666666667 0.03300733496332518
0 0.14875 0.3160146699266504 0.02666666666666667 0.035452322738386305
0 0.20375 0.3141809290953545 0.02666666666666667 0.03300733496332518
0 0.25875 0.31234718826405866 0.028333333333333332 0.034229828850855744
0 0.31416666666666665 0.3111246943765281 0.0275 0.034229828850855744
0 0.36875 0.3099022004889976 0.02666666666666667 0.03300733496332518
0 0.425 0.308679706601467 0.029166666666666667 0.03300733496332518
0 0.4795833333333333 0.3080684596577017 0.02666666666666667 0.03178484107579462
0 0.09458333333333334 0.3581907090464548 0.025833333333333333 0.03178484107579462
0 0.09583333333333334 0.3991442542787286 0.029166666666666667 0.035452322738386305
0 0.10916666666666666 0.4382640586797066 0.056666666666666664 0.034229828850855744
0 0.1925 0.4345965770171149 0.056666666666666664 0.03300733496332518
0 0.275 0.43276283618581907 0.056666666666666664 0.034229828850855744
0 0.35791666666666666 0.4315403422982885 0.05416666666666667 0.035452322738386305
0 0.43916666666666665 0.43092909535452323 0.05333333333333334 0.03300733496332518
0 0.11041666666666666 0.4779951100244499 0.055 0.03300733496332518
0 0.11166666666666666 0.5183374083129584 0.055 0.03300733496332518
0 0.2629166666666667 0.5941320293398533 0.21 0.039119804400977995
0 0.2629166666666667 0.6356968215158925 0.20916666666666667 0.04156479217603912
0 0.25833333333333336 0.7603911980440098 0.20666666666666667 0.05378973105134474
0 0.25875 0.8031784841075794 0.20583333333333334 0.05134474327628362
0 0.08458333333333333 0.9125916870415648 0.0475 0.022004889975550123
0 0.15 0.9113691931540342 0.018333333333333333 0.017114914425427872
0 0.23208333333333334 0.910757946210269 0.0225 0.01589242053789731
0 0.34875 0.9052567237163814 0.0625 0.022004889975550123
0 0.27666666666666667 0.9584352078239609 0.019166666666666665 0.023227383863080684
0 0.6275 0.06234718826405868 0.035 0.034229828850855744
0 0.6816666666666666 0.059290953545232276 0.034166666666666665 0.03667481662591687
0 0.7358333333333333 0.05867970660146699 0.034166666666666665 0.035452322738386305
0 0.7908333333333334 0.055623471882640586 0.034166666666666665 0.03667481662591687
0 0.8466666666666667 0.055623471882640586 0.03666666666666667 0.037897310513447434
0 0.9016666666666666 0.05378973105134474 0.035 0.039119804400977995
0 0.9566666666666667 0.0519559902200489 0.03666666666666667 0.037897310513447434
0 0.6270833333333333 0.10024449877750612 0.03333333333333333 0.034229828850855744
0 0.6270833333333333 0.14119804400977995 0.035833333333333335 0.03300733496332518
0 0.6525 0.18276283618581907 0.08083333333333333 0.035452322738386305
0 0.7629166666666667 0.1784841075794621 0.08166666666666667 0.037897310513447434
0 0.8733333333333333 0.17603911980440098 0.08416666666666667 0.03667481662591687
0 0.96875 0.171760391198044 0.055 0.03667481662591687
0 0.6529166666666667 0.21943765281173594 0.0825 0.03300733496332518
0 0.6520833333333333 0.2616136919315403 0.08166666666666667 0.03667481662591687
0 0.62625 0.30378973105134477 0.0275 0.03300733496332518
0 0.6820833333333334 0.30012224938875304 0.0275 0.034229828850855744
0 0.7345833333333334 0.2982885085574572 0.02666666666666667 0.037897310513447434
0 0.79 0.29645476772616136 0.025833333333333333 0.03667481662591687
0 0.8454166666666667 0.29584352078239606 0.025833333333333333 0.034229828850855744
0 0.9008333333333334 0.293398533007335 0.0275 0.03667481662591687
0 0.95625 0.2946210268948655 0.025833333333333333 0.034229828850855744
0 0.6275 0.34474327628361856 0.02666666666666667 0.034229828850855744
0 0.6283333333333333 0.38386308068459657 0.0275 0.03178484107579462
0 0.6491666666666667 0.4248166259168704 0.07166666666666667 0.034229828850855744
0 0.7595833333333334 0.42114914425427874 0.07083333333333333 0.035452322738386305
0 0.8691666666666666 0.4180929095354523 0.07 0.034229828850855744
0 0.9716666666666667 0.41625916870415647 0.055 0.03667481662591687
0 0.6504166666666666 0.46454767726161367 0.07 0.035452322738386305
0 0.65 0.5048899755501223 0.07 0.03300733496332518
0 0.81875 0.5458435207823961 0.2025 0.05378973105134474
0 0.8204166666666667 0.589242053789731 0.20083333333333334 0.05256723716381418
0 0.8075 0.7408312958435208 0.17416666666666666 0.037897310513447434
0 0.8075 0.7817848410757946 0.17333333333333334 0.039119804400977995