0 0.2806047197640118 0.01607142857142857 0.3355457227138643 0.03214285714285714
0 0.48930678466076694 0.065 0.7581120943952803 0.12571428571428572
0 0.5394542772861357 0.14357142857142857 0.8790560471976401 0.13714285714285715
0 0.4306784660766962 0.21 0.6688790560471977 0.12642857142857142
0 0.40117994100294985 0.2642857142857143 0.6187315634218289 0.08857142857142856
0 0.38827433628318586 0.3425 0.6106194690265486 0.07642857142857143
0 0.3219026548672566 0.4114285714285714 0.4896755162241888 0.11642857142857142
0 0.4092920353982301 0.48428571428571426 0.6629793510324484 0.09071428571428572
0 0.2776548672566372 0.545 0.4166666666666667 0.08642857142857142
0 0.38495575221238937 0.6239285714285714 0.6452802359882006 0.09857142857142857
0 0.38421828908554573 0.6992857142857143 0.6578171091445427 0.105
0 0.523598820058997 0.7832142857142858 0.9358407079646017 0.15285714285714286