0 0.5084269662921348 0.13617886178861788 0.8089887640449438 0.06097560975609756
0 0.49719101123595505 0.16666666666666666 0.7808988764044944 0.04878048780487805
0 0.4859550561797753 0.19715447154471544 0.7584269662921348 0.056910569105691054
0 0.5028089887640449 0.22560975609756098 0.7808988764044944 0.052845528455284556
0 0.46629213483146065 0.25203252032520324 0.7134831460674157 0.044715447154471545
0 0.47752808988764045 0.2804878048780488 0.7303370786516854 0.04878048780487805
0 0.45786516853932585 0.3130081300813008 0.7078651685393258 0.044715447154471545
0 0.48314606741573035 0.3394308943089431 0.7303370786516854 0.052845528455284556
0 0.4747191011235955 0.3699186991869919 0.7191011235955056 0.04878048780487805
0 0.48314606741573035 0.40040650406504064 0.7528089887640449 0.052845528455284556
0 0.49157303370786515 0.4268292682926829 0.7584269662921348 0.04878048780487805
0 0.46629213483146065 0.45934959349593496 0.7191011235955056 0.052845528455284556
0 0.49719101123595505 0.4878048780487805 0.7640449438202247 0.056910569105691054
0 0.4438202247191011 0.5121951219512195 0.6741573033707865 0.052845528455284556
0 0.4550561797752809 0.5426829268292683 0.702247191011236 0.044715447154471545
0 0.1544943820224719 0.5609756097560976 0.10112359550561797 0.028455284552845527
0 0.6910112359550562 0.6829268292682927 0.29775280898876405 0.052845528455284556