0 0.14213197969543148 0.06601731601731602 0.1700507614213198 0.08225108225108226
0 0.2753807106598985 0.21212121212121213 0.4263959390862944 0.08441558441558442
0 0.5190355329949239 0.2878787878787879 0.9568527918781726 0.08874458874458875
0 0.4796954314720812 0.3647186147186147 0.850253807106599 0.10606060606060606
0 0.4593908629441624 0.43506493506493504 0.8096446700507615 0.07575757575757576
0 0.2639593908629442 0.5140692640692641 0.4035532994923858 0.06926406926406926
0 0.45558375634517767 0.5822510822510822 0.8248730964467005 0.11038961038961038
0 0.5253807106598984 0.6525974025974026 0.9441624365482234 0.09307359307359307
0 0.2652284263959391 0.7261904761904762 0.4086294416243655 0.0735930735930736
0 0.37944162436548223 0.7987012987012987 0.6015228426395939 0.08658008658008658
0 0.48223350253807107 0.8787878787878788 0.8553299492385786 0.10822510822510822
0 0.6928934010152284 0.9437229437229437 0.4746192893401015 0.08658008658008658