0 0.3540772532188841 0.04280821917808219 0.2575107296137339 0.0821917808219178
0 0.4613733905579399 0.10616438356164383 0.7832618025751072 0.1815068493150685
0 0.47854077253218885 0.1934931506849315 0.8369098712446352 0.17465753424657535
0 0.4216738197424893 0.2773972602739726 0.6952789699570815 0.1678082191780822
0 0.5053648068669528 0.3356164383561644 0.8369098712446352 0.1917808219178082
0 0.4871244635193133 0.4263698630136986 0.8068669527896996 0.1815068493150685
0 0.51931330472103 0.5034246575342466 0.8626609442060086 0.1952054794520548
0 0.49141630901287553 0.5804794520547946 0.8090128755364807 0.1678082191780822
0 0.4924892703862661 0.6695205479452054 0.796137339055794 0.17123287671232876
0 0.5203862660944206 0.7311643835616438 0.7725321888412017 0.1404109589041096
0 0.5118025751072961 0.8184931506849316 0.8154506437768241 0.17465753424657535
0 0.5150214592274678 0.8972602739726028 0.8133047210300429 0.16095890410958905
0 0.5085836909871244 0.9434931506849316 0.8154506437768241 0.11301369863013698