0 0.27698355968548966 0.02643845089903181 0.3246676197283774 0.04726832641770401
0 0.4805360972122945 0.08024204702627939 0.7317655468191565 0.09733056708160444
0 0.5318513223731236 0.15438450899031814 0.848699070764832 0.10395573997233748
0 0.42879199428162973 0.2224412171507607 0.645432451751251 0.10062240663900415
0 0.4022015725518227 0.2758367911479945 0.5979771265189422 0.06575380359612724
0 0.3924803431022159 0.3520539419087137 0.5899714081486777 0.05439142461964039
0 0.3304431736954968 0.42080221300138315 0.4716154395997141 0.09670816044260028
0 0.4176411722659042 0.488582295988935 0.6402859185132237 0.06625864453665284
0 0.29242315939957114 0.5515214384508991 0.40128663330950676 0.07040110650069156
0 0.39891350964974986 0.6242807745504841 0.6228520371694067 0.07425311203319503
0 0.400771979985704 0.6971784232365146 0.6351393852751965 0.08060165975103734
0 0.5412866333095068 0.7742254495159059 0.9075911365260901 0.11738589211618258