0 0.5143386243386243 0.0701498127340824 0.8543386243386243 0.04700374531835206
0 0.4824338624338625 0.1000749063670412 0.8029629629629629 0.04295880149812734
0 0.49253968253968256 0.130374531835206 0.8169841269841269 0.046254681647940075
0 0.4699470899470899 0.15734082397003746 0.7905291005291005 0.04295880149812734
0 0.4614285714285714 0.18434456928838952 0.7392063492063492 0.03745318352059925
0 0.5065608465608465 0.21131086142322097 0.8356613756613757 0.03853932584269663
0 0.504973544973545 0.23722846441947568 0.8356613756613757 0.04404494382022472
0 0.4753968253968254 0.2669662921348315 0.7765079365079365 0.04187265917602996
0 0.5041798941798942 0.29284644194756554 0.8528042328042328 0.040749063670411985
0 0.48862433862433857 0.32037453183520603 0.8278835978835979 0.040749063670411985
0 0.5057671957671958 0.34846441947565543 0.8341269841269842 0.04404494382022472
0 0.4474074074074074 0.3749063670411985 0.7392063492063492 0.04404494382022472
0 0.4847619047619048 0.4057677902621723 0.788994708994709 0.048464419475655426
0 0.4614285714285714 0.43108614232209735 0.7329629629629629 0.046254681647940075
0 0.39915343915343915 0.45367041198501873 0.6271428571428571 0.03194756554307116
0 0.5065608465608465 0.4817602996254681 0.8419047619047619 0.04404494382022472
0 0.4512698412698413 0.5070786516853932 0.7314285714285714 0.04187265917602996
0 0.4715343915343916 0.5368539325842697 0.7656613756613757 0.04187265917602996
0 0.45439153439153435 0.5632584269662921 0.7625396825396825 0.0396629213483146
0 0.48396825396825394 0.5886142322097379 0.7936507936507936 0.0396629213483146
0 0.17116402116402119 0.6144943820224719 0.14941798941798942 0.03636704119850188
0 0.28476190476190477 0.6376404494382022 0.42328042328042326 0.03194756554307116