0 0.4945652173913043 0.06596452328159645 0.8633540372670807 0.09312638580931264
0 0.4829192546583851 0.12028824833702882 0.8229813664596274 0.1008869179600887
0 0.4114906832298137 0.1607538802660754 0.687888198757764 0.08980044345898004
0 0.20263975155279504 0.2682926829268293 0.12577639751552794 0.050997782705099776
0 0.5364906832298136 0.307649667405765 0.9192546583850931 0.09534368070953436
0 0.18788819875776397 0.36751662971175164 0.21583850931677018 0.05321507760532151
0 0.43788819875776397 0.4063192904656319 0.7049689440993789 0.07649667405764966
0 0.3998447204968944 0.46286031042128606 0.639751552795031 0.07760532150776053
0 0.359472049689441 0.5149667405764967 0.5388198757763976 0.06541019955654102
0 0.359472049689441 0.5665188470066519 0.5496894409937888 0.08314855875831485
0 0.4968944099378882 0.6574279379157428 0.2795031055900621 0.06541019955654102
0 0.5124223602484472 0.6990022172949002 0.17857142857142858 0.05321507760532151
0 0.3889751552795031 0.7621951219512195 0.4658385093167702 0.0787139689578714
0 0.41304347826086957 0.8120842572062085 0.6273291925465838 0.07317073170731707
0 0.578416149068323 0.8608647450110865 0.8183229813664596 0.0787139689578714
0 0.5388198757763976 0.9085365853658537 0.8509316770186336 0.07538802660753881
0 0.28493788819875776 0.9567627494456763 0.34937888198757766 0.06430155210643015
0 0.22903726708074534 0.9839246119733924 0.234472049689441 0.03215077605321508