0 0.3125 0.03912363067292645 0.14453125 0.056338028169014086
0 0.501953125 0.08607198748043818 0.890625 0.06885758998435054
0 0.513671875 0.13458528951486698 0.92578125 0.07198748043818466
0 0.140625 0.18231611893583724 0.13671875 0.048513302034428794
0 0.5146484375 0.23395931142410015 0.927734375 0.07668231611893583
0 0.2158203125 0.2918622848200313 0.294921875 0.057902973395931145
0 0.365234375 0.33724569640062596 0.64453125 0.06416275430359937
0 0.228515625 0.38497652582159625 0.21484375 0.0406885758998435
0 0.3544921875 0.42488262910798125 0.623046875 0.054773082942097026
0 0.4521484375 0.4812206572769953 0.642578125 0.048513302034428794
0 0.3759765625 0.5320813771517997 0.662109375 0.056338028169014086
0 0.513671875 0.582942097026604 0.83984375 0.054773082942097026
0 0.314453125 0.6369327073552425 0.53125 0.0594679186228482
0 0.2578125 0.6838810641627543 0.359375 0.053208137715179966
0 0.365234375 0.7284820031298904 0.578125 0.06103286384976526
0 0.4326171875 0.7863849765258216 0.708984375 0.048513302034428794
0 0.240234375 0.8309859154929577 0.390625 0.050078247261345854
0 0.2705078125 0.8865414710485133 0.400390625 0.048513302034428794
0 0.759765625 0.8818466353677621 0.40625 0.06103286384976526
0 0.435546875 0.9436619718309859 0.703125 0.053208137715179966