0 0.2062937062937063 0.20104895104895104 0.4020979020979021 0.09090909090909091
0 0.18181818181818182 0.2937062937062937 0.1853146853146853 0.08391608391608392
0 0.01048951048951049 0.3881118881118881 0.017482517482517484 0.024475524475524476
0 0.13286713286713286 0.4178321678321678 0.26223776223776224 0.027972027972027972
0 0.1346153846153846 0.4423076923076923 0.26573426573426573 0.02097902097902098
0 0.2062937062937063 0.47027972027972026 0.4125874125874126 0.027972027972027972
0 0.03496503496503497 0.6748251748251748 0.06993006993006994 0.027972027972027972
0 0.19055944055944055 0.7062937062937062 0.3811188811188811 0.03496503496503497
0 0.6433566433566433 0.07342657342657342 0.19230769230769232 0.027972027972027972
0 0.7762237762237763 0.10139860139860139 0.3811188811188811 0.03146853146853147
0 0.6730769230769231 0.12412587412587413 0.17132867132867133 0.03496503496503497
0 0.6730769230769231 0.32517482517482516 0.3181818181818182 0.03146853146853147
0 0.7377622377622378 0.3513986013986014 0.3741258741258741 0.03146853146853147
0 0.7657342657342657 0.3793706293706294 0.43356643356643354 0.03146853146853147
0 0.7534965034965035 0.5821678321678322 0.4195804195804196 0.03496503496503497
0 0.7884615384615384 0.6066433566433567 0.4195804195804196 0.03496503496503497
0 0.6678321678321678 0.6346153846153846 0.13286713286713286 0.024475524475524476
0 0.7867132867132867 0.6608391608391608 0.4195804195804196 0.03146853146853147
0 0.7097902097902098 0.8916083916083916 0.34265734265734266 0.03146853146853147