0 0.17965333333333336 0.16246666666666668 0.11274666666666668 0.09609999999999999
0 0.17370666666666668 0.28106666666666663 0.09674666666666668 0.0748
0 0.15996 0.37235 0.07337333333333333 0.05836666666666667
0 0.15392 0.4984 0.06742666666666666 0.08065
0 0.15986666666666668 0.5936666666666667 0.07521333333333333 0.08241666666666667
0 0.16417333333333334 0.7053333333333334 0.07973333333333332 0.08215
0 0.16549333333333333 0.8257333333333333 0.27725333333333335 0.11571666666666668
0 0.5914266666666667 0.3404333333333333 0.10962666666666666 0.08888333333333333
0 0.5328666666666666 0.43274999999999997 0.19557333333333335 0.04783333333333333
0 0.6424933333333334 0.4976333333333333 0.24869333333333335 0.056549999999999996
0 0.5392266666666667 0.5785333333333333 0.17137333333333332 0.07678333333333333
0 0.59204 0.6618666666666667 0.25444 0.05881666666666666