0 0.4744329896907217 0.060772200772200774 0.5479381443298968 0.07864864864864865
0 0.4963917525773196 0.1472972972972973 0.8323711340206185 0.06293436293436294
0 0.399020618556701 0.2194980694980695 0.6872680412371135 0.0615057915057915
0 0.4687113402061856 0.28598455598455597 0.7884536082474227 0.07722007722007722
0 0.4639175257731959 0.36752895752895753 0.8094845360824742 0.09436293436293437
0 0.4438659793814433 0.408996138996139 0.7770103092783506 0.06293436293436294
0 0.4581958762886598 0.47976833976833977 0.778917525773196 0.07007722007722007
0 0.4858762886597938 0.5291119691119691 0.8915463917525773 0.08579150579150578
0 0.10881443298969072 0.6013127413127414 0.12597938144329898 0.0615057915057915
0 0.43912371134020617 0.6477992277992278 0.7522164948453609 0.11725868725868727
0 0.3722680412371134 0.7128571428571429 0.6453092783505154 0.11583011583011583
0 0.48577319587628864 0.7786486486486486 0.874742268041237 0.06903474903474903
0 0.43422680412371134 0.835984555984556 0.7591237113402063 0.07837837837837838
0 0.482680412371134 0.8909652509652509 0.8278865979381445 0.07606177606177605
0 0.4693814432989691 0.9453667953667954 0.8200515463917526 0.07254826254826255