0 0.5223214285714286 0.022340425531914895 0.7410714285714286 0.04468085106382979
0 0.35267857142857145 0.05531914893617021 0.12946428571428573 0.0425531914893617
0 0.5100446428571429 0.0574468085106383 0.10044642857142858 0.03404255319148936
0 0.6941964285714286 0.059574468085106386 0.18526785714285715 0.04042553191489362
0 0.5078125 0.12127659574468085 0.3549107142857143 0.04680851063829787
0 0.48549107142857145 0.16276595744680852 0.23883928571428573 0.04042553191489362
0 0.4296875 0.19893617021276597 0.4955357142857143 0.04893617021276596
0 0.14285714285714285 0.23297872340425532 0.24553571428571427 0.04680851063829787
0 0.7566964285714286 0.23404255319148937 0.18303571428571427 0.031914893617021274
0 0.15290178571428573 0.26170212765957446 0.26339285714285715 0.0425531914893617
0 0.5591517857142857 0.2702127659574468 0.12723214285714285 0.04680851063829787
0 0.8772321428571429 0.2734042553191489 0.14955357142857142 0.04893617021276596
0 0.08705357142857142 0.2968085106382979 0.12723214285714285 0.03404255319148936
0 0.14285714285714285 0.32978723404255317 0.234375 0.031914893617021274
0 0.7745535714285714 0.37340425531914895 0.17857142857142858 0.029787234042553193
0 0.14285714285714285 0.3723404255319149 0.24553571428571427 0.04893617021276596
0 0.16741071428571427 0.4031914893617021 0.27901785714285715 0.036170212765957444
0 0.5747767857142857 0.4095744680851064 0.13169642857142858 0.036170212765957444
0 0.890625 0.4148936170212766 0.15625 0.03829787234042553
0 0.09598214285714286 0.4372340425531915 0.13839285714285715 0.036170212765957444
0 0.15178571428571427 0.4723404255319149 0.23883928571428573 0.0425531914893617
0 0.25111607142857145 0.5074468085106383 0.44642857142857145 0.0425531914893617
0 0.3013392857142857 0.5468085106382978 0.5290178571428571 0.059574468085106386
0 0.25111607142857145 0.5819148936170213 0.43526785714285715 0.04680851063829787
0 0.30691964285714285 0.6170212765957447 0.5625 0.05319148936170213
0 0.7912946428571429 0.6180851063829788 0.05803571428571429 0.02553191489361702
0 0.11830357142857142 0.6446808510638298 0.18080357142857142 0.03404255319148936
0 0.5122767857142857 0.6882978723404255 0.96875 0.06170212765957447
0 0.14397321428571427 0.7148936170212766 0.2544642857142857 0.03404255319148936
0 0.18080357142857142 0.8595744680851064 0.3169642857142857 0.04680851063829787
0 0.13504464285714285 0.8914893617021277 0.22098214285714285 0.04042553191489362
0 0.48325892857142855 0.898936170212766 0.34598214285714285 0.059574468085106386
0 0.15959821428571427 0.926595744680851 0.2857142857142857 0.03829787234042553
0 0.7410714285714286 0.9329787234042554 0.15401785714285715 0.04042553191489362
0 0.22321428571428573 0.9670212765957447 0.39285714285714285 0.04893617021276596
0 0.7622767857142857 0.9691489361702128 0.27455357142857145 0.04893617021276596
0 0.14955357142857142 0.9882978723404255 0.25 0.01702127659574468
0 0.7466517857142857 0.9914893617021276 0.18080357142857142 0.01702127659574468