0 0.897695530726257 0.004712041884816754 0.034217877094972066 0.009424083769633508
0 0.9078212290502793 0.022774869109947644 0.04818435754189944 0.01832460732984293
0 0.5352653631284916 0.10104712041884817 0.7835195530726257 0.0712041884816754
0 0.4972067039106145 0.14031413612565444 0.9085195530726257 0.09214659685863874
0 0.4755586592178771 0.1662303664921466 0.875 0.07696335078534032
0 0.4884776536312849 0.2099476439790576 0.9120111731843575 0.08272251308900523
0 0.48079608938547486 0.24528795811518325 0.9057262569832403 0.08481675392670157
0 0.49511173184357543 0.28534031413612565 0.9420391061452514 0.08586387434554973
0 0.49511173184357543 0.3193717277486911 0.9546089385474861 0.07853403141361257
0 0.4731145251396648 0.36989528795811516 0.9273743016759777 0.08115183246073299
0 0.28631284916201116 0.40654450261780106 0.5418994413407822 0.06439790575916231
0 0.5314245810055865 0.43926701570680626 0.8624301675977654 0.05706806282722513
0 0.49231843575418993 0.4931937172774869 0.9685754189944135 0.08167539267015707
0 0.4818435754189944 0.5290575916230367 0.9462290502793296 0.0549738219895288
0 0.47381284916201116 0.5803664921465969 0.9343575418994413 0.07068062827225131
0 0.4329608938547486 0.6175392670157068 0.7583798882681564 0.06282722513089005