0 0.06770833333333333 0.11873819742489271 0.048614583333333336 0.028609442060085834
0 0.5685729166666668 0.09585407725321889 0.86284375 0.0829785407725322
0 0.63715625 0.1466351931330472 0.7118020833333334 0.07581974248927038
0 0.48784374999999996 0.23319313304721032 0.4479166666666667 0.06866952789699571
0 0.5607604166666668 0.282549356223176 0.8506979166666666 0.07296137339055794
0 0.5529479166666668 0.3340515021459228 0.89409375 0.07010300429184549
0 0.5546875 0.3798283261802575 0.890625 0.06151931330472103
0 0.5381979166666666 0.42418025751072963 0.8506979166666666 0.07010300429184549
0 0.5529479166666668 0.46852360515021463 0.8802083333333334 0.07296137339055794
0 0.5460104166666666 0.5171673819742489 0.8524270833333334 0.07010300429184549
0 0.5625 0.555793991416309 0.875 0.07581974248927038
0 0.5225729166666667 0.6072961373390557 0.80903125 0.05865236051502146
0 0.5555520833333334 0.6516480686695278 0.87846875 0.07010300429184549
0 0.5607604166666668 0.6988583690987125 0.87846875 0.06437768240343347
0 0.5442708333333334 0.7482145922746781 0.8767395833333332 0.0572274678111588
0 0.5381979166666666 0.790412017167382 0.8263854166666668 0.055793991416309016
0 0.5416666666666666 0.8347639484978541 0.8368020833333334 0.055793991416309016
0 0.51996875 0.884832618025751 0.8454895833333332 0.06151931330472103
0 0.5460104166666666 0.9298969957081544 0.8663229166666666 0.06294420600858369
0 0.5451354166666668 0.9706695278969957 0.8888854166666668 0.05865236051502146