0 0.22440944881889763 0.11082474226804123 0.03543307086614173 0.030927835051546393
0 0.3543307086614173 0.11082474226804123 0.051181102362204724 0.03608247422680412
0 0.4015748031496063 0.16237113402061856 0.4448818897637795 0.10824742268041238
0 0.5511811023622047 0.25 0.7637795275590551 0.10824742268041238
0 0.4389763779527559 0.3118556701030928 0.5669291338582677 0.08762886597938144
0 0.08858267716535433 0.36597938144329895 0.06692913385826772 0.0979381443298969
0 0.5196850393700787 0.3634020618556701 0.29133858267716534 0.06701030927835051
0 0.5748031496062992 0.4020618556701031 0.8070866141732284 0.12371134020618557
0 0.5393700787401575 0.4587628865979381 0.7716535433070866 0.11855670103092783
0 0.4153543307086614 0.5051546391752577 0.515748031496063 0.09278350515463918
0 0.5688976377952756 0.5567010309278351 0.7874015748031497 0.10824742268041238
0 0.5413385826771654 0.615979381443299 0.7913385826771654 0.1134020618556701
0 0.5590551181102362 0.6597938144329897 0.8346456692913385 0.1134020618556701
0 0.5295275590551181 0.711340206185567 0.7755905511811023 0.0979381443298969
0 0.562992125984252 0.7680412371134021 0.84251968503937 0.0979381443298969
0 0.5413385826771654 0.8273195876288659 0.7992125984251969 0.10824742268041238
0 0.5511811023622047 0.8788659793814433 0.8346456692913385 0.1134020618556701
0 0.2283464566929134 0.9304123711340206 0.1889763779527559 0.07216494845360824