0 0.8307926829268293 0.06707317073170732 0.3048780487804878 0.12195121951219512
0 0.875 0.15396341463414634 0.25 0.11890243902439024
0 0.6417682926829268 0.21189024390243902 0.20426829268292682 0.09146341463414634
0 0.6204268292682927 0.3170731707317073 0.20426829268292682 0.12195121951219512
0 0.6875 0.4070121951219512 0.36890243902439024 0.13414634146341464
0 0.6387195121951219 0.48628048780487804 0.32621951219512196 0.12804878048780488
0 0.6280487804878049 0.551829268292683 0.24695121951219512 0.08231707317073171
0 0.6417682926829268 0.6646341463414634 0.29878048780487804 0.1402439024390244
0 0.6295731707317073 0.7484756097560976 0.2774390243902439 0.13414634146341464
0 0.6661585365853658 0.8109756097560976 0.35365853658536583 0.09146341463414634
0 0.5701219512195121 0.913109756097561 0.1402439024390244 0.12195121951219512
0 0.9054878048780488 0.9496951219512195 0.027439024390243903 0.027439024390243903