0 0.2780612244897959 0.01270053475935829 0.15306122448979592 0.02540106951871658
0 0.46875 0.046122994652406414 0.5204081632653061 0.05213903743315508
0 0.3239795918367347 0.07152406417112299 0.18239795918367346 0.034759358288770054
0 0.22193877551020408 0.10628342245989304 0.25 0.04679144385026738
0 0.23979591836734693 0.13970588235294118 0.2780612244897959 0.0427807486631016
0 0.3826530612244898 0.17780748663101603 0.5688775510204082 0.053475935828877004
0 0.21173469387755103 0.2072192513368984 0.1875 0.03342245989304813
0 0.19834183673469388 0.24131016042780748 0.15051020408163265 0.02807486631016043
0 0.2225765306122449 0.2820855614973262 0.1836734693877551 0.04679144385026738
0 0.2780612244897959 0.3181818181818182 0.27168367346938777 0.04946524064171123
0 0.4744897959183674 0.3856951871657754 0.4732142857142857 0.053475935828877004
0 0.12308673469387756 0.4124331550802139 0.125 0.0427807486631016
0 0.12181122448979592 0.45120320855614976 0.13520408163265307 0.045454545454545456
0 0.31760204081632654 0.45454545454545453 0.09438775510204081 0.04411764705882353
0 0.5752551020408163 0.48061497326203206 0.18494897959183673 0.05213903743315508
0 0.41262755102040816 0.47259358288770054 0.07397959183673469 0.03208556149732621
0 0.30357142857142855 0.4879679144385027 0.058673469387755105 0.0427807486631016
0 0.31441326530612246 0.5213903743315508 0.09821428571428571 0.03342245989304813
0 0.545280612244898 0.516042780748663 0.15051020408163265 0.03877005347593583
0 0.3565051020408163 0.5601604278074866 0.20918367346938777 0.0427807486631016
0 0.5191326530612245 0.5661764705882353 0.058673469387755105 0.040106951871657755
0 0.5325255102040817 0.6016042780748663 0.0663265306122449 0.04144385026737968
0 0.6224489795918368 0.6403743315508021 0.05994897959183673 0.022727272727272728
0 0.399234693877551 0.6644385026737968 0.2844387755102041 0.0427807486631016
0 0.4030612244897959 0.6998663101604278 0.27040816326530615 0.045454545454545456
0 0.399234693877551 0.733957219251337 0.27168367346938777 0.045454545454545456
0 0.48533163265306123 0.7733957219251337 0.4260204081632653 0.05213903743315508
0 0.10778061224489796 0.6891711229946524 0.1326530612244898 0.03208556149732621
0 0.10841836734693877 0.7954545454545454 0.13903061224489796 0.040106951871657755
0 0.10714285714285714 0.8275401069518716 0.1326530612244898 0.03208556149732621
0 0.11989795918367346 0.8636363636363636 0.15051020408163265 0.04679144385026738
0 0.10012755102040816 0.8977272727272727 0.08163265306122448 0.04144385026737968
0 0.1326530612244898 0.9625668449197861 0.15306122448979592 0.05213903743315508
0 0.625 0.8489304812834224 0.3737244897959184 0.0427807486631016
0 0.5223214285714286 0.8729946524064172 0.49362244897959184 0.05213903743315508
0 0.48660714285714285 0.9117647058823529 0.5573979591836735 0.06417112299465241
0 0.2697704081632653 0.9385026737967914 0.1096938775510204 0.045454545454545456
0 0.6957908163265306 0.9852941176470589 0.07908163265306123 0.01871657754010695