0 0.05405405405405406 0.11863543788187372 0.06621621621621622 0.06109979633401222
0 0.15472972972972973 0.12016293279022404 0.06891891891891892 0.06109979633401222
0 0.2608108108108108 0.11965376782077393 0.06891891891891892 0.06008146639511202
0 0.3614864864864865 0.11863543788187372 0.06621621621621622 0.06109979633401222
0 0.46554054054054056 0.12067209775967414 0.06621621621621622 0.06008146639511202
0 0.5668918918918919 0.12219959266802444 0.06351351351351352 0.062118126272912425
0 0.6722972972972973 0.12016293279022404 0.06621621621621622 0.06109979633401222
0 0.7702702702702703 0.12321792260692464 0.06891891891891892 0.06415478615071284
0 0.8777027027027027 0.12219959266802444 0.06756756756756757 0.06517311608961303
0 0.13513513513513514 0.32077393075356414 0.2391891891891892 0.07026476578411406
0 0.44324324324324327 0.32230142566191444 0.23783783783783785 0.06720977596741344
0 0.7560810810810811 0.32535641547861505 0.23783783783783785 0.06720977596741344
0 0.48445945945945945 0.4938900203665988 0.9378378378378378 0.10488798370672098
0 0.46756756756756757 0.7647657841140529 0.9 0.05804480651731161