0 0.5153276955602537 0.04934049829018075 0.7859408033826638 0.0986809965803615
0 0.39799154334038056 0.11187103077674646 0.7225158562367865 0.09721543722520762
0 0.5116279069767442 0.17537860283341475 0.9466173361522199 0.10356619443087445
0 0.3361522198731501 0.23009281875915974 0.5919661733615222 0.09574987787005373
0 0.5192917547568711 0.2970200293111871 0.9614164904862579 0.0986809965803615
0 0.14112050739957716 0.34684904738641914 0.19186046511627908 0.06008793356130923
0 0.5570824524312896 0.40986809965803617 0.8694503171247357 0.0986809965803615
0 0.5195560253699789 0.4899853444064485 0.921247357293869 0.10503175378602833
0 0.4365750528541226 0.5710796287249633 0.7420718816067653 0.1250610649731314
0 0.5428118393234672 0.680019540791402 0.23890063424947147 0.09574987787005373
0 0.6215644820295984 0.7552515876893015 0.6035940803382663 0.10649731314118221
0 0.53276955602537 0.8363458720078163 0.20560253699788583 0.10161211529066927
0 0.7743128964059197 0.9159745969711773 0.19397463002114165 0.14020517830972154