0 0.22007782101167317 0.11994897959183674 0.03498054474708171 0.02897959183673469
0 0.34976653696498056 0.11750000000000001 0.04976653696498054 0.033826530612244894
0 0.3966536964980545 0.16857142857142857 0.44 0.09698979591836736
0 0.545136186770428 0.2515816326530612 0.7555252918287937 0.09127551020408163
0 0.43494163424124516 0.3151530612244898 0.5610505836575875 0.0758673469387755
0 0.09070038910505836 0.37673469387755104 0.0640466926070039 0.09525510204081633
0 0.5158365758754864 0.36500000000000005 0.28560311284046697 0.058826530612244896
0 0.5713618677042802 0.4018367346938776 0.796887159533074 0.10658163265306123
0 0.5368093385214008 0.4573469387755102 0.762295719844358 0.0976530612244898
0 0.41361867704280153 0.5063265306122449 0.5073151750972762 0.08219387755102041
0 0.5667315175097276 0.555765306122449 0.7764980544747082 0.09030612244897959
0 0.5395719844357976 0.6144897959183674 0.7814396887159534 0.09428571428571429
0 0.5584046692607003 0.6570408163265307 0.82284046692607 0.09183673469387756
0 0.5309338521400778 0.7084693877551022 0.7641634241245135 0.07806122448979592
0 0.5642801556420234 0.7627551020408163 0.8308560311284047 0.07964285714285714
0 0.5423346303501946 0.8218877551020408 0.7907003891050584 0.08770408163265307
0 0.5531517509727626 0.8741326530612246 0.8234241245136187 0.095
0 0.23459143968871596 0.9324489795918367 0.1862645914396887 0.06576530612244898