0 0.5158286516853933 0.06046474358974358 0.8580196629213482 0.05972756410256411
0 0.49285112359550565 0.1515224358974359 0.8043960674157303 0.05245192307692307
0 0.4934831460674157 0.2330929487179487 0.8056741573033708 0.04953525641025641
0 0.48518258426966293 0.3183333333333333 0.8197191011235955 0.05681089743589744
0 0.4756179775280899 0.4101121794871795 0.8439747191011235 0.05391025641025641
0 0.5183848314606742 0.49751602564102565 0.9039887640449438 0.0684775641025641
0 0.5234971910112359 0.5842147435897436 0.901432584269663 0.05826923076923077
0 0.4724157303370787 0.6708974358974359 0.8350421348314606 0.06556089743589744
0 0.4743398876404495 0.7626762820512821 0.8133286516853933 0.05391025641025641
0 0.4922050561797753 0.8522756410256411 0.8414185393258428 0.0641025641025641
0 0.5279634831460674 0.9309455128205127 0.9231320224719101 0.05826923076923077