0 0.4889589905362776 0.03825136612021858 0.8028391167192429 0.04644808743169399
0 0.48580441640378547 0.05806010928961749 0.8028391167192429 0.04644808743169399
0 0.48580441640378547 0.0778688524590164 0.804416403785489 0.04644808743169399
0 0.4842271293375394 0.09631147540983606 0.8028391167192429 0.04644808743169399
0 0.4842271293375394 0.1168032786885246 0.804416403785489 0.04918032786885246
0 0.3919558359621451 0.13387978142076504 0.6246056782334385 0.040983606557377046
0 0.4913249211356467 0.2151639344262295 0.8091482649842271 0.08196721311475409
0 0.4968454258675079 0.28620218579234974 0.8343848580441641 0.07513661202185792
0 0.5362776025236593 0.34972677595628415 0.9211356466876972 0.0778688524590164
0 0.5307570977917981 0.421448087431694 0.9384858044164038 0.08879781420765027
0 0.5134069400630915 0.4918032786885246 0.9148264984227129 0.07103825136612021
0 0.5126182965299685 0.5648907103825137 0.919558359621451 0.07513661202185792
0 0.48738170347003157 0.6331967213114754 0.8643533123028391 0.0778688524590164
0 0.4944794952681388 0.6967213114754098 0.8943217665615142 0.08196721311475409
0 0.4865930599369085 0.7657103825136612 0.886435331230284 0.07103825136612021
0 0.5070977917981072 0.8408469945355191 0.9558359621451105 0.08469945355191257
0 0.40457413249211355 0.9016393442622951 0.7523659305993691 0.07923497267759563
0 0.08280757097791798 0.9754098360655737 0.06782334384858044 0.02459016393442623