0 0.056578947368421055 0.0384995064165844 0.06710526315789474 0.03504442250740375
0 0.4680921052631579 0.03652517275419546 0.7309210526315789 0.07305034550839092
0 0.36414473684210524 0.08464955577492596 0.5131578947368421 0.06712734452122408
0 0.13453947368421051 0.14758144126357353 0.05986842105263158 0.040473840078973346
0 0.5447368421052632 0.16140177690029614 0.6934210526315789 0.1362290227048371
0 0.1401315789473684 0.19323790720631787 0.05855263157894737 0.03652517275419546
0 0.4819078947368421 0.19817374136229024 0.32894736842105265 0.051826258637709774
0 0.2131578947368421 0.24555774925962487 0.21513157894736842 0.05133267522211254
0 0.5351973684210526 0.29417571569595263 0.7828947368421053 0.0562685093780849
0 0.33026315789473687 0.3344027640671273 0.3828947368421053 0.044422507403751234
0 0.4407894736842105 0.41831194471865746 0.6960526315789474 0.06515301085883514
0 0.25855263157894737 0.46767028627838103 0.3375 0.043928923988154
0 0.5338815789473684 0.5133267522211253 0.781578947368421 0.06564659427443238
0 0.40921052631578947 0.5565153010858835 0.5480263157894737 0.051826258637709774
0 0.23453947368421052 0.650542941757157 0.3006578947368421 0.04343534057255676
0 0.7223684210526315 0.6396841066140178 0.2723684210526316 0.042941757156959526
0 0.3368421052631579 0.6922507403751234 0.39210526315789473 0.05231984205330701
0 0.787828947368421 0.6838598223099703 0.35 0.051826258637709774
0 0.3358552631578947 0.741609081934847 0.3993421052631579 0.05380059230009872
0 0.22138157894736843 0.7884995064165844 0.16513157894736843 0.043928923988154
0 0.7763157894736842 0.7292694965449161 0.3256578947368421 0.06071076011846002
0 0.6960526315789474 0.7776406712734452 0.15986842105263158 0.043928923988154
0 0.7835526315789474 0.8141658440276407 0.34342105263157896 0.05972359328726555
0 0.6967105263157894 0.8684600197433366 0.15197368421052632 0.04639684106614018