0 0.09863523573200993 0.09761484098939929 0.14640198511166252 0.036219081272084806
0 0.27915632754342434 0.0896643109540636 0.08560794044665013 0.03356890459363958
0 0.4838709677419355 0.09849823321554771 0.09801488833746898 0.044169611307420496
0 0.6389578163771712 0.09275618374558305 0.11786600496277916 0.04946996466431095
0 0.7990074441687345 0.08833922261484099 0.09925558312655088 0.030035335689045935
0 0.23387096774193547 0.1704946996466431 0.17990074441687345 0.028268551236749116
0 0.19975186104218362 0.2583922261484099 0.10421836228287841 0.03180212014134275
0 0.9193548387096774 0.2416077738515901 0.0967741935483871 0.02120141342756184
0 0.8393300248138957 0.26325088339222613 0.0967741935483871 0.027385159010600707
0 0.8405707196029777 0.28003533568904593 0.06451612903225806 0.027385159010600707
0 0.47766749379652607 0.34496466431095407 0.6476426799007444 0.037985865724381625
0 0.3442928039702233 0.5265017667844523 0.18238213399503722 0.029151943462897525
0 0.42245657568238215 0.5662544169611308 0.3362282878411911 0.03445229681978799
0 0.3709677419354839 0.6113074204946997 0.21588089330024815 0.03445229681978799
0 0.4274193548387097 0.6545936395759717 0.34615384615384615 0.036219081272084806
0 0.5124069478908189 0.6947879858657244 0.19478908188585609 0.030035335689045935
0 0.08746898263027296 0.997791519434629 0.026054590570719603 0.00441696113074205
0 0.9416873449131513 0.982773851590106 0.038461538461538464 0.02120141342756184