0 0.5238636363636363 0.02717391304347826 0.7545454545454545 0.05217391304347826
0 0.3522727272727273 0.07065217391304347 0.1318181818181818 0.043478260869565216
0 0.5125 0.06630434782608696 0.10227272727272728 0.034782608695652174
0 0.7 0.06304347826086956 0.18863636363636363 0.041304347826086954
0 0.5125 0.13260869565217392 0.3613636363636364 0.04782608695652174
0 0.49204545454545456 0.17608695652173914 0.2431818181818182 0.041304347826086954
0 0.43522727272727274 0.2141304347826087 0.5045454545454545 0.05
0 0.14545454545454545 0.25869565217391305 0.25 0.04782608695652174
0 0.7693181818181818 0.23804347826086958 0.18636363636363637 0.03260869565217391
0 0.15568181818181817 0.28804347826086957 0.2681818181818182 0.043478260869565216
0 0.5704545454545454 0.2826086956521739 0.12954545454545455 0.04782608695652174
0 0.8943181818181818 0.275 0.15227272727272728 0.05
0 0.09090909090909091 0.32608695652173914 0.12954545454545455 0.034782608695652174
0 0.14886363636363636 0.3576086956521739 0.23863636363636365 0.03260869565217391
0 0.7931818181818182 0.3804347826086957 0.18181818181818182 0.030434782608695653
0 0.15 0.40108695652173915 0.25 0.05
0 0.17613636363636365 0.4315217391304348 0.2840909090909091 0.03695652173913044
0 0.5909090909090909 0.42391304347826086 0.1340909090909091 0.03695652173913044
0 0.9125 0.41847826086956524 0.1590909090909091 0.0391304347826087
0 0.10454545454545454 0.46956521739130436 0.1409090909090909 0.03695652173913044
0 0.16363636363636364 0.5032608695652174 0.2431818181818182 0.043478260869565216
0 0.26590909090909093 0.5358695652173913 0.45454545454545453 0.043478260869565216
0 0.3181818181818182 0.5739130434782609 0.5386363636363637 0.06086956521739131
0 0.2681818181818182 0.6108695652173913 0.4431818181818182 0.04782608695652174
0 0.3261363636363636 0.6445652173913043 0.5727272727272728 0.05434782608695652
0 0.8193181818181818 0.6293478260869565 0.05909090909090909 0.02608695652173913
0 0.13522727272727272 0.6804347826086956 0.18409090909090908 0.034782608695652174
0 0.5215909090909091 0.7108695652173913 0.9568181818181818 0.06086956521739131
0 0.16477272727272727 0.7510869565217392 0.2590909090909091 0.034782608695652174
0 0.20795454545454545 0.8978260869565218 0.32272727272727275 0.04782608695652174
0 0.1625 0.9315217391304348 0.225 0.041304347826086954
0 0.5159090909090909 0.9271739130434783 0.3522727272727273 0.06086956521739131
0 0.1875 0.966304347826087 0.2909090909090909 0.0391304347826087
0 0.7795454545454545 0.9521739130434783 0.15681818181818183 0.041304347826086954
0 0.2534090909090909 0.9891304347826086 0.3977272727272727 0.021739130434782608
0 0.8011363636363636 0.9804347826086957 0.27954545454545454 0.03260869565217391