0 0.48140900195694714 0.027126099706744868 0.4657534246575342 0.04838709677419355
0 0.48532289628180036 0.062316715542521994 0.3639921722113503 0.039589442815249266
0 0.48140900195694714 0.10483870967741936 0.21135029354207435 0.036656891495601175
0 0.461839530332681 0.15249266862170088 0.5205479452054794 0.04398826979472141
0 0.5857729941291585 0.18621700879765396 0.7853816046966732 0.04398826979472141
0 0.5557729941291585 0.2223900293255132 0.837573385518591 0.03617302052785924
0 0.24070450097847357 0.2575806451612903 0.2126614481409002 0.03225806451612903
0 0.5342465753424658 0.29130498533724336 0.8806262230919765 0.03519061583577713
0 0.5375146771037183 0.33039589442815254 0.8949706457925636 0.0469208211143695
0 0.5414285714285715 0.3631524926686217 0.8323483365949119 0.03420821114369501
0 0.5270645792563601 0.39541055718475077 0.8741095890410959 0.0400733137829912
0 0.538160469667319 0.4286363636363636 0.8884540117416829 0.0400733137829912
0 0.5283757338551859 0.46089442815249265 0.8714872798434442 0.03812316715542522
0 0.4207436399217221 0.4916862170087976 0.6640508806262231 0.04105571847507331
0 0.547945205479452 0.5254105571847507 0.8532289628180039 0.0400733137829912
0 0.5238160469667319 0.559633431085044 0.8780234833659492 0.04593841642228739
0 0.5244618395303327 0.5953079178885631 0.8819373776908024 0.0430058651026393
0 0.5192367906066536 0.6295161290322581 0.8845401174168297 0.04887096774193548
0 0.3379060665362035 0.6559090909090909 0.5062035225048924 0.03519061583577713
0 0.5466340508806262 0.6920821114369502 0.858454011741683 0.04105571847507331
0 0.5231506849315068 0.7223900293255132 0.8845401174168297 0.0430058651026393
0 0.18135029354207438 0.750733137829912 0.19046966731898238 0.03519061583577713
0 0.5329354207436399 0.7839736070381231 0.8414872798434442 0.05278592375366569
0 0.16894324853228962 0.8054692082111438 0.16829745596868884 0.03127565982404692
0 0.5407632093933463 0.8528885630498533 0.8519178082191781 0.053768328445747804
0 0.3698630136986301 0.8782991202346041 0.5675146771037182 0.0400733137829912
0 0.533600782778865 0.9202932551319648 0.8454011741682974 0.05173020527859238