0 0.5605591054313099 0.06942122186495177 0.35434504792332266 0.04823151125401929
0 0.5670926517571885 0.10961414790996786 0.2831789137380192 0.043842443729903535
0 0.5365974440894569 0.14104501607717043 0.15247603833865817 0.03654340836012862
0 0.5329712460063898 0.1790353697749196 0.5082747603833866 0.04530546623794212
0 0.4472843450479233 0.21557877813504825 0.33691693290734825 0.03654340836012862
0 0.5627316293929712 0.2535852090032154 0.4923003194888179 0.054083601286173635
0 0.5503993610223642 0.29377813504823147 0.546038338658147 0.05845659163987138
0 0.5329712460063898 0.3295819935691318 0.5169968051118211 0.054083601286173635
0 0.5569329073482427 0.36905144694533765 0.573626198083067 0.05991961414790997
0 0.543849840255591 0.4128938906752411 0.5416773162939297 0.0569935691318328
0 0.35870607028754 0.4552733118971061 0.17717252396166133 0.04823151125401929
0 0.5816134185303514 0.4845016077170418 0.5213418530351438 0.06869774919614148
0 0.44656549520766775 0.5341961414790997 0.3557987220447284 0.051157556270096466
0 0.5591054313099042 0.5714630225080386 0.4908466453674121 0.05554662379421221
0 0.5061022364217252 0.6182475884244373 0.4748722044728434 0.05845659163987138
0 0.5532907348242811 0.6606270096463023 0.5634664536741214 0.06430868167202572
0 0.4044408945686901 0.7095819935691319 0.26575079872204477 0.054083601286173635
0 0.33038338658146965 0.7534405144694534 0.2628594249201278 0.06869774919614148
0 0.5387699680511182 0.7380868167202572 0.10166134185303514 0.05554662379421221
0 0.7188498402555911 0.7527009646302251 0.3107827476038339 0.05845659163987138
0 0.28753993610223644 0.8170096463022508 0.2468849840255591 0.0847749196141479
0 0.3681309904153354 0.8484405144694535 0.3557987220447284 0.0657717041800643
0 0.5090095846645367 0.7914308681672025 0.12052715654952077 0.051157556270096466
0 0.7558785942492013 0.789967845659164 0.22800319488817888 0.04823151125401929
0 0.6898083067092652 0.8484405144694535 0.23234824281150157 0.08331189710610933
0 0.7239297124600639 0.8995980707395498 0.2628594249201278 0.10377813504823151
0 0.2534185303514377 0.927363344051447 0.20766773162939298 0.10377813504823151
0 0.46325878594249204 0.937588424437299 0.16845047923322684 0.10377813504823151