0 0.4703389830508475 0.015031645569620253 0.3940677966101695 0.030063291139240507
0 0.4661016949152542 0.05221518987341772 0.2288135593220339 0.04272151898734177
0 0.4438559322033898 0.10363924050632911 0.5635593220338984 0.055379746835443035
0 0.5752118644067796 0.14161392405063292 0.8495762711864406 0.058544303797468354
0 0.5434322033898306 0.18037974683544303 0.9067796610169492 0.05063291139240506
0 0.20127118644067796 0.21360759493670886 0.2309322033898305 0.0379746835443038
0 0.5180084745762712 0.254746835443038 0.9533898305084746 0.05063291139240506
0 0.5180084745762712 0.2958860759493671 0.9639830508474576 0.06329113924050633
0 0.524364406779661 0.3322784810126582 0.902542372881356 0.0490506329113924
0 0.5084745762711864 0.3662974683544304 0.9470338983050848 0.055379746835443035
0 0.5190677966101694 0.4026898734177215 0.961864406779661 0.055379746835443035
0 0.5074152542372882 0.4375 0.9449152542372882 0.05379746835443038
0 0.3908898305084746 0.46914556962025317 0.7203389830508474 0.05379746835443038
0 0.527542372881356 0.507120253164557 0.923728813559322 0.055379746835443035
0 0.5 0.5435126582278481 0.951271186440678 0.061708860759493674
0 0.5 0.5822784810126582 0.9555084745762712 0.058544303797468354
0 0.4936440677966102 0.6194620253164557 0.9597457627118644 0.06487341772151899
0 0.2966101694915254 0.6447784810126582 0.548728813559322 0.04588607594936709
0 0.5222457627118644 0.6867088607594937 0.9300847457627118 0.056962025316455694
0 0.4957627118644068 0.7191455696202531 0.9576271186440678 0.058544303797468354
0 0.125 0.745253164556962 0.2076271186440678 0.04113924050632911
0 0.5042372881355932 0.7856012658227848 0.913135593220339 0.0680379746835443
0 0.11016949152542373 0.8037974683544303 0.18220338983050846 0.03639240506329114
0 0.5116525423728814 0.8607594936708861 0.923728813559322 0.06962025316455696
0 0.3252118644067797 0.8852848101265823 0.614406779661017 0.05063291139240506
0 0.5021186440677966 0.932753164556962 0.9173728813559322 0.0680379746835443