0 0.056179775280898875 0.058333333333333334 0.0898876404494382 0.07916666666666666
0 0.5168539325842697 0.10833333333333334 0.8146067415730337 0.09583333333333334
0 0.5393258426966292 0.2 0.898876404494382 0.09583333333333334
0 0.5421348314606742 0.28958333333333336 0.9157303370786517 0.10416666666666667
0 0.5168539325842697 0.3875 0.8764044943820225 0.1
0 0.5280898876404494 0.48125 0.8820224719101124 0.1
0 0.5365168539325843 0.5729166666666666 0.9213483146067416 0.10833333333333334
0 0.5028089887640449 0.6625 0.8539325842696629 0.1
0 0.5056179775280899 0.7541666666666667 0.8539325842696629 0.09583333333333334
0 0.5280898876404494 0.84375 0.9101123595505618 0.09583333333333334
0 0.5084269662921348 0.9375 0.8595505617977528 0.10833333333333334