0 0.5713610798650168 0.01948604992657856 0.41626546681664794 0.03898678414096916
0 0.5836332958380203 0.09267254038179149 0.46534308211473563 0.055491923641703376
0 0.272384701912261 0.12657856093979442 0.09169853768278964 0.03572687224669603
0 0.6278065241844769 0.13111600587371514 0.5291451068616423 0.05334801762114537
0 0.6317885264341957 0.17010279001468429 0.5391676040494938 0.05013215859030837
0 0.26266591676040496 0.2527459618208517 0.07498312710911136 0.04237885462555066
0 0.6460067491563554 0.24632892804698972 0.5696400449943757 0.05519823788546256
0 0.49559055118110235 0.2885168869309838 0.2504161979752531 0.045565345080763583
0 0.28291338582677167 0.3632892804698972 0.10319460067491563 0.045550660792951544
0 0.6265804274465692 0.3644933920704846 0.5348706411698537 0.05650513950073421
0 0.6203374578177728 0.4040088105726872 0.5162654668166479 0.05221732745961821
0 0.47156355455568055 0.4413950073421439 0.20850393700787404 0.030851688693098386
0 0.6497862767154106 0.4798384728340675 0.5669853768278965 0.050073421439060205
0 0.443037120359955 0.536446402349486 0.07578177727784027 0.05433186490455213
0 0.711968503937008 0.5134801762114538 0.08597300337457818 0.03618208516886931
0 0.26849268841394824 0.6009251101321587 0.10913385826771653 0.05085168869309839
0 0.2594938132733408 0.6352422907488987 0.025691788526434195 0.0276064610866373
0 0.23474690663667042 0.675697503671072 0.05391451068616423 0.02947136563876652
0 0.6302587176602924 0.6763582966226138 0.534060742407199 0.05215859030837005
0 0.5750393700787402 0.714273127753304 0.4236332958380203 0.05108663729809104
0 0.566771653543307 0.7479148311306901 0.04100112485939258 0.03719530102790015
0 0.5399662542182226 0.7901027900146842 0.3514398200224972 0.048942731277533034
0 0.23822272215973003 0.87287812041116 0.06496062992125984 0.04358296622613803
0 0.5411023622047244 0.8700734214390602 0.3066591676040495 0.05719530102790015
0 0.5507086614173228 0.9133333333333333 0.12545556805399324 0.04543318649045521