0 0.21214285714285713 0.052995391705069124 0.3171428571428571 0.0944700460829493
0 0.69 0.04723502304147465 0.4257142857142857 0.0944700460829493
0 0.16857142857142857 0.17626728110599077 0.08428571428571428 0.06221198156682028
0 0.6492857142857142 0.17050691244239632 0.2842857142857143 0.08525345622119816
0 0.1742857142857143 0.3271889400921659 0.05857142857142857 0.10368663594470046
0 0.4957142857142857 0.26152073732718895 0.3628571428571429 0.10368663594470046
0 0.5871428571428572 0.33755760368663595 0.54 0.12672811059907835
0 0.6392857142857142 0.43317972350230416 0.64 0.1175115207373272
0 0.4442857142857143 0.4976958525345622 0.22714285714285715 0.08064516129032258
0 0.5021428571428571 0.5921658986175116 0.6571428571428571 0.1152073732718894
0 0.4521428571428571 0.6578341013824884 0.11428571428571428 0.06451612903225806
0 0.31785714285714284 0.7476958525345622 0.24714285714285714 0.07834101382488479
0 0.3742857142857143 0.8237327188940092 0.36857142857142855 0.09216589861751152
0 0.5485714285714286 0.8963133640552995 0.7257142857142858 0.10599078341013825
0 0.27285714285714285 0.9735023041474654 0.17142857142857143 0.0576036866359447