0 0.48582474226804123 0.02753623188405797 0.8994845360824743 0.05507246376811594
0 0.4832474226804124 0.0927536231884058 0.211340206185567 0.05217391304347826
0 0.4420103092783505 0.2942028985507246 0.30927835051546393 0.0391304347826087
0 0.5412371134020618 0.33405797101449275 0.9175257731958762 0.05652173913043478
0 0.509020618556701 0.3760869565217391 0.9819587628865979 0.04782608695652174
0 0.5141752577319587 0.41956521739130437 0.961340206185567 0.04782608695652174
0 0.4961340206185567 0.4572463768115942 0.9484536082474226 0.04782608695652174
0 0.5167525773195877 0.49130434782608695 0.961340206185567 0.0391304347826087
0 0.4832474226804124 0.5246376811594203 0.9020618556701031 0.042028985507246375
0 0.49742268041237114 0.5717391304347826 0.9510309278350515 0.059420289855072465
0 0.48711340206185566 0.6079710144927536 0.9226804123711341 0.050724637681159424
0 0.5180412371134021 0.6427536231884058 0.9536082474226805 0.04927536231884058
0 0.5025773195876289 0.6833333333333333 0.9329896907216495 0.05507246376811594
0 0.5103092783505154 0.7253623188405797 0.9510309278350515 0.05507246376811594
0 0.08505154639175258 0.7514492753623189 0.09536082474226804 0.02318840579710145