0 0.5875706214689266 0.016191709844559584 0.6412429378531074 0.03238341968911917
0 0.693502824858757 0.03238341968911917 0.519774011299435 0.04145077720207254
0 0.5699152542372882 0.07966321243523317 0.18220338983050846 0.06347150259067358
0 0.7838983050847458 0.06994818652849741 0.1228813559322034 0.034974093264248704
0 0.4781073446327684 0.13989637305699482 0.3757062146892655 0.04922279792746114
0 0.3474576271186441 0.18069948186528498 0.14689265536723164 0.04922279792746114
0 0.6836158192090396 0.17357512953367876 0.4519774011299435 0.05569948186528497
0 0.5254237288135594 0.20595854922279794 0.14689265536723164 0.04145077720207254
0 0.4117231638418079 0.24287564766839378 0.3545197740112994 0.04792746113989637
0 0.7076271186440678 0.23769430051813473 0.1426553672316384 0.04404145077720207
0 0.4307909604519774 0.2778497409326425 0.10875706214689265 0.04145077720207254
0 0.4498587570621469 0.3069948186528497 0.13983050847457626 0.034974093264248704
0 0.5247175141242938 0.3439119170984456 0.10451977401129943 0.04015544041450777
0 0.432909604519774 0.38147668393782386 0.268361581920904 0.050518134715025906
0 0.1475988700564972 0.42033678756476683 0.1652542372881356 0.04792746113989637
0 0.6073446327683616 0.42033678756476683 0.6468926553672316 0.05958549222797927
0 0.5557909604519774 0.45919689119170987 0.5621468926553672 0.05569948186528497
0 0.1475988700564972 0.4566062176165803 0.16666666666666666 0.04533678756476684
0 0.1384180790960452 0.4896373056994819 0.14689265536723164 0.03626943005181347
0 0.1483050847457627 0.5278497409326425 0.1483050847457627 0.04404145077720207
0 0.3192090395480226 0.5582901554404145 0.5282485875706214 0.05181347150259067
0 0.6807909604519774 0.5615284974093264 0.01977401129943503 0.023316062176165803
0 0.8036723163841808 0.5634715025906736 0.1652542372881356 0.05569948186528497
0 0.8629943502824858 0.5932642487046632 0.08757062146892655 0.02461139896373057
0 0.748587570621469 0.8173575129533679 0.2584745762711864 0.031088082901554404
0 0.15324858757062146 0.8711139896373057 0.16807909604519775 0.04533678756476684
0 0.4950564971751412 0.8711139896373057 0.3545197740112994 0.05699481865284974
0 0.6370056497175142 0.9041450777202072 0.6384180790960452 0.06606217616580311
0 0.4653954802259887 0.9404145077720207 0.3008474576271186 0.054404145077720206
0 0.6292372881355932 0.9708549222797928 0.6426553672316384 0.05829015544041451
0 0.3891242937853107 0.991580310880829 0.1652542372881356 0.01683937823834197
0 0.11652542372881355 0.9715025906735751 0.0423728813559322 0.03367875647668394