0 0.2048670062252405 0.1064453125 0.2495755517826825 0.04052734375
0 0.11092246745897001 0.16796875 0.06281833616298811 0.03662109375
0 0.2422184493491794 0.13623046875 0.08545557441992077 0.03662109375
0 0.15959252971137522 0.14892578125 0.03621958121109225 0.02490234375
0 0.2422184493491794 0.16845703125 0.189586870401811 0.048828125
0 0.12563667232597622 0.20751953125 0.07923033389926429 0.03125
0 0.16525183927560838 0.23681640625 0.15619694397283532 0.03125
0 0.466893039049236 0.06494140625 0.7492925863044708 0.07373046875
0 0.5319750990379174 0.18310546875 0.47198641765704585 0.06982421875
0 0.55800792303339 0.2470703125 0.7475947934352009 0.06298828125
0 0.5478211658177702 0.30859375 0.5036785512167515 0.05126953125
0 0.5557441992076967 0.3662109375 0.7215619694397284 0.08447265625
0 0.5959252971137521 0.48388671875 0.5851726089417091 0.0712890625
0 0.5483870967741935 0.53759765625 0.7289190718732315 0.08056640625
0 0.5591397849462365 0.6015625 0.533106960950764 0.06298828125
0 0.5568760611205433 0.6630859375 0.7645727221279004 0.072265625
0 0.5851726089417091 0.77880859375 0.5608375778155065 0.068359375
0 0.5404640633842671 0.83642578125 0.7125070741369552 0.05908203125
0 0.5432937181663837 0.8984375 0.534804753820034 0.06201171875
0 0.5280135823429541 0.95751953125 0.6785512167515563 0.0791015625