0 0.30549936788874843 0.06615234375 0.16599241466498105 0.01892578125
0 0.3351201011378002 0.138701171875 0.06629582806573957 0.030068359375
0 0.4687610619469027 0.14875 0.07350189633375474 0.0323046875
0 0.6060050568900127 0.144287109375 0.08793931731984829 0.04123046875
0 0.7378381795195954 0.144287109375 0.06986093552465233 0.01890625
0 0.5604930467762327 0.17720703125 0.14139064475347662 0.031181640625
0 0.3362073324905183 0.174697265625 0.017901390644753476 0.019462890625
0 0.626763590391909 0.2490625 0.3353476611883691 0.085576171875
0 0.6309102402022756 0.32748046875 0.4917446270543616 0.0459375
0 0.5178634639696587 0.359990234375 0.34510745891276867 0.028349609375
0 0.6460809102402023 0.394306640625 0.5220733249051833 0.032255859375
0 0.6345259165613149 0.4383984375 0.5712010113780025 0.044521484375
0 0.41131479140328703 0.835068359375 0.5004298356510746 0.0296484375
0 0.4268520859671302 0.87482421875 0.46648546144121367 0.042197265625