0 0.5279960707269156 0.04933726067746686 0.8988212180746562 0.09867452135493372
0 0.20579567779960709 0.10603829160530191 0.3163064833005894 0.09204712812960236
0 0.5176817288801572 0.17746686303387335 0.9646365422396856 0.10898379970544919
0 0.22298624754420432 0.24815905743740796 0.2455795677799607 0.09057437407952872
0 0.5245579567779961 0.3133284241531664 0.9410609037328095 0.12592047128129602
0 0.17583497053045186 0.3943298969072165 0.24263261296660119 0.08100147275405008
0 0.47838899803536344 0.43446244477172313 0.9518664047151277 0.14432989690721648
0 0.15766208251473476 0.5095729013254786 0.24459724950884087 0.07731958762886598
0 0.48280943025540274 0.5471281296023565 0.9656188605108055 0.11634756995581738
0 0.17779960707269155 0.6049337260677466 0.28585461689587427 0.07658321060382917
0 0.48870333988212183 0.6402798232695139 0.9754420432220039 0.13991163475699558
0 0.11051080550098231 0.7069219440353461 0.22102161100196463 0.06774668630338733
0 0.4808447937131631 0.751840942562592 0.9616895874263262 0.11045655375552282
0 0.13457760314341846 0.811119293078056 0.24263261296660119 0.07658321060382917
0 0.46954813359528486 0.8656111929307806 0.9390962671905697 0.10824742268041238
0 0.18025540275049115 0.9223122238586157 0.3605108055009823 0.07731958762886598
0 0.16011787819253437 0.9653902798232695 0.32023575638506874 0.060382916053019146