0 0.2761394101876676 0.04606625258799172 0.1769436997319035 0.022774327122153208
0 0.3089812332439678 0.12267080745341614 0.07104557640750671 0.033126293995859216
0 0.45107238605898126 0.13146997929606624 0.07908847184986595 0.035196687370600416
0 0.596514745308311 0.12474120082815734 0.0938337801608579 0.044513457556935816
0 0.7365951742627346 0.12267080745341614 0.07506702412868632 0.020703933747412008
0 0.5489276139410187 0.16045548654244307 0.15013404825737264 0.035196687370600416
0 0.3109919571045576 0.16097308488612835 0.020107238605898123 0.020703933747412008
0 0.621313672922252 0.23550724637681159 0.3579088471849866 0.09523809523809523
0 0.6273458445040214 0.31832298136645965 0.5227882037533512 0.055900621118012424
0 0.5080428954423593 0.35455486542443065 0.36595174262734587 0.035196687370600416
0 0.6447721179624665 0.38923395445134573 0.5536193029490617 0.041407867494824016
0 0.6340482573726541 0.4358178053830228 0.6072386058981233 0.054865424430641824
0 0.40683646112600536 0.8597308488612836 0.5308310991957105 0.038302277432712216
0 0.4242627345844504 0.901656314699793 0.4959785522788204 0.051759834368530024