0 0.49114406779661013 0.05291866028708134 0.9168008474576271 0.06234449760765551
0 0.4487711864406779 0.11889952153110048 0.8320550847457627 0.06089314194577353
0 0.4738135593220339 0.1819617224880383 0.8936864406779661 0.06524720893141946
0 0.4439618644067797 0.24720893141945774 0.826271186440678 0.05944178628389155
0 0.4872881355932203 0.3131738437001595 0.920656779661017 0.06669856459330144
0 0.4458686440677966 0.37915470494417863 0.8301271186440677 0.06524720893141946
0 0.47476694915254236 0.44295055821371615 0.8994703389830508 0.06524720893141946
0 0.4603177966101695 0.5103668261562998 0.8551694915254237 0.06089314194577353
0 0.4246822033898305 0.5712599681020734 0.7916101694915254 0.06669856459330144
0 0.4901694915254238 0.6394098883572569 0.9225635593220338 0.06669856459330144
0 0.47574152542372883 0.7053748006379585 0.8975423728813559 0.06234449760765551
0 0.4661016949152542 0.7684529505582137 0.8782838983050848 0.06379585326953748
0 0.4834322033898305 0.8322488038277512 0.9129449152542374 0.06669856459330144
0 0.41120762711864406 0.896762360446571 0.7607838983050846 0.06524720893141946
0 0.20705508474576273 0.9620095693779903 0.3563135593220339 0.05944178628389155