0 0.36538461538461536 0.0546875 0.21428571428571427 0.05078125
0 0.6373626373626373 0.05859375 0.2032967032967033 0.05078125
0 0.49725274725274726 0.091796875 0.5164835164835165 0.0546875
0 0.5054945054945055 0.138671875 0.47802197802197804 0.06640625
0 0.2857142857142857 0.18359375 0.1043956043956044 0.046875
0 0.510989010989011 0.1796875 0.17032967032967034 0.046875
0 0.6675824175824175 0.181640625 0.054945054945054944 0.03515625
0 0.1978021978021978 0.20703125 0.14285714285714285 0.0390625
0 0.4532967032967033 0.21484375 0.22527472527472528 0.04296875
0 0.7252747252747253 0.22265625 0.13186813186813187 0.0390625
0 0.8736263736263736 0.1953125 0.1043956043956044 0.03125
0 0.8598901098901099 0.224609375 0.03296703296703297 0.0234375
0 0.43956043956043955 0.24609375 0.15934065934065933 0.02734375
0 0.16483516483516483 0.27734375 0.07692307692307693 0.01953125
0 0.4258241758241758 0.314453125 0.16483516483516483 0.03515625
0 0.5989010989010989 0.318359375 0.07142857142857142 0.0390625
0 0.8653846153846154 0.283203125 0.0989010989010989 0.03515625
0 0.5521978021978022 0.404296875 0.7417582417582418 0.0859375
0 0.4642857142857143 0.462890625 0.7527472527472527 0.07421875
0 0.49725274725274726 0.54296875 0.8461538461538461 0.09375
0 0.5 0.609375 0.8406593406593407 0.0859375
0 0.2967032967032967 0.67578125 0.44505494505494503 0.0625