0 0.4225092250922509 0.040289256198347105 0.7232472324723247 0.08057851239669421
0 0.4132841328413284 0.08987603305785125 0.6752767527675276 0.09710743801652892
0 0.3007380073800738 0.15392561983471073 0.45387453874538747 0.09090909090909091
0 0.518450184501845 0.26136363636363635 0.8874538745387454 0.12190082644628099
0 0.32564575645756455 0.381198347107438 0.474169741697417 0.09090909090909091
0 0.2896678966789668 0.4452479338842975 0.36162361623616235 0.08471074380165289
0 0.15129151291512916 0.5113636363636364 0.1014760147601476 0.05578512396694215
0 0.16143911439114392 0.5650826446280992 0.11439114391143912 0.05371900826446281
0 0.24261992619926198 0.6260330578512396 0.26199261992619927 0.09297520661157024
0 0.26383763837638374 0.6838842975206612 0.2988929889298893 0.07851239669421488
0 0.2693726937269373 0.8057851239669421 0.31365313653136534 0.09090909090909091
0 0.26014760147601473 0.8584710743801653 0.28044280442804426 0.08264462809917356
0 0.9916974169741697 0.8471074380165289 0.016605166051660517 0.045454545454545456