0 0.4529545454545455 0.055982532751091704 0.7565909090909091 0.07908296943231441
0 0.5215454545454545 0.1273362445414847 0.8882272727272728 0.07139737991266376
0 0.4318636363636364 0.19532751091703054 0.6973636363636363 0.07406113537117905
0 0.5175454545454545 0.2620524017467249 0.872 0.07192139737991265
0 0.5012727272727273 0.3270305676855895 0.856 0.07694323144104805
0 0.41150000000000003 0.3937117903930131 0.6543636363636364 0.07056768558951965
0 0.4672727272727273 0.46253275109170305 0.7852272727272728 0.07903930131004368
0 0.4934545454545455 0.5235371179039301 0.8430454545454545 0.06764192139737991
0 0.40627272727272723 0.5902620087336244 0.6494090909090909 0.08244541484716157
0 0.4712727272727273 0.6609170305676856 0.7794545454545454 0.0734061135371179
0 0.47454545454545455 0.7273799126637555 0.7970454545454545 0.08344978165938864
0 0.5359545454545455 0.794585152838428 0.9280909090909091 0.07602620087336244
0 0.5215454545454545 0.8593013100436682 0.8992727272727273 0.0762882096069869
0 0.4632727272727273 0.9221834061135371 0.7689545454545454 0.07493449781659389
0 0.35895454545454547 0.9877729257641921 0.7179090909090909 0.024497816593886463