0 0.7998392282958199 0.046348314606741575 0.2604501607717042 0.09269662921348315
0 0.48633440514469456 0.037921348314606744 0.03536977491961415 0.0702247191011236
0 0.2335209003215434 0.12851123595505617 0.28858520900321544 0.10814606741573034
0 0.295016077170418 0.26615168539325845 0.4180064308681672 0.07162921348314606
0 0.36736334405144694 0.3455056179775281 0.5482315112540193 0.07865168539325842
0 0.30144694533762056 0.4080056179775281 0.1270096463022508 0.06320224719101124
0 0.5088424437299035 0.5154494382022472 0.8022508038585209 0.12078651685393259
0 0.19292604501607716 0.6558988764044944 0.16881028938906753 0.11235955056179775
0 0.37258842443729906 0.6495786516853933 0.02491961414790997 0.04915730337078652
0 0.5369774919614148 0.7387640449438202 0.3504823151125402 0.11797752808988764
0 0.45739549839228294 0.8089887640449438 0.16720257234726688 0.08707865168539326
0 0.4561897106109325 0.9002808988764045 0.1680064308681672 0.11235955056179775