0 0.45991847826086957 0.04597701149425287 0.27853260869565216 0.04741379310344827
0 0.34714673913043476 0.08620689655172414 0.050271739130434784 0.031609195402298854
0 0.6086956521739131 0.12284482758620689 0.328804347826087 0.05172413793103448
0 0.8464673913043478 0.13505747126436782 0.10461956521739131 0.09195402298850575
0 0.3498641304347826 0.16738505747126436 0.04619565217391304 0.031609195402298854
0 0.6827445652173914 0.16235632183908047 0.1766304347826087 0.05172413793103448
0 0.5828804347826086 0.19899425287356323 0.2717391304347826 0.040229885057471264
0 0.6501358695652174 0.23922413793103448 0.3383152173913043 0.05747126436781609
0 0.6120923913043478 0.319683908045977 0.2703804347826087 0.08908045977011494
0 0.36345108695652173 0.3850574712643678 0.13858695652173914 0.03735632183908046
0 0.529891304347826 0.39727011494252873 0.10054347826086957 0.07758620689655173
0 0.7364130434782609 0.39798850574712646 0.1480978260869565 0.09482758620689655
0 0.6073369565217391 0.46264367816091956 0.6182065217391305 0.0617816091954023
0 0.7024456521739131 0.5 0.5 0.05890804597701149
0 0.5862771739130435 0.5531609195402298 0.17391304347826086 0.08045977011494253
0 0.7914402173913043 0.5344827586206896 0.12228260869565218 0.035919540229885055
0 0.49592391304347827 0.617816091954023 0.36141304347826086 0.0603448275862069
0 0.6086956521739131 0.6551724137931034 0.6154891304347826 0.06609195402298851
0 0.5461956521739131 0.6889367816091954 0.13994565217391305 0.04597701149425287
0 0.5271739130434783 0.7270114942528736 0.5190217391304348 0.06321839080459771
0 0.453125 0.7686781609195402 0.10190217391304347 0.04885057471264368
0 0.469429347826087 0.8010057471264368 0.13179347826086957 0.034482758620689655
0 0.5407608695652174 0.8405172413793104 0.10190217391304347 0.03879310344827586
0 0.4578804347826087 0.8829022988505747 0.2554347826086957 0.05316091954022988
0 0.18206521739130435 0.9238505747126436 0.16032608695652173 0.04741379310344827
0 0.6195652173913043 0.9260057471264368 0.6277173913043478 0.06321839080459771
0 0.18070652173913043 0.9676724137931034 0.15896739130434784 0.04597701149425287
0 0.5740489130434783 0.9669540229885057 0.5407608695652174 0.05890804597701149
0 0.17323369565217392 0.9913793103448276 0.13994565217391305 0.017241379310344827