0 0.5162807525325616 0.0274077868852459 0.6157742402315485 0.0548155737704918
0 0.5253256150506512 0.059170081967213115 0.46164978292329956 0.0548155737704918
0 0.5075976845151954 0.1091188524590164 0.3263386396526773 0.0548155737704918
0 0.8733719247467439 0.08811475409836066 0.17800289435600578 0.031762295081967214
0 0.8769898697539797 0.06557377049180328 0.18813314037626627 0.02612704918032787
0 0.8621562952243126 0.11039959016393443 0.11866859623733719 0.025102459016393443
0 0.8744573082489147 0.13370901639344263 0.25108538350217074 0.039959016393442626
0 0.4670767004341534 0.1572745901639344 0.6577424023154848 0.05430327868852459
0 0.5379884225759769 0.19620901639344263 0.7973950795947902 0.07223360655737705
0 0.5260492040520984 0.23591188524590165 0.776410998552822 0.05891393442622951
0 0.5361794500723589 0.2725409836065574 0.8104196816208393 0.06608606557377049
0 0.5227930535455861 0.30968237704918034 0.7850940665701881 0.06608606557377049
0 0.28437047756874095 0.3519467213114754 0.3068017366136035 0.045081967213114756
0 0.5303907380607815 0.38089139344262296 0.7916063675832128 0.06506147540983606
0 0.5615050651230101 0.42751024590163933 0.8769898697539797 0.053790983606557374
0 0.9044862518089725 0.44748975409836067 0.191027496382055 0.02920081967213115
0 0.5217076700434153 0.47003073770491804 0.7778581765557163 0.05122950819672131
0 0.5307525325615051 0.5079405737704918 0.8075253256150506 0.05584016393442623
0 0.3780752532561505 0.5389344262295082 0.5072358900144718 0.04918032786885246
0 0.51410998552822 0.5765881147540983 0.7923299565846599 0.052766393442622954
0 0.5224312590448625 0.6185963114754098 0.8125904486251809 0.0625
0 0.5104920405209841 0.6570184426229508 0.7945007235890015 0.05737704918032787
0 0.516642547033285 0.6985143442622951 0.8096960926193922 0.05430327868852459
0 0.5224312590448625 0.7400102459016393 0.8263386396526773 0.05327868852459016
0 0.5054269175108539 0.7792008196721312 0.7988422575976846 0.05737704918032787
0 0.5289435600578871 0.8247950819672131 0.8393632416787264 0.051741803278688527
0 0.5170043415340086 0.8634733606557377 0.8350217076700435 0.04610655737704918
0 0.42221418234442837 0.8965163934426229 0.6555716353111433 0.052766393442622954
0 0.6624457308248914 0.9293032786885246 0.308972503617945 0.042008196721311473
0 0.6544862518089725 0.9600409836065574 0.1251808972503618 0.04456967213114754
0 0.6895803183791607 0.9846311475409836 0.26049204052098407 0.030737704918032786