0 0.4584805653710247 0.041273584905660375 0.8992932862190812 0.08254716981132075
0 0.5035335689045937 0.07665094339622641 0.9151943462897526 0.09198113207547169
0 0.47614840989399293 0.1391509433962264 0.8692579505300353 0.09669811320754718
0 0.45936395759717313 0.1957547169811321 0.8074204946996466 0.10613207547169812
0 0.5008833922261484 0.24646226415094338 0.8674911660777385 0.10141509433962265
0 0.3374558303886926 0.294811320754717 0.1696113074204947 0.06132075471698113
0 0.4911660777385159 0.35023584905660377 0.8780918727915195 0.09905660377358491
0 0.4876325088339223 0.39740566037735847 0.8657243816254417 0.08018867924528301
0 0.4823321554770318 0.46226415094339623 0.8551236749116607 0.09905660377358491
0 0.5053003533568905 0.5106132075471698 0.8833922261484098 0.08726415094339622
0 0.48498233215547704 0.5707547169811321 0.8551236749116607 0.10377358490566038
0 0.11042402826855123 0.6143867924528302 0.09540636042402827 0.06132075471698113
0 0.6528268551236749 0.6933962264150944 0.11307420494699646 0.04009433962264151
0 0.6519434628975265 0.7346698113207547 0.20848056537102475 0.05188679245283019
0 0.5962897526501767 0.8561320754716981 0.20318021201413428 0.14386792452830188
0 0.7314487632508834 0.9433962264150944 0.3215547703180212 0.10849056603773585