0 0.20602184087363495 0.024375 0.16174726989079563 0.04873820754716981
0 0.5448829953198128 0.01952830188679245 0.41304212168486737 0.03904481132075471
0 0.5836973478939157 0.04089622641509434 0.47681747269890795 0.04713443396226415
0 0.19198127925117006 0.08334905660377359 0.12327613104524181 0.04608490566037736
0 0.603978159126365 0.07863207547169812 0.5555070202808112 0.0555188679245283
0 0.7735101404056162 0.11441037735849056 0.305195007800312 0.0494811320754717
0 0.4077847113884555 0.1503183962264151 0.14925117004680188 0.0353183962264151
0 0.3032605304212168 0.18556603773584907 0.32502340093603743 0.05129716981132076
0 0.36530421216848674 0.2185849056603774 0.46159126365054604 0.05863207547169811
0 0.5074414976599063 0.24846698113207547 0.6432293291731669 0.05128537735849057
0 0.41193447737909517 0.2868632075471698 0.35170046801872074 0.05049528301886792
0 0.5027613104524181 0.3096580188679245 0.5194695787831514 0.06254716981132076
0 0.4193915756630265 0.3504127358490566 0.46712948517940717 0.051792452830188684
0 0.4216380655226209 0.3851415094339623 0.3572386895475819 0.04785377358490566
0 0.5757254290171607 0.42851415094339623 0.6619344773790952 0.09475235849056603
0 0.7955226209048362 0.4699292452830189 0.14469578783151327 0.04338443396226415
0 0.47692667706708264 0.516438679245283 0.5544929797191888 0.0630306603773585
0 0.4304836193447738 0.5822287735849057 0.39224648985959437 0.09393867924528301
0 0.24087363494539782 0.6788089622641509 0.04769110764430577 0.02918632075471698
0 0.34642745709828393 0.6742216981132075 0.03346333853354134 0.020011792452830187
0 0.48196567862714507 0.6677948113207547 0.04246489859594384 0.030235849056603776
0 0.6273946957878316 0.6649174528301887 0.03725429017160686 0.030754716981132073
0 0.8373010920436817 0.6617688679245283 0.1471138845553822 0.03495283018867924
0 0.2991107644305772 0.706061320754717 0.13642745709828394 0.027087264150943396
0 0.2398283931357254 0.7375117924528302 0.024820592823712948 0.02707547169811321
0 0.23497659906396257 0.7692216981132075 0.028970358814352573 0.03179245283018868
0 0.23602184087363492 0.8015919811320755 0.024118564742589704 0.027323113207547173
0 0.342792511700468 0.7362028301886792 0.08511700468018721 0.024457547169811317
0 0.3453822152886115 0.7647641509433962 0.09379095163806551 0.02497641509433962
0 0.3077691107644306 0.8048702830188679 0.06363494539781592 0.033879716981132076
0 0.6358970358814353 0.6959669811320754 0.03691107644305772 0.023679245283018867
0 0.6390171606864274 0.7297759433962264 0.036209048361934476 0.02419811320754717
0 0.6426521060842434 0.7618867924528302 0.04001560062402496 0.025495283018867925
0 0.6457722308892355 0.791627358490566 0.039329173166926676 0.02627358490566038
0 0.24641185647425895 0.8631721698113208 0.12812792511700466 0.03517688679245283
0 0.38819032761310457 0.890695754716981 0.34926677067082684 0.04827830188679245
0 0.34798751950078005 0.9508372641509434 0.21338533541341653 0.09307783018867925
0 0.8135569422776912 0.9542570754716981 0.11141965678627146 0.018125