0 0.20725388601036268 0.18181818181818182 0.08160621761658031 0.06118881118881119
0 0.43005181347150256 0.19842657342657344 0.09715025906735751 0.06118881118881119
0 0.6113989637305699 0.18706293706293706 0.11010362694300518 0.08041958041958042
0 0.772020725388601 0.18006993006993008 0.09455958549222798 0.03496503496503497
0 0.47474093264248707 0.26048951048951047 0.19818652849740934 0.08566433566433566
0 0.3950777202072539 0.32167832167832167 0.03756476683937824 0.05419580419580419
0 0.5148963730569949 0.3977272727272727 0.5919689119170984 0.08566433566433566
0 0.5142487046632125 0.46853146853146854 0.5867875647668394 0.08216783216783216
0 0.5382124352331606 0.5445804195804196 0.6308290155440415 0.09965034965034965
0 0.5375647668393783 0.6162587412587412 0.6282383419689119 0.09265734265734266
0 0.5187823834196891 0.6835664335664335 0.5919689119170984 0.08391608391608392
0 0.5207253886010362 0.7561188811188811 0.5880829015544041 0.07867132867132867
0 0.5297927461139896 0.8295454545454546 0.6023316062176166 0.09615384615384616
0 0.530440414507772 0.9012237762237763 0.6049222797927462 0.0944055944055944