0 0.06 0.11545801526717557 0.02142857142857143 0.04007633587786259
0 0.09785714285714285 0.11545801526717557 0.024285714285714285 0.03435114503816794
0 0.13214285714285715 0.11164122137404581 0.024285714285714285 0.03625954198473282
0 0.27785714285714286 0.07824427480916031 0.23714285714285716 0.03816793893129771
0 0.09785714285714285 0.14217557251908397 0.10285714285714286 0.02480916030534351
0 0.275 0.11927480916030535 0.20857142857142857 0.022900763358778626
0 0.4035714285714286 0.05916030534351145 0.5971428571428572 0.08206106870229007
0 0.8192857142857143 0.01431297709923664 0.09857142857142857 0.026717557251908396
0 0.8214285714285714 0.04484732824427481 0.19142857142857142 0.04580152671755725
0 0.5964285714285714 0.16412213740458015 0.7557142857142857 0.1049618320610687
0 0.1742857142857143 0.23759541984732824 0.07 0.04580152671755725
0 0.5714285714285714 0.2719465648854962 0.66 0.08206106870229007
0 0.6107142857142858 0.33110687022900764 0.6571428571428571 0.08015267175572519
0 0.5492857142857143 0.40076335877862596 0.8471428571428572 0.11068702290076336
0 0.5535714285714286 0.46087786259541985 0.8528571428571429 0.11450381679389313
0 0.5664285714285714 0.5229007633587787 0.8328571428571429 0.10687022900763359
0 0.5378571428571428 0.5763358778625954 0.8328571428571429 0.11450381679389313
0 0.545 0.6374045801526718 0.8542857142857143 0.1049618320610687
0 0.5485714285714286 0.7013358778625954 0.8714285714285714 0.11068702290076336
0 0.5264285714285715 0.7595419847328244 0.8342857142857143 0.10877862595419847
0 0.5328571428571428 0.8101145038167938 0.8414285714285714 0.10114503816793893
0 0.5185714285714286 0.8559160305343512 0.7814285714285715 0.07633587786259542