0 0.5275665399239544 0.10319767441860465 0.5399239543726235 0.061046511627906974
0 0.5228136882129277 0.1816860465116279 0.8859315589353612 0.10755813953488372
0 0.4828897338403042 0.25726744186046513 0.9068441064638784 0.09883720930232558
0 0.4695817490494297 0.32994186046511625 0.8802281368821293 0.09302325581395349
0 0.5199619771863118 0.40261627906976744 0.8916349809885932 0.08139534883720931
0 0.5047528517110266 0.4796511627906977 0.9562737642585551 0.08430232558139535
0 0.4876425855513308 0.5566860465116279 0.935361216730038 0.0872093023255814
0 0.405893536121673 0.6409883720930233 0.7832699619771863 0.09011627906976744
0 0.5313688212927756 0.7194767441860465 0.9220532319391636 0.0872093023255814
0 0.5019011406844106 0.8066860465116279 0.973384030418251 0.09883720930232558
0 0.5038022813688213 0.8822674418604651 0.9885931558935361 0.08139534883720931
0 0.4781368821292776 0.9622093023255814 0.9486692015209125 0.0755813953488372