0 0.10873287671232877 0.08169934640522876 0.21232876712328766 0.1568627450980392
0 0.5299657534246576 0.06699346405228758 0.16267123287671234 0.10457516339869281
0 0.538527397260274 0.19444444444444445 0.910958904109589 0.20261437908496732
0 0.4957191780821918 0.2908496732026144 0.9383561643835616 0.16666666666666666
0 0.1421232876712329 0.3562091503267974 0.23116438356164384 0.0915032679738562
0 0.521404109589041 0.4803921568627451 0.886986301369863 0.17320261437908496
0 0.488013698630137 0.5718954248366013 0.9315068493150684 0.1895424836601307
0 0.5102739726027398 0.6781045751633987 0.9708904109589042 0.16013071895424835
0 0.5102739726027398 0.7761437908496732 0.9674657534246576 0.1830065359477124
0 0.4991438356164384 0.8709150326797386 0.9383561643835616 0.1568627450980392
0 0.4888698630136986 0.9362745098039216 0.9263698630136986 0.12745098039215685