0 0.5246350364963503 0.03660049627791563 0.6295620437956204 0.07320099255583126
0 0.5118613138686131 0.08560794044665013 0.5401459854014599 0.08188585607940446
0 0.2655109489051095 0.16811414392059554 0.26094890510948904 0.05459057071960298
0 0.3841240875912409 0.2140198511166253 0.5018248175182481 0.06823821339950373
0 0.2518248175182482 0.2524813895781638 0.23357664233576642 0.05583126550868486
0 0.5273722627737226 0.29466501240694787 0.8083941605839416 0.05955334987593052
0 0.33667883211678834 0.33126550868486354 0.40693430656934304 0.04838709677419355
0 0.32299270072992703 0.38275434243176176 0.3740875912408759 0.06823821339950373
0 0.3147810218978102 0.41935483870967744 0.38686131386861317 0.05459057071960298
0 0.30474452554744524 0.47208436724565755 0.3594890510948905 0.06947890818858561
0 0.23448905109489052 0.5031017369727047 0.2116788321167883 0.04094292803970223
0 0.41605839416058393 0.5521091811414393 0.5766423357664233 0.05334987593052109
0 0.24543795620437955 0.5967741935483871 0.2572992700729927 0.04962779156327544
0 0.3156934306569343 0.6389578163771712 0.3978102189781022 0.05583126550868486
0 0.26186131386861317 0.6823821339950372 0.2791970802919708 0.062034739454094295
0 0.2417883211678832 0.71712158808933 0.2354014598540146 0.04714640198511166
0 0.333029197080292 0.760545905707196 0.4251824817518248 0.052109181141439205
0 0.270985401459854 0.7990074441687345 0.2956204379562044 0.04962779156327544
0 0.3001824817518248 0.8449131513647643 0.3594890510948905 0.05583126550868486
0 0.3056569343065693 0.8964019851116626 0.3686131386861314 0.06451612903225806
0 0.2572992700729927 0.934863523573201 0.2791970802919708 0.04714640198511166
0 0.375 0.9733250620347395 0.541970802919708 0.05334987593052109