0 0.41505791505791506 0.10245901639344263 0.305019305019305 0.11748633879781421
0 0.3764478764478765 0.2336065573770492 0.7258687258687259 0.1092896174863388
0 0.3783783783783784 0.30327868852459017 0.7393822393822393 0.1092896174863388
0 0.5106177606177607 0.3743169398907104 0.9768339768339769 0.1366120218579235
0 0.43243243243243246 0.4385245901639344 0.8166023166023166 0.11475409836065574
0 0.39768339768339767 0.5136612021857924 0.749034749034749 0.11202185792349727
0 0.6805019305019305 0.5969945355191257 0.19884169884169883 0.09562841530054644
0 0.18532818532818532 0.6325136612021858 0.37065637065637064 0.09016393442622951
0 0.3310810810810811 0.7172131147540983 0.6621621621621622 0.13934426229508196
0 0.28667953667953666 0.7991803278688525 0.21621621621621623 0.19672131147540983
0 0.775096525096525 0.7240437158469946 0.26640926640926643 0.29508196721311475
0 0.3552123552123552 0.9412568306010929 0.2528957528957529 0.09016393442622951
0 0.8532818532818532 0.9098360655737705 0.27606177606177607 0.10382513661202186