0 0.4471626297577854 0.09355212355212356 0.6760726643598616 0.05642857142857143
0 0.4358477508650519 0.14256756756756755 0.6321453287197232 0.06534749034749035
0 0.328719723183391 0.198996138996139 0.4232179930795848 0.06830115830115831
0 0.5296712802768165 0.30666023166023165 0.8304498269896193 0.08167953667953669
0 0.34536332179930795 0.41135135135135137 0.44316608996539786 0.06830115830115831
0 0.30942906574394463 0.47000000000000003 0.3367128027681661 0.06683397683397684
0 0.17766435986159168 0.5271814671814672 0.09449826989619377 0.047528957528957534
0 0.18565743944636678 0.576930501930502 0.10513840830449828 0.04604247104247104
0 0.26017301038062285 0.637065637065637 0.24354671280276818 0.07722007722007722
0 0.27880622837370245 0.692007722007722 0.27814878892733563 0.06237451737451738
0 0.28013840830449827 0.8063513513513514 0.29145328719723185 0.07424710424710425
0 0.27015570934256056 0.8546138996138997 0.2608477508650519 0.06683397683397684
0 0.975121107266436 0.8731853281853282 0.04977508650519031 0.04158301158301158