0 0.5032444444444445 0.24946666666666667 0.8258222222222222 0.08600000000000001
0 0.5104 0.30035555555555554 0.8745333333333334 0.08746666666666666
0 0.4258222222222222 0.3605777777777778 0.7168444444444444 0.09319999999999999
0 0.4258222222222222 0.4093333333333333 0.7168444444444444 0.08457777777777778
0 0.49675555555555556 0.46955555555555556 0.8588 0.10751111111111111
0 0.49964444444444445 0.5154222222222222 0.8415555555555555 0.08457777777777778
0 0.47955555555555557 0.5763555555555556 0.8215111111111111 0.08888888888888889
0 0.5204444444444444 0.6351111111111112 0.9118222222222222 0.10035555555555555
0 0.35413333333333336 0.6946222222222221 0.562 0.09319999999999999
0 0.4903111111111111 0.8057333333333333 0.41577777777777775 0.09177777777777778
0 0.4982222222222222 0.9347555555555556 0.6036 0.09177777777777778