0 0.7351506849315068 0.18190207156308852 0.2585616438356164 0.03222222222222222
0 0.2657123287671233 0.2491713747645951 0.2316164383561644 0.04834274952919021
0 0.5263424657534247 0.30741996233521657 0.8468219178082191 0.07444444444444445
0 0.3184383561643836 0.36297551789077215 0.33121917808219176 0.06286252354048964
0 0.4913150684931507 0.41086629001883235 0.7806849315068493 0.06391713747645951
0 0.45080821917808217 0.4571563088512241 0.7114109589041097 0.06821092278719397
0 0.3985753424657534 0.5122975517890772 0.4777671232876712 0.07090395480225989
0 0.45580821917808223 0.5575141242937853 0.7233424657534246 0.06657250470809793
0 0.7193013698630137 0.6158945386064031 0.26991780821917805 0.07355932203389831
0 0.11034246575342466 0.6472504708097928 0.03047945205479452 0.03508474576271186
0 0.3717671232876712 0.7028060263653484 0.3811095890410959 0.06655367231638419
0 0.5451369863013699 0.7991337099811675 0.7356712328767123 0.07836158192090395
0 0.4484794520547945 0.8750094161958568 0.09617808219178081 0.07726930320150659
0 0.6572739726027397 0.878361581920904 0.14978082191780823 0.04096045197740113
0 0.632027397260274 0.950075329566855 0.17365753424657535 0.05088512241054614