0 0.30982905982905984 0.030882352941176472 0.027777777777777776 0.05
0 0.07585470085470085 0.1161764705882353 0.027777777777777776 0.05
0 0.07799145299145299 0.18970588235294117 0.03205128205128205 0.04411764705882353
0 0.07799145299145299 0.2647058823529412 0.03632478632478633 0.05
0 0.07692307692307693 0.3338235294117647 0.03418803418803419 0.04411764705882353
0 0.07799145299145299 0.4102941176470588 0.03205128205128205 0.05588235294117647
0 0.07905982905982906 0.47794117647058826 0.03418803418803419 0.04411764705882353
0 0.07799145299145299 0.5617647058823529 0.03418803418803419 0.041176470588235294
0 0.0811965811965812 0.6308823529411764 0.03205128205128205 0.05
0 0.08012820512820513 0.7014705882352941 0.029914529914529916 0.05
0 0.0811965811965812 0.7779411764705882 0.03205128205128205 0.047058823529411764
0 0.0811965811965812 0.8485294117647059 0.03418803418803419 0.047058823529411764
0 0.08226495726495726 0.9264705882352942 0.03205128205128205 0.05
0 0.5 0.045588235294117645 0.26495726495726496 0.09117647058823529
0 0.452991452991453 0.12352941176470589 0.6324786324786325 0.10588235294117647
0 0.4722222222222222 0.19852941176470587 0.6773504273504274 0.11470588235294117
0 0.49893162393162394 0.2735294117647059 0.7264957264957265 0.10882352941176471
0 0.4519230769230769 0.35 0.6282051282051282 0.11764705882352941
0 0.3952991452991453 0.4264705882352941 0.5213675213675214 0.11176470588235295
0 0.5 0.49558823529411766 0.7222222222222222 0.1
0 0.37927350427350426 0.5735294117647058 0.48717948717948717 0.10588235294117647
0 0.47649572649572647 0.6470588235294118 0.6709401709401709 0.11470588235294117
0 0.3952991452991453 0.7191176470588235 0.5128205128205128 0.1
0 0.4391025641025641 0.7926470588235294 0.5961538461538461 0.1
0 0.42094017094017094 0.8691176470588236 0.5598290598290598 0.11470588235294117
0 0.48824786324786323 0.9367647058823529 0.6944444444444444 0.1264705882352941