0 0.8348563968668408 0.013937282229965157 0.0195822454308094 0.012195121951219513
0 0.8439947780678851 0.04355400696864112 0.033942558746736295 0.029616724738675958
0 0.3668407310704961 0.07491289198606271 0.16057441253263707 0.0627177700348432
0 0.40992167101827676 0.12282229965156795 0.24673629242819844 0.05400696864111498
0 0.4406005221932115 0.1750871080139373 0.29112271540469975 0.06620209059233449
0 0.3772845953002611 0.2229965156794425 0.14360313315926893 0.06620209059233449
0 0.3681462140992167 0.2604529616724739 0.1279373368146214 0.04529616724738676
0 0.47323759791122716 0.3205574912891986 0.33550913838120106 0.07142857142857142
0 0.5215404699738904 0.3693379790940767 0.1906005221932115 0.06445993031358885
0 0.42297650130548303 0.41202090592334495 0.206266318537859 0.06097560975609756
0 0.36161879895561355 0.509581881533101 0.15013054830287206 0.06620209059233449
0 0.5718015665796344 0.5627177700348432 0.566579634464752 0.06794425087108014
0 0.3537859007832898 0.6027874564459931 0.12663185378590078 0.05749128919860627
0 0.5026109660574413 0.6550522648083623 0.4164490861618799 0.06620209059233449
0 0.6390339425587467 0.7073170731707317 0.6945169712793734 0.07665505226480836
0 0.3185378590078329 0.7465156794425087 0.08877284595300261 0.05400696864111498
0 0.3472584856396867 0.8449477351916377 0.12140992167101827 0.07317073170731707
0 0.5587467362924282 0.8989547038327527 0.5104438642297651 0.07142857142857142
0 0.466710182767624 0.9486062717770035 0.3302872062663185 0.0627177700348432
0 0.46344647519582244 0.9790940766550522 0.3394255874673629 0.041811846689895474