0 0.5997340425531915 0.04253112033195021 0.7819148936170213 0.06742738589211618
0 0.23470744680851063 0.08661825726141079 0.4375 0.056016597510373446
0 0.6868351063829787 0.08350622406639004 0.034574468085106384 0.0031120331950207467
0 0.31382978723404253 0.13018672199170125 0.5784574468085106 0.058091286307053944
0 0.5039893617021277 0.17064315352697096 0.8311170212765957 0.05912863070539419
0 0.5199468085106383 0.22302904564315354 0.949468085106383 0.06950207468879668
0 0.4853723404255319 0.26556016597510373 0.8882978723404256 0.06535269709543569
0 0.5232712765957447 0.3029045643153527 0.9454787234042553 0.06950207468879668
0 0.5186170212765957 0.3412863070539419 0.9574468085106383 0.07053941908713693
0 0.5219414893617021 0.38381742738589214 0.9521276595744681 0.06950207468879668
0 0.5285904255319149 0.4221991701244813 0.9401595744680851 0.05912863070539419
0 0.5259308510638298 0.46887966804979253 0.9481382978723404 0.06950207468879668
0 0.5226063829787234 0.5134854771784232 0.9547872340425532 0.06016597510373444
0 0.5172872340425532 0.5554979253112033 0.9281914893617021 0.06639004149377593
0 0.53125 0.5933609958506224 0.9375 0.07261410788381743
0 0.4195478723404255 0.6436721991701245 0.7672872340425532 0.06535269709543569
0 0.5731382978723404 0.6893153526970954 0.8537234042553191 0.06950207468879668
0 0.538563829787234 0.7391078838174274 0.9228723404255319 0.08195020746887967
0 0.49268617021276595 0.7837136929460581 0.6303191489361702 0.07261410788381743
0 0.5684840425531915 0.854253112033195 0.48138297872340424 0.05394190871369295