0 0.9014423076923077 0.10869565217391304 0.13942307692307693 0.04782608695652174
0 0.4495192307692308 0.17173913043478262 0.6105769230769231 0.1
0 0.4951923076923077 0.2608695652173913 0.8846153846153846 0.10869565217391304
0 0.47596153846153844 0.30434782608695654 0.875 0.09565217391304348
0 0.4735576923076923 0.3521739130434783 0.7115384615384616 0.1
0 0.49759615384615385 0.43043478260869567 0.8798076923076923 0.1
0 0.21634615384615385 0.4891304347826087 0.10576923076923077 0.05652173913043478
0 0.49759615384615385 0.5195652173913043 0.9086538461538461 0.1
0 0.5673076923076923 0.5630434782608695 0.8221153846153846 0.0782608695652174
0 0.2980769230769231 0.6217391304347826 0.28365384615384615 0.06521739130434782
0 0.5096153846153846 0.6934782608695652 0.9326923076923077 0.09130434782608696
0 0.22115384615384615 0.75 0.125 0.043478260869565216
0 0.5072115384615384 0.7804347826086957 0.9278846153846154 0.08695652173913043
0 0.5673076923076923 0.8282608695652174 0.8509615384615384 0.08260869565217391
0 0.5432692307692307 0.8739130434782608 0.7980769230769231 0.08695652173913043
0 0.5793269230769231 0.9152173913043479 0.8413461538461539 0.0782608695652174
0 0.3293269230769231 0.9652173913043478 0.35096153846153844 0.06956521739130435