0 0.482421875 0.041176470588235294 0.85546875 0.03823529411764706
0 0.15234375 0.054411764705882354 0.19921875 0.029411764705882353
0 0.517578125 0.11764705882352941 0.47265625 0.06470588235294118
0 0.458984375 0.15 0.8125 0.052941176470588235
0 0.9453125 0.15588235294117647 0.046875 0.03823529411764706
0 0.5 0.19852941176470587 0.90234375 0.07058823529411765
0 0.4921875 0.23970588235294119 0.91015625 0.06764705882352941
0 0.48828125 0.28088235294117647 0.8828125 0.06764705882352941
0 0.482421875 0.3235294117647059 0.8671875 0.07058823529411765
0 0.47265625 0.36323529411764705 0.87109375 0.06764705882352941
0 0.474609375 0.40441176470588236 0.86328125 0.07058823529411765
0 0.4921875 0.4470588235294118 0.90234375 0.06764705882352941
0 0.43359375 0.48676470588235293 0.78515625 0.06764705882352941
0 0.767578125 0.9838235294117647 0.41015625 0.03235294117647059