0 0.19183168316831684 0.06540084388185655 0.2698019801980198 0.02109704641350211
0 0.8391089108910891 0.06469760900140648 0.12376237623762376 0.01969057665260197
0 0.4801980198019802 0.10759493670886076 0.8415841584158416 0.015471167369901548
0 0.47896039603960394 0.1209563994374121 0.849009900990099 0.016877637130801686
0 0.47792079207920796 0.13308016877637133 0.8415841584158416 0.017313642756680733
0 0.47792079207920796 0.14659634317862166 0.8453960396039605 0.01623066104078762
0 0.47792079207920796 0.16066104078762308 0.8415841584158416 0.014064697609001406
0 0.25037128712871287 0.1741912798874824 0.3941336633663366 0.017313642756680733
0 0.4741089108910891 0.25316455696202533 0.8606188118811882 0.04976090014064698
0 0.4788613861386139 0.29860759493670885 0.8853712871287128 0.051926863572433195
0 0.48076732673267325 0.34566807313642756 0.881559405940594 0.044360056258790435
0 0.4864851485148515 0.39327707454289734 0.8891831683168318 0.04219409282700422
0 0.4883910891089109 0.44465541490857946 0.9006188118811882 0.04976090014064698
0 0.49029702970297034 0.4890154711673699 0.9082178217821782 0.04327707454289733
0 0.4893316831683168 0.5339240506329114 0.8949009900990099 0.04652601969057665
0 0.5169554455445544 0.5831504922644163 0.9425 0.04544303797468355
0 0.47695544554455443 0.6323769338959212 0.8511138613861386 0.044360056258790435
0 0.20086633663366338 0.7589592123769339 0.28750000000000003 0.027046413502109706