0 0.48968379446640314 0.09258974358974359 0.7817391304347826 0.028487179487179486
0 0.13395256916996048 0.06338461538461539 0.04391304347826087 0.01282051282051282
0 0.2788735177865613 0.0690897435897436 0.03513833992094862 0.01282051282051282
0 0.5094466403162055 0.1168076923076923 0.7905138339920948 0.03133333333333334
0 0.5171343873517786 0.13746153846153847 0.797094861660079 0.027064102564102563
0 0.5138339920948617 0.15953846153846155 0.7992885375494071 0.028487179487179486
0 0.5050592885375494 0.1816282051282051 0.7861264822134387 0.027064102564102563
0 0.373300395256917 0.20655128205128206 0.5226086956521739 0.03133333333333334
0 0.5160276679841898 0.23005128205128206 0.7949011857707511 0.03561538461538462
0 0.5182213438735178 0.25214102564102564 0.803695652173913 0.03133333333333334
0 0.3195059288537549 0.2784871794871795 0.4150197628458498 0.032769230769230766
0 0.5182213438735178 0.30056410256410254 0.8212648221343873 0.039884615384615386
0 0.5149407114624506 0.3247820512820513 0.8234584980237154 0.03703846153846154
0 0.25033596837944666 0.3504230769230769 0.28545454545454546 0.03133333333333334
0 0.8454150197628458 0.9408846153846153 0.10539525691699604 0.024217948717948717