0 0.5043103448275862 0.04477611940298507 0.1781609195402299 0.03731343283582089
0 0.07040229885057471 0.04291044776119403 0.040229885057471264 0.022388059701492536
0 0.4640804597701149 0.1044776119402985 0.8247126436781609 0.09328358208955224
0 0.9669540229885057 0.12313432835820895 0.02586206896551724 0.033582089552238806
0 0.41235632183908044 0.23694029850746268 0.7327586206896551 0.09701492537313433
0 0.4267241379310345 0.375 0.7701149425287356 0.09328358208955224
0 0.4956896551724138 0.5466417910447762 0.1810344827586207 0.033582089552238806
0 0.0603448275862069 0.5447761194029851 0.040229885057471264 0.018656716417910446
0 0.9597701149425287 0.6268656716417911 0.031609195402298854 0.029850746268656716
0 0.40804597701149425 0.6044776119402985 0.7385057471264368 0.09701492537313433
0 0.4295977011494253 0.7444029850746269 0.7844827586206896 0.09701492537313433
0 0.41379310344827586 0.8805970149253731 0.7672413793103449 0.09328358208955224
0 0.4942528735632184 0.9701492537313433 0.1896551724137931 0.029850746268656716