0 0.5339673913043478 0.03812316715542522 0.5516304347826086 0.05718475073313783
0 0.12228260869565218 0.13049853372434017 0.12907608695652173 0.04398826979472141
0 0.5584239130434783 0.11510263929618768 0.5788043478260869 0.06304985337243402
0 0.7228260869565217 0.08064516129032258 0.07744565217391304 0.0469208211143695
0 0.15013586956521738 0.17082111436950145 0.13043478260869565 0.054252199413489736
0 0.09850543478260869 0.2126099706744868 0.028532608695652172 0.03372434017595308
0 0.11413043478260869 0.25146627565982405 0.10461956521739131 0.04252199413489736
0 0.44633152173913043 0.16202346041055718 0.328804347826087 0.06451612903225806
0 0.3220108695652174 0.2001466275659824 0.09918478260869565 0.039589442815249266
0 0.6650815217391305 0.19868035190615835 0.4891304347826087 0.07917888563049853
0 0.7894021739130435 0.26099706744868034 0.08423913043478261 0.02785923753665689
0 0.7418478260869565 0.5197947214076246 0.2554347826086957 0.045454545454545456
0 0.24048913043478262 0.5696480938416423 0.3070652173913043 0.06304985337243402
0 0.22894021739130435 0.6085043988269795 0.07608695652173914 0.03372434017595308
0 0.34171195652173914 0.6502932551319648 0.26222826086956524 0.05571847507331378
0 0.2955163043478261 0.6825513196480938 0.16983695652173914 0.04838709677419355
0 0.12907608695652173 0.7287390029325513 0.09239130434782608 0.039589442815249266
0 0.31657608695652173 0.7258064516129032 0.21195652173913043 0.05718475073313783
0 0.5631793478260869 0.7052785923753666 0.18478260869565216 0.04838709677419355
0 0.13383152173913043 0.7719941348973607 0.10054347826086957 0.04838709677419355
0 0.43478260869565216 0.7587976539589443 0.4361413043478261 0.07038123167155426
0 0.7663043478260869 0.7272727272727273 0.10054347826086957 0.06158357771260997
0 0.31589673913043476 0.8042521994134897 0.1956521739130435 0.05571847507331378
0 0.7228260869565217 0.7800586510263929 0.12364130434782608 0.0469208211143695
0 0.40217391304347827 0.8394428152492669 0.3736413043478261 0.06451612903225806
0 0.13722826086956522 0.8870967741935484 0.09918478260869565 0.039589442815249266
0 0.13111413043478262 0.9296187683284457 0.10733695652173914 0.05571847507331378
0 0.3233695652173913 0.8856304985337243 0.19701086956521738 0.05571847507331378
0 0.35665760869565216 0.9142228739002932 0.26222826086956524 0.0469208211143695
0 0.29959239130434784 0.9611436950146628 0.15081521739130435 0.05718475073313783
0 0.8552989130434783 0.8526392961876833 0.08423913043478261 0.051319648093841645