0 0.4796858638743456 0.10958174904942966 0.6297905759162304 0.04026615969581749
0 0.45581151832460737 0.136425855513308 0.5974869109947645 0.035779467680608364
0 0.43654450261780103 0.16102661596958176 0.5867015706806283 0.03133079847908745
0 0.48041884816753927 0.18787072243346006 0.6775392670157068 0.035779467680608364
0 0.4642931937172775 0.21079847908745247 0.6482722513089005 0.03692015209125476
0 0.46890052356020945 0.23372623574144485 0.6636649214659686 0.035779467680608364
0 0.48968586387434554 0.25775665399239545 0.7052879581151833 0.032433460076045625
0 0.4812041884816754 0.28406844106463874 0.6791099476439791 0.03133079847908745
0 0.42963350785340315 0.306425855513308 0.57282722513089 0.03133079847908745
0 0.4719895287958116 0.33045627376425857 0.6513612565445026 0.03467680608365019
0 0.4419371727748691 0.3550570342205323 0.5974869109947645 0.030190114068441066
0 0.4504188481675393 0.3791254752851711 0.6051832460732984 0.03133079847908745
0 0.44115183246073303 0.40425855513307984 0.5897905759162304 0.030190114068441066
0 0.4750785340314136 0.42608365019011407 0.6482722513089005 0.0335361216730038
0 0.46890052356020945 0.45292775665399243 0.6698429319371728 0.0335361216730038
0 0.40963350785340313 0.47752851711026617 0.5358638743455497 0.0335361216730038
0 0.4658115183246073 0.49988593155893535 0.6575392670157069 0.03802281368821293
0 0.45659685863874344 0.5244866920152091 0.6452356020942408 0.03133079847908745
0 0.4304188481675392 0.5463117870722434 0.5743979057591623 0.030190114068441066
0 0.438848167539267 0.5714448669201521 0.5790052356020943 0.035779467680608364
0 0.32801047120418847 0.6145247148288974 0.3726701570680629 0.06152091254752851