0 0.1779475982532751 0.0008012820512820513 0.2336244541484716 0.0016025641025641025
0 0.7543668122270742 0.005608974358974359 0.1091703056768559 0.00641025641025641
0 0.4410480349344978 0.027243589743589744 0.7532751091703057 0.027243589743589744
0 0.4388646288209607 0.041666666666666664 0.7532751091703057 0.027243589743589744
0 0.43777292576419213 0.05689102564102564 0.7554585152838428 0.03205128205128205
0 0.3165938864628821 0.07131410256410256 0.5131004366812227 0.020833333333333332
0 0.4181222707423581 0.1594551282051282 0.759825327510917 0.06570512820512821
0 0.435589519650655 0.21794871794871795 0.7554585152838428 0.05128205128205128
0 0.4410480349344978 0.27003205128205127 0.7663755458515283 0.057692307692307696
0 0.44541484716157204 0.3229166666666667 0.7663755458515283 0.05128205128205128
0 0.435589519650655 0.38461538461538464 0.7489082969432315 0.05929487179487179
0 0.44759825327510916 0.43509615384615385 0.7641921397379913 0.0625
0 0.18231441048034935 0.47996794871794873 0.24017467248908297 0.041666666666666664
0 0.08406113537117904 0.7852564102564102 0.06550218340611354 0.017628205128205128
0 0.6823144104803494 0.8221153846153846 0.3624454148471616 0.05128205128205128
0 0.4923580786026201 0.8693910256410257 0.4737991266375546 0.05128205128205128