0 0.3106796116504854 0.029616724738675958 0.06634304207119741 0.036585365853658534
0 0.41828478964401294 0.04442508710801394 0.06796116504854369 0.04529616724738676
0 0.529126213592233 0.04006968641114982 0.07766990291262135 0.05400696864111498
0 0.6715210355987055 0.040940766550522645 0.10679611650485436 0.03484320557491289
0 0.5040453074433657 0.09843205574912892 0.13754045307443366 0.05400696864111498
0 0.5048543689320388 0.21254355400696864 0.6084142394822006 0.11672473867595819
0 0.4377022653721683 0.3362369337979094 0.27184466019417475 0.06097560975609756
0 0.46197411003236244 0.39634146341463417 0.32362459546925565 0.06097560975609756
0 0.44660194174757284 0.4564459930313589 0.2928802588996764 0.059233449477351915
0 0.4393203883495146 0.514808362369338 0.2766990291262136 0.06445993031358885
0 0.48058252427184467 0.6332752613240418 0.3673139158576052 0.06097560975609756
0 0.46682847896440127 0.6916376306620209 0.33818770226537215 0.06097560975609756
0 0.4279935275080906 0.7534843205574913 0.26375404530744334 0.05749128919860627
0 0.4441747572815534 0.8118466898954704 0.2961165048543689 0.05749128919860627