0 0.16613162118780098 0.05365566037735849 0.16292134831460675 0.03419811320754717
0 0.6757624398073836 0.06839622641509434 0.1548956661316212 0.030660377358490566
0 0.1079454253611557 0.09964622641509434 0.03130016051364366 0.036556603773584904
0 0.1617174959871589 0.10318396226415094 0.03290529695024077 0.03773584905660377
0 0.213884430176565 0.10495283018867925 0.03210272873194221 0.0330188679245283
0 0.2664526484751204 0.10731132075471699 0.03130016051364366 0.03419811320754717
0 0.31942215088282505 0.10731132075471699 0.033707865168539325 0.03419811320754717
0 0.37118780096308185 0.10790094339622641 0.030497592295345103 0.0330188679245283
0 0.42536115569823435 0.10908018867924528 0.030497592295345103 0.036556603773584904
0 0.47752808988764045 0.10966981132075472 0.03210272873194221 0.031839622641509434
0 0.10714285714285714 0.1391509433962264 0.03290529695024077 0.036556603773584904
0 0.10714285714285714 0.1792452830188679 0.02969502407704655 0.0330188679245283
0 0.1260032102728732 0.22464622641509435 0.08105939004815409 0.05070754716981132
0 0.23274478330658105 0.22641509433962265 0.08186195826645265 0.04363207547169811
0 0.3382825040128411 0.23054245283018868 0.07945425361155699 0.045990566037735846
0 0.4438202247191011 0.2358490566037736 0.08105939004815409 0.04716981132075472
0 0.12560192616372393 0.2659198113207547 0.07865168539325842 0.04481132075471698
0 0.12640449438202248 0.30424528301886794 0.07945425361155699 0.04716981132075472
0 0.10232744783306581 0.33785377358490565 0.025682182985553772 0.031839622641509434
0 0.15529695024077048 0.33785377358490565 0.025682182985553772 0.03419811320754717
0 0.20826645264847513 0.33903301886792453 0.025682182985553772 0.031839622641509434
0 0.2612359550561798 0.3402122641509434 0.027287319422150885 0.0330188679245283
0 0.3146067415730337 0.34139150943396224 0.026484751203852328 0.0330188679245283
0 0.3671749598715891 0.3431603773584906 0.025682182985553772 0.031839622641509434
0 0.42134831460674155 0.3449292452830189 0.028089887640449437 0.031839622641509434
0 0.47391653290529695 0.3466981132075472 0.025682182985553772 0.030660377358490566
0 0.10232744783306581 0.3761792452830189 0.024879614767255216 0.030660377358490566
0 0.10232744783306581 0.41568396226415094 0.028089887640449437 0.03419811320754717
0 0.11436597110754414 0.4540094339622642 0.05457463884430177 0.0330188679245283
0 0.19462279293739967 0.4545990566037736 0.05457463884430177 0.031839622641509434
0 0.27407704654895665 0.4569575471698113 0.05457463884430177 0.0330188679245283
0 0.3539325842696629 0.45990566037735847 0.0521669341894061 0.03419811320754717
0 0.43218298555377205 0.46285377358490565 0.051364365971107544 0.031839622641509434
0 0.11476725521669343 0.49233490566037735 0.052969502407704656 0.031839622641509434
0 0.1151685393258427 0.53125 0.052969502407704656 0.031839622641509434
0 0.2588282504012841 0.6120283018867925 0.20224719101123595 0.03773584905660377
0 0.2576243980738363 0.652122641509434 0.2014446227929374 0.04009433962264151
0 0.25080256821829855 0.7718160377358491 0.19903691813804172 0.05188679245283019
0 0.25 0.8130896226415094 0.19823434991974317 0.049528301886792456
0 0.07985553772070626 0.9097877358490566 0.045746388443017656 0.02122641509433962
0 0.14285714285714285 0.9121462264150944 0.01765650080256822 0.01650943396226415
0 0.22191011235955055 0.9156839622641509 0.021669341894060994 0.015330188679245283
0 0.3342696629213483 0.9162735849056604 0.06019261637239166 0.02122641509433962
0 0.26364365971107545 0.9640330188679245 0.018459069020866775 0.02240566037735849
0 0.6215890850722311 0.11674528301886793 0.033707865168539325 0.0330188679245283
0 0.6741573033707865 0.11674528301886793 0.03290529695024077 0.03537735849056604
0 0.7263242375601926 0.11910377358490566 0.03290529695024077 0.03419811320754717
0 0.7792937399678973 0.11851415094339622 0.03290529695024077 0.03537735849056604
0 0.8330658105939005 0.1214622641509434 0.03531300160513644 0.036556603773584904
0 0.8860353130016051 0.12264150943396226 0.033707865168539325 0.03773584905660377
0 0.9390048154093098 0.12323113207547169 0.03531300160513644 0.036556603773584904
0 0.9879614767255217 0.125 0.024077046548956663 0.03773584905660377
0 0.6203852327447833 0.15330188679245282 0.03210272873194221 0.0330188679245283
0 0.6195826645264848 0.1928066037735849 0.03451043338683788 0.031839622641509434
0 0.6432584269662921 0.2340801886792453 0.07784911717495988 0.03419811320754717
0 0.7495987158908507 0.2358490566037736 0.07865168539325842 0.036556603773584904
0 0.8559390048154093 0.23879716981132076 0.08105939004815409 0.03537735849056604
0 0.9606741573033708 0.23997641509433962 0.07865168539325842 0.036556603773584904
0 0.6428571428571429 0.2694575471698113 0.07945425361155699 0.031839622641509434
0 0.6412520064205457 0.31014150943396224 0.07865168539325842 0.03537735849056604
0 0.6151685393258427 0.34964622641509435 0.026484751203852328 0.031839622641509434
0 0.6693418940609952 0.3490566037735849 0.026484751203852328 0.0330188679245283
0 0.7199036918138042 0.35023584905660377 0.025682182985553772 0.036556603773584904
0 0.7732744783306581 0.35082547169811323 0.024879614767255216 0.03537735849056604
0 0.8262439807383628 0.35318396226415094 0.024879614767255216 0.0330188679245283
0 0.8796147672552167 0.35318396226415094 0.026484751203852328 0.03537735849056604
0 0.9329855537720706 0.357311320754717 0.024879614767255216 0.0330188679245283
0 0.9859550561797753 0.3579009433962264 0.028089887640449437 0.03419811320754717
0 0.6151685393258427 0.3891509433962264 0.025682182985553772 0.0330188679245283
0 0.6151685393258427 0.4268867924528302 0.026484751203852328 0.030660377358490566
0 0.634430176565008 0.4675707547169811 0.06902086677367576 0.0330188679245283
0 0.7407704654895666 0.4693396226415094 0.06821829855537721 0.03419811320754717
0 0.8463081861958266 0.4716981132075472 0.06741573033707865 0.0330188679245283
0 0.9518459069020867 0.47582547169811323 0.0666131621187801 0.03537735849056604
0 0.6348314606741573 0.5058962264150944 0.06741573033707865 0.03419811320754717
0 0.6336276083467095 0.5448113207547169 0.06741573033707865 0.031839622641509434
0 0.7949438202247191 0.5925707547169812 0.19502407704654895 0.05188679245283019
0 0.7953451043338684 0.6344339622641509 0.19341894060995185 0.05070754716981132
0 0.7796950240770465 0.7800707547169812 0.16773675762439808 0.036556603773584904
0 0.778892455858748 0.8195754716981132 0.16693418940609953 0.03773584905660377