0 0.5 0.02564102564102564 0.9294871794871795 0.05128205128205128
0 0.48717948717948717 0.049145299145299144 0.875 0.05982905982905983
0 0.5112179487179487 0.08867521367521368 0.9326923076923077 0.049145299145299144
0 0.46153846153846156 0.125 0.8397435897435898 0.04700854700854701
0 0.5144230769230769 0.15491452991452992 0.9038461538461539 0.07264957264957266
0 0.5128205128205128 0.19123931623931623 0.9358974358974359 0.05982905982905983
0 0.4775641025641026 0.23717948717948717 0.8782051282051282 0.05128205128205128
0 0.5176282051282052 0.2702991452991453 0.9455128205128205 0.06623931623931624
0 0.5176282051282052 0.29914529914529914 0.9423076923076923 0.049145299145299144
0 0.5176282051282052 0.3333333333333333 0.9647435897435898 0.05128205128205128
0 0.5176282051282052 0.37393162393162394 0.9647435897435898 0.05555555555555555
0 0.48717948717948717 0.4230769230769231 0.9102564102564102 0.0641025641025641
0 0.5032051282051282 0.46474358974358976 0.9487179487179487 0.07264957264957266
0 0.48717948717948717 0.5192307692307693 0.9358974358974359 0.06837606837606838
0 0.4775641025641026 0.5470085470085471 0.8782051282051282 0.06196581196581197
0 0.5016025641025641 0.5822649572649573 0.9455128205128205 0.049145299145299144
0 0.453525641025641 0.6217948717948718 0.842948717948718 0.053418803418803416
0 0.5032051282051282 0.6527777777777778 0.9166666666666666 0.06623931623931624
0 0.5048076923076923 0.6933760683760684 0.9358974358974359 0.057692307692307696
0 0.46955128205128205 0.7361111111111112 0.8685897435897436 0.04700854700854701
0 0.5096153846153846 0.7670940170940171 0.9487179487179487 0.057692307692307696
0 0.5096153846153846 0.8066239316239316 0.9423076923076923 0.05982905982905983
0 0.5144230769230769 0.8386752136752137 0.9711538461538461 0.057692307692307696
0 0.5112179487179487 0.8760683760683761 0.967948717948718 0.05128205128205128
0 0.47596153846153844 0.9209401709401709 0.9166666666666666 0.049145299145299144
0 0.49038461538461536 0.9604700854700855 0.9391025641025641 0.06623931623931624