0 0.574235807860262 0.02575107296137339 0.7729257641921398 0.05150214592274678
0 0.5633187772925764 0.06652360515021459 0.87117903930131 0.10300429184549356
0 0.5447598253275109 0.13090128755364808 0.8362445414847162 0.0944206008583691
0 0.5600436681222707 0.19527896995708155 0.8733624454148472 0.09871244635193133
0 0.5600436681222707 0.2542918454935622 0.8799126637554585 0.09656652360515021
0 0.5578602620087336 0.3218884120171674 0.8755458515283843 0.09227467811158799
0 0.5480349344978166 0.3776824034334764 0.868995633187773 0.11587982832618025
0 0.519650655021834 0.44742489270386265 0.8165938864628821 0.10300429184549356
0 0.5524017467248908 0.5118025751072961 0.8951965065502183 0.10515021459227468
0 0.537117903930131 0.5740343347639485 0.8646288209606987 0.10515021459227468
0 0.5305676855895196 0.6373390557939914 0.8558951965065502 0.09871244635193133
0 0.5480349344978166 0.7006437768240343 0.8995633187772926 0.10085836909871244
0 0.5469432314410481 0.7725321888412017 0.8995633187772926 0.11587982832618025
0 0.8165938864628821 0.8530042918454935 0.11135371179039301 0.032188841201716736
0 0.5240174672489083 0.9560085836909872 0.9344978165938864 0.08798283261802575