0 0.46615491974877876 0.16064453125 0.741102581995813 0.1005859375
0 0.4989532449406839 0.23193359375 0.8150732728541521 0.09912109375
0 0.5184926727145848 0.3154296875 0.8618283321702721 0.09619140625
0 0.4975575715282624 0.388671875 0.8269364968597348 0.09912109375
0 0.5010467550593162 0.45751953125 0.854152128401954 0.10888671875
0 0.3524075366364271 0.52294921875 0.44731332868108864 0.09765625
0 0.45917655268667135 0.61328125 0.7508722958827634 0.10986328125
0 0.47173761339846476 0.70458984375 0.7836706210746686 0.134765625
0 0.44103279832519193 0.78076171875 0.7334263782274948 0.09912109375
0 0.4612700628053036 0.86474609375 0.8011165387299372 0.1005859375
0 0.6266573621772505 0.912109375 0.7194696441032798 0.0732421875