0 0.7121451104100947 0.0703781512605042 0.04100946372239748 0.04411764705882353
0 0.7886435331230284 0.1134453781512605 0.2870662460567823 0.046218487394957986
0 0.526813880126183 0.19852941176470587 0.5977917981072555 0.06722689075630252
0 0.5441640378548895 0.3235294117647059 0.5394321766561514 0.0861344537815126
0 0.4952681388012618 0.38130252100840334 0.42586750788643535 0.0819327731092437
0 0.4069400630914827 0.4884453781512605 0.24605678233438485 0.09033613445378151
0 0.75 0.47478991596638653 0.32334384858044163 0.08403361344537816
0 0.4148264984227129 0.5409663865546218 0.25236593059936907 0.0861344537815126
0 0.7744479495268138 0.5378151260504201 0.37066246056782337 0.07773109243697479
0 0.48501577287066244 0.5934873949579832 0.2807570977917981 0.06302521008403361
0 0.13249211356466878 0.6502100840336135 0.1750788643533123 0.07983193277310924
0 0.47634069400630913 0.6512605042016807 0.38170347003154576 0.09243697478991597
0 0.5023659305993691 0.7531512605042017 0.30126182965299686 0.08403361344537816
0 0.43296529968454256 0.8592436974789915 0.24921135646687698 0.06302521008403361
0 0.8004731861198738 0.8550420168067226 0.222397476340694 0.0819327731092437
0 0.43296529968454256 0.9180672268907563 0.22082018927444794 0.07773109243697479
0 0.4558359621451104 0.9653361344537815 0.2555205047318612 0.06932773109243698
0 0.47712933753943215 0.9915966386554622 0.2949526813880126 0.01680672268907563