0 0.38142076502732236 0.11345454545454545 0.7060109289617486 0.04363636363636364
0 0.5366120218579236 0.16581818181818184 0.819672131147541 0.03781818181818182
0 0.21639344262295082 0.20145454545454544 0.20546448087431696 0.03636363636363636
0 0.453551912568306 0.22472727272727272 0.6710382513661202 0.04509090909090909
0 0.5158469945355192 0.2509090909090909 0.8 0.03927272727272728
0 0.5387978142076503 0.28145454545454546 0.8415300546448088 0.04218181818181818
0 0.47650273224043715 0.312 0.7169398907103824 0.047999999999999994
0 0.3442622950819672 0.3665454545454545 0.46994535519125685 0.04654545454545455
0 0.5355191256830601 0.3927272727272727 0.8524590163934426 0.05818181818181818
0 0.41857923497267757 0.4465454545454545 0.5748633879781421 0.04654545454545455
0 0.3256830601092896 0.47127272727272723 0.14863387978142076 0.02909090909090909
0 0.46994535519125685 0.4938181818181819 0.6950819672131148 0.03345454545454545
0 0.3191256830601093 0.522909090909091 0.38907103825136613 0.030545454545454546
0 0.34863387978142074 0.5498181818181818 0.45683060109289614 0.03490909090909091
0 0.3322404371584699 0.5774545454545454 0.4240437158469945 0.032
0 0.346448087431694 0.6050909090909091 0.4524590163934426 0.02909090909090909
0 0.32786885245901637 0.6312727272727272 0.4284153005464481 0.02909090909090909
0 0.3453551912568306 0.6581818181818182 0.4415300546448087 0.030545454545454546
0 0.3431693989071038 0.6858181818181818 0.4415300546448087 0.027636363636363636
0 0.0644808743169399 0.7185454545454545 0.0546448087431694 0.032
0 0.49945355191256835 0.7185454545454545 0.7497267759562841 0.03781818181818182
0 0.4961748633879781 0.7461818181818182 0.7475409836065574 0.04072727272727272
0 0.312568306010929 0.7716363636363636 0.3978142076502732 0.04218181818181818
0 0.380327868852459 0.8232727272727273 0.5289617486338798 0.03490909090909091
0 0.23387978142076501 0.8516363636363636 0.24043715846994534 0.030545454545454546
0 0.28415300546448086 0.8763636363636363 0.32349726775956283 0.030545454545454546
0 0.2371584699453552 0.9025454545454545 0.22950819672131148 0.030545454545454546
0 0.3081967213114754 0.9309090909090909 0.3453551912568306 0.032
0 0.6765027322404371 0.848 0.0633879781420765 0.032
0 0.9049180327868852 0.8487272727272728 0.08743169398907104 0.027636363636363636
0 0.7792349726775956 0.872 0.3081967213114754 0.030545454545454546
0 0.8065573770491803 0.904 0.34972677595628415 0.027636363636363636
0 0.7431693989071039 0.9309090909090909 0.2185792349726776 0.02618181818181818
0 0.7595628415300546 0.9592727272727273 0.21639344262295082 0.030545454545454546