0 0.34568 0.06823691460055097 0.026199999999999998 0.04509641873278237
0 0.12588 0.14289256198347106 0.02548 0.04743801652892562
0 0.12712 0.21201101928374655 0.029079999999999998 0.04085399449035813
0 0.12606 0.2828650137741047 0.0327 0.04608815426997245
0 0.12406 0.34793388429752065 0.03062 0.0418732782369146
0 0.12415999999999999 0.4184022038567493 0.0289 0.05052341597796143
0 0.12398 0.4825619834710743 0.03232 0.04027548209366391
0 0.12236 0.561129476584022 0.031 0.03790633608815427
0 0.12415999999999999 0.6256749311294766 0.0289 0.04523415977961433
0 0.12301999999999999 0.6922038567493113 0.02662 0.04600550964187328
0 0.12284 0.7636914600550965 0.03004 0.04206611570247934
0 0.1215 0.8296969696969697 0.03118 0.043884297520661156
0 0.12244 0.9021212121212122 0.02928 0.04597796143250689
0 0.5247 0.08606060606060606 0.24712 0.08286501377410468
0 0.47812 0.1590082644628099 0.59016 0.08391184573002755
0 0.49518 0.22947658402203855 0.63378 0.09256198347107439
0 0.51936 0.30019283746556474 0.67834 0.08493112947658402
0 0.47487999999999997 0.37077134986225896 0.5875 0.0959228650137741
0 0.4208 0.4412121212121212 0.48694 0.09407713498622589
0 0.51832 0.5079889807162534 0.67434 0.07859504132231405
0 0.40442 0.5779338842975207 0.45418000000000003 0.08829201101928374
0 0.49384 0.6492837465564738 0.6273 0.09245179063360882
0 0.41784 0.715426997245179 0.47912 0.08195592286501377
0 0.45756 0.7844352617079889 0.55664 0.07931129476584022
0 0.43994 0.8564462809917355 0.5233 0.0953168044077135
0 0.50194 0.92099173553719 0.6492 0.10264462809917355