0 0.5056818181818182 0.09795570698466781 0.6863636363636364 0.065587734241908
0 0.53125 0.18313458262350937 0.7431818181818182 0.1201022146507666
0 0.45 0.23850085178875638 0.44772727272727275 0.05536626916524702
0 0.5159090909090909 0.293015332197615 0.7090909090909091 0.06473594548551959
0 0.4505681818181818 0.3402896081771721 0.45227272727272727 0.05706984667802385
0 0.5340909090909091 0.38969335604770017 0.7454545454545455 0.0706984667802385
0 0.49829545454545454 0.4395229982964225 0.55 0.065587734241908
0 0.5238636363636363 0.489778534923339 0.7329545454545454 0.07495741056218058
0 0.45681818181818185 0.5387563884156729 0.46704545454545454 0.065587734241908
0 0.49886363636363634 0.5851788756388415 0.6772727272727272 0.065587734241908
0 0.5323863636363636 0.6401192504258943 0.6284090909090909 0.07666098807495741
0 0.5323863636363636 0.6835604770017035 0.7477272727272727 0.07666098807495741
0 0.4960227272727273 0.7406303236797275 0.5511363636363636 0.07666098807495741