0 0.5621462488129155 0.030588972431077693 0.0507977207977208 0.03957393483709273
0 0.6313770180436847 0.06342105263157895 0.043000949667616334 0.01901002506265664
0 0.24896486229819564 0.11656641604010025 0.09679012345679013 0.03304511278195489
0 0.37878442545109214 0.08799498746867168 0.039230769230769236 0.0200125313283208
0 0.5037511870845205 0.08823308270676691 0.13721747388414057 0.03454887218045113
0 0.37650522317188984 0.11957393483709274 0.019477682811016146 0.027030075187969925
0 0.5044159544159544 0.1237092731829574 0.13284900284900283 0.04131578947368421
0 0.38524216524216526 0.15228070175438596 0.03695156695156695 0.02426065162907268
0 0.5035612535612536 0.15917293233082705 0.12544159544159544 0.03804511278195489
0 0.3875213675213675 0.18912280701754383 0.03391263057929725 0.035776942355889726
0 0.5587274453941121 0.1950125313283208 0.2414814814814815 0.04154135338345864
0 0.24877492877492877 0.2188345864661654 0.10020892687559353 0.03903508771929824
0 0.25067426400759735 0.24790726817042608 0.09641025641025641 0.03100250626566416
0 0.2586514719848053 0.28412280701754383 0.11236467236467236 0.0412781954887218
0 0.2434567901234568 0.3152005012531328 0.05919278252611586 0.039260651629072676
0 0.27118708452041784 0.37360902255639095 0.11464387464387464 0.04776942355889724
0 0.6312725546058879 0.2571804511278195 0.2726210826210826 0.0375187969924812
0 0.42094017094017094 0.28211779448621555 0.09316239316239315 0.035263157894736843
0 0.6159924026590693 0.28963659147869675 0.236343779677113 0.030250626566416042
0 0.5336562203228871 0.3212155388471178 0.41165242165242166 0.04728070175438596
0 0.3725166191832858 0.35092731829573937 0.07585944919278252 0.04051378446115288
0 0.6887369420702754 0.3853884711779449 0.058945868945868944 0.019197994987468672
0 0.2434567901234568 0.5993233082706767 0.07438746438746438 0.02993734335839599
0 0.6281481481481482 0.6243859649122807 0.17708452041785375 0.029924812030075187
0 0.21545109211775879 0.6706015037593985 0.06963912630579297 0.04025062656641604
0 0.38950617283950617 0.6777443609022556 0.15754985754985756 0.03849624060150376
0 0.5754415954415955 0.6832581453634086 0.1153656220322887 0.0475187969924812
0 0.6209306742640076 0.7104636591478697 0.06389363722697056 0.02770676691729323
0 0.3849477682811016 0.7446741854636592 0.14084520417853752 0.03997493734335839
0 0.6272934472934473 0.7458020050125314 0.07092117758784426 0.040225563909774435
0 0.5909211775878442 0.775250626566416 0.011481481481481481 0.018922305764411028
0 0.38874643874643877 0.8109649122807018 0.14843304843304844 0.04021303258145364
0 0.6035517568850902 0.8108395989974937 0.042431149097815764 0.03194235588972431
0 0.6207407407407407 0.8444360902255639 0.059715099715099716 0.04096491228070175
0 0.21914529914529915 0.8995739348370928 0.10173789173789173 0.03092731829573935
0 0.2256980056980057 0.9306516290726816 0.05976258309591643 0.028909774436090226
0 0.5055460588793922 0.9098496240601504 0.3858309591642925 0.04145363408521303
0 0.33528964862298194 0.939423558897243 0.03962013295346629 0.03642857142857143
0 0.5665147198480531 0.9441854636591479 0.3520132953466287 0.04194235588972431
0 0.4231244064577398 0.9756516290726818 0.04625830959164293 0.03667919799498747