0 0.2602040816326531 0.07540983606557378 0.22244897959183674 0.029508196721311476
0 0.7959183673469388 0.05901639344262295 0.1 0.02622950819672131
0 0.5020408163265306 0.11639344262295082 0.6979591836734694 0.03934426229508197
0 0.5010204081632653 0.13360655737704918 0.6959183673469388 0.040983606557377046
0 0.5051020408163265 0.14754098360655737 0.6938775510204082 0.03934426229508197
0 0.503061224489796 0.16393442622950818 0.6959183673469388 0.03934426229508197
0 0.3846938775510204 0.18360655737704917 0.45918367346938777 0.03278688524590164
0 0.5061224489795918 0.23852459016393443 0.7020408163265306 0.08032786885245902
0 0.5183673469387755 0.2934426229508197 0.6979591836734694 0.08688524590163935
0 0.5020408163265306 0.35081967213114756 0.7 0.08852459016393442
0 0.5295918367346939 0.4016393442622951 0.7306122448979592 0.08360655737704918
0 0.5316326530612245 0.46229508196721314 0.726530612244898 0.08688524590163935
0 0.5244897959183673 0.5172131147540984 0.7142857142857143 0.09180327868852459
0 0.5316326530612245 0.5745901639344262 0.736734693877551 0.08688524590163935
0 0.5051020408163265 0.6336065573770492 0.6775510204081633 0.08688524590163935
0 0.48775510204081635 0.6860655737704918 0.6265306122448979 0.08360655737704918
0 0.5469387755102041 0.7377049180327869 0.7489795918367347 0.08524590163934426
0 0.22040816326530613 0.889344262295082 0.061224489795918366 0.022950819672131147