0 0.4495798319327731 0.040880503144654086 0.8014705882352942 0.06210691823899371
0 0.4942226890756303 0.07940251572327044 0.8939075630252101 0.0699685534591195
0 0.4427521008403361 0.12106918238993711 0.7888655462184874 0.07154088050314465
0 0.5099789915966386 0.21540880503144655 0.7972689075630253 0.06682389937106918
0 0.49737394957983194 0.26336477987421386 0.24474789915966386 0.06761006289308176
0 0.4070378151260504 0.3007075471698113 0.6134453781512605 0.09433962264150944
0 0.2510504201680672 0.3687106918238994 0.2762605042016807 0.06839622641509434
0 0.3539915966386555 0.41627358490566035 0.5136554621848739 0.06525157232704402
0 0.5430672268907563 0.46187106918238996 0.851890756302521 0.06761006289308176
0 0.9648109243697479 0.4312106918238994 0.0063025210084033615 0.006289308176100629
0 0.48581932773109243 0.514937106918239 0.8686974789915967 0.07547169811320754
0 0.4227941176470588 0.5687893081761006 0.6228991596638656 0.0770440251572327
0 0.4564075630252101 0.6191037735849056 0.6880252100840336 0.06682389937106918
0 0.5635504201680672 0.6650943396226415 0.8707983193277311 0.07861635220125786
0 0.3644957983193277 0.7283805031446541 0.625 0.0770440251572327
0 0.30462184873949577 0.7802672955974843 0.4569327731092437 0.06761006289308176
0 0.5215336134453782 0.8282232704402516 0.8046218487394958 0.08569182389937106
0 0.5288865546218487 0.8856132075471698 0.25735294117647056 0.07075471698113207
0 0.5026260504201681 0.9331761006289309 0.47163865546218486 0.06132075471698113