0 0.5312820512820513 0.08349173553719008 0.33016317016317015 0.0925206611570248
0 0.5989860139860139 0.22042011019283747 0.6403962703962705 0.08863636363636362
0 0.48733100233100235 0.2983884297520661 0.7947086247086247 0.10349862258953169
0 0.4945571095571095 0.3753925619834711 0.8324708624708624 0.10099862258953168
0 0.4681002331002331 0.4471625344352617 0.8052039627039627 0.11448347107438016
0 0.48465034965034964 0.5237603305785123 0.8336363636363636 0.10455234159779614
0 0.4907109557109557 0.5920867768595042 0.8830477855477855 0.08911157024793387
0 0.5130827505827507 0.6741873278236914 0.9184790209790209 0.10121212121212121
0 0.4626223776223776 0.7434779614325069 0.8385314685314685 0.09210743801652893
0 0.4728787878787879 0.8222727272727273 0.887016317016317 0.09980716253443525
0 0.48336829836829837 0.9031336088154269 0.9219755244755244 0.12265840220385675