0 0.49390243902439024 0.496875 0.2530487804878049 0.16875
0 0.2339939024390244 0.0828125 0.03048780487804878 0.06875
0 0.7599085365853658 0.1015625 0.025914634146341462 0.0625
0 0.22942073170731708 0.284375 0.35365853658536583 0.090625
0 0.6692073170731707 0.2765625 0.1326219512195122 0.071875
0 0.14176829268292682 0.4734375 0.17835365853658536 0.090625
0 0.6958841463414634 0.4953125 0.1875 0.090625
0 0.14710365853658536 0.6921875 0.19817073170731708 0.09375
0 0.6699695121951219 0.7109375 0.13109756097560976 0.090625
0 0.1326219512195122 0.9046875 0.17530487804878048 0.0875
0 0.7652439024390244 0.88125 0.3475609756097561 0.096875
0 0.694359756097561 0.9578125 0.20579268292682926 0.084375
0 0.4428353658536585 0.9421875 0.48323170731707316 0.115625