0 0.47985347985347987 0.02750809061488673 0.63003663003663 0.05501618122977346
0 0.22252747252747251 0.0970873786407767 0.13553113553113552 0.038834951456310676
0 0.5384615384615384 0.11084142394822007 0.7014652014652014 0.07119741100323625
0 0.5082417582417582 0.17071197411003236 0.7197802197802198 0.0744336569579288
0 0.3250915750915751 0.24352750809061488 0.36813186813186816 0.06310679611650485
0 0.5146520146520146 0.27184466019417475 0.7380952380952381 0.07281553398058252
0 0.26556776556776557 0.31148867313915857 0.05860805860805861 0.022653721682847898
0 0.5082417582417582 0.3058252427184466 0.054945054945054944 0.02912621359223301
0 0.2619047619047619 0.33980582524271846 0.08791208791208792 0.0372168284789644
0 0.51007326007326 0.3333333333333333 0.10073260073260074 0.03559870550161812
0 0.543040293040293 0.4053398058252427 0.7582417582417582 0.0744336569579288
0 0.2893772893772894 0.4449838187702265 0.29853479853479853 0.05663430420711974
0 0.5366300366300366 0.47249190938511326 0.7326007326007326 0.07928802588996764
0 0.5989010989010989 0.5072815533980582 0.2087912087912088 0.05016181229773463
0 0.5228937728937729 0.5744336569579288 0.42124542124542125 0.06957928802588997
0 0.5558608058608059 0.6140776699029126 0.7673992673992674 0.10032362459546926
0 0.2591575091575092 0.6521035598705501 0.26556776556776557 0.06634304207119741
0 0.29853479853479853 0.6868932038834952 0.35714285714285715 0.08576051779935275
0 0.5412087912087912 0.7281553398058253 0.8223443223443223 0.11974110032362459
0 0.2261904761904762 0.7540453074433657 0.21062271062271062 0.06310679611650485
0 0.3617216117216117 0.8325242718446602 0.4597069597069597 0.09061488673139159
0 0.7445054945054945 0.8317152103559871 0.2032967032967033 0.05177993527508091
0 0.7445054945054945 0.8713592233009708 0.17765567765567766 0.04854368932038835
0 0.7298534798534798 0.906957928802589 0.1575091575091575 0.05177993527508091
0 0.8305860805860806 0.9546925566343042 0.10256410256410256 0.03398058252427184