0 0.12154696132596685 0.056286549707602336 0.143646408839779 0.049707602339181284
0 0.17748618784530387 0.8771929824561403 0.11740331491712708 0.039473684210526314
0 0.1671270718232044 0.9897660818713451 0.09116022099447514 0.02046783625730994
0 0.5953038674033149 0.0445906432748538 0.680939226519337 0.05701754385964912
0 0.5863259668508287 0.08845029239766082 0.6671270718232044 0.06578947368421052
0 0.4924033149171271 0.12719298245614036 0.462707182320442 0.05847953216374269
0 0.3238950276243094 0.1739766081871345 0.11740331491712708 0.05701754385964912
0 0.555939226519337 0.15862573099415206 0.21132596685082872 0.05116959064327485
0 0.5683701657458563 0.2010233918128655 0.23480662983425415 0.06140350877192982
0 0.5027624309392266 0.23757309941520469 0.08701657458563536 0.04239766081871345
0 0.5193370165745856 0.2843567251461988 0.11740331491712708 0.05555555555555555
0 0.356353591160221 0.3223684210526316 0.15607734806629833 0.04239766081871345
0 0.39571823204419887 0.3654970760233918 0.23342541436464087 0.05701754385964912
0 0.7672651933701657 0.3530701754385965 0.2886740331491713 0.05263157894736842
0 0.4240331491712707 0.40058479532163743 0.2983425414364641 0.05701754385964912
0 0.6484806629834254 0.3961988304093567 0.052486187845303865 0.04532163742690058
0 0.7796961325966851 0.3888888888888889 0.09668508287292818 0.039473684210526314
0 0.8453038674033149 0.42251461988304095 0.08977900552486189 0.024853801169590642
0 0.7831491712707183 0.6922514619883041 0.2569060773480663 0.03508771929824561
0 0.5435082872928176 0.7595029239766082 0.5138121546961326 0.06432748538011696
0 0.5600828729281768 0.8384502923976608 0.5649171270718232 0.06578947368421052
0 0.6132596685082873 0.8742690058479532 0.6450276243093923 0.05847953216374269
0 0.619475138121547 0.9152046783625731 0.6685082872928176 0.06432748538011696
0 0.6374309392265194 0.9766081871345029 0.7030386740331491 0.04678362573099415