0 0.5833333333333334 0.012762762762762763 0.5 0.025525525525525526
0 0.5368217054263565 0.04504504504504504 0.031007751937984496 0.036036036036036036
0 0.5910852713178295 0.1006006006006006 0.6744186046511628 0.05405405405405406
0 0.5329457364341085 0.1463963963963964 0.810077519379845 0.04954954954954955
0 0.563953488372093 0.18843843843843844 0.872093023255814 0.04354354354354354
0 0.5523255813953488 0.24324324324324326 0.8410852713178295 0.05405405405405406
0 0.5484496124031008 0.28603603603603606 0.8294573643410853 0.04954954954954955
0 0.5562015503875969 0.3303303303303303 0.8488372093023255 0.05105105105105105
0 0.563953488372093 0.37762762762762764 0.872093023255814 0.05855855855855856
0 0.5387596899224806 0.42567567567567566 0.8178294573643411 0.05555555555555555
0 0.6191860465116279 0.46546546546546547 0.7267441860465116 0.036036036036036036
0 0.561046511627907 0.5157657657657657 0.877906976744186 0.04954954954954955
0 0.563953488372093 0.5645645645645646 0.872093023255814 0.06006006006006006
0 0.4941860465116279 0.6051051051051051 0.7209302325581395 0.05105105105105105