0 0.7887931034482759 0.022590361445783132 0.2810344827586207 0.045180722891566265
0 0.4525862068965517 0.01957831325301205 0.03793103448275862 0.03614457831325301
0 0.18362068965517242 0.11144578313253012 0.3120689655172414 0.1355421686746988
0 0.2525862068965517 0.2545180722891566 0.45 0.10542168674698796
0 0.33189655172413796 0.3358433734939759 0.5896551724137931 0.12048192771084337
0 0.2629310344827586 0.4066265060240964 0.13793103448275862 0.07530120481927711
0 0.4870689655172414 0.5090361445783133 0.8620689655172413 0.18072289156626506
0 0.15172413793103448 0.6792168674698795 0.18275862068965518 0.13253012048192772
0 0.3439655172413793 0.661144578313253 0.027586206896551724 0.05421686746987952
0 0.5224137931034483 0.7454819277108434 0.3775862068965517 0.15060240963855423
0 0.4387931034482759 0.8268072289156626 0.1810344827586207 0.10542168674698796
0 0.4387931034482759 0.9246987951807228 0.18275862068965518 0.13253012048192772