0 0.8236842105263158 0.046218487394957986 0.3526315789473684 0.07563025210084033
0 0.4697368421052632 0.18277310924369747 0.9289473684210526 0.15126050420168066
0 0.07236842105263158 0.2605042016806723 0.13421052631578947 0.046218487394957986
0 0.5855263157894737 0.31092436974789917 0.09736842105263158 0.029411764705882353
0 0.2657894736842105 0.31092436974789917 0.5236842105263158 0.06302521008403361
0 0.05131578947368421 0.33613445378151263 0.09473684210526316 0.037815126050420166
0 0.7671052631578947 0.3550420168067227 0.46578947368421053 0.06302521008403361
0 0.038157894736842106 0.39915966386554624 0.07368421052631578 0.037815126050420166
0 0.2631578947368421 0.45168067226890757 0.5236842105263158 0.06722689075630252
0 0.2394736842105263 0.4810924369747899 0.4789473684210526 0.058823529411764705
0 0.075 0.5105042016806722 0.15 0.04201680672268908
0 0.042105263157894736 0.5546218487394958 0.08421052631578947 0.04201680672268908
0 0.26052631578947366 0.6050420168067226 0.5210526315789473 0.06722689075630252
0 0.26052631578947366 0.6407563025210085 0.5210526315789473 0.06302521008403361
0 0.26052631578947366 0.6722689075630253 0.5210526315789473 0.06722689075630252
0 0.26052631578947366 0.707983193277311 0.5210526315789473 0.06302521008403361
0 0.16710526315789473 0.7373949579831933 0.33421052631578946 0.0546218487394958
0 0.013157894736842105 0.8361344537815126 0.02631578947368421 0.03361344537815126
0 0.20526315789473684 0.8865546218487395 0.4105263157894737 0.058823529411764705
0 0.6684210526315789 0.7899159663865546 0.2789473684210526 0.05042016806722689
0 0.7026315789473684 0.8277310924369747 0.35 0.05042016806722689
0 0.7578947368421053 0.865546218487395 0.46842105263157896 0.0546218487394958
0 0.7078947368421052 0.8991596638655462 0.36578947368421055 0.05042016806722689
0 0.756578947368421 0.9327731092436975 0.46842105263157896 0.06302521008403361