0 0.0962686567164179 0.026462395543175487 0.1537313432835821 0.04317548746518106
0 0.2873134328358209 0.059192200557103065 0.5417910447761194 0.052924791086350974
0 0.7649253731343284 0.05988857938718663 0.23582089552238805 0.06545961002785515
0 0.8522388059701492 0.09261838440111421 0.09253731343283582 0.025069637883008356
0 0.7365671641791045 0.3321727019498607 0.27313432835820894 0.03203342618384401
0 0.10746268656716418 0.39415041782729804 0.1746268656716418 0.052924791086350974
0 0.4462686567164179 0.3920612813370474 0.41044776119402987 0.06128133704735376
0 0.11417910447761194 0.4296657381615599 0.14477611940298507 0.04735376044568245
0 0.594776119402985 0.4338440111420613 0.7179104477611941 0.06128133704735376
0 0.43582089552238806 0.4700557103064067 0.31492537313432833 0.05153203342618384
0 0.05970149253731343 0.5013927576601671 0.04477611940298507 0.037604456824512536
0 0.6044776119402985 0.5097493036211699 0.6805970149253732 0.06545961002785515
0 0.35447761194029853 0.5431754874651811 0.1791044776119403 0.052924791086350974
0 0.46044776119402986 0.5828690807799443 0.4134328358208955 0.054317548746518104
0 0.5425373134328358 0.6162952646239555 0.5343283582089552 0.06267409470752089
0 0.3835820895522388 0.653899721448468 0.22686567164179106 0.04874651810584958