0 0.10221666666666666 0.10444444444444445 0.09778333333333333 0.03704444444444445
0 0.10278333333333334 0.13406666666666667 0.10333333333333333 0.028155555555555555
0 0.28278333333333333 0.07111111111111111 0.23666666666666666 0.035555555555555556
0 0.2816666666666667 0.1126 0.20778333333333335 0.02666666666666667
0 0.8272166666666666 0.02 0.09666666666666666 0.028155555555555555
0 0.8266666666666667 0.054066666666666666 0.18888333333333332 0.04295555555555555
0 0.265 0.16815555555555556 0.4166666666666667 0.04593333333333334
0 0.6477833333333334 0.1637111111111111 0.06 0.04
0 0.72445 0.16073333333333334 0.055549999999999995 0.04295555555555555
0 0.8638833333333334 0.15555555555555556 0.11445 0.044444444444444446
0 0.5111166666666667 0.2126 0.8133333333333334 0.06962222222222222
0 0.5133333333333333 0.26295555555555555 0.9 0.08739999999999999
0 0.5055499999999999 0.31555555555555553 0.8733333333333333 0.08
0 0.5116666666666667 0.36073333333333335 0.8677833333333332 0.08148888888888889
0 0.495 0.3970444444444444 0.8477833333333333 0.07704444444444444
0 0.5377833333333334 0.44 0.8622166666666667 0.05333333333333334
0 0.5022166666666666 0.4822222222222222 0.8866666666666667 0.0726
0 0.5127833333333334 0.5422222222222223 0.87 0.08888888888888889
0 0.51555 0.5873999999999999 0.8688833333333335 0.08444444444444445
0 0.5127833333333334 0.6296222222222222 0.87445 0.08593333333333333
0 0.35055000000000003 0.6792666666666667 0.54555 0.08444444444444445
0 0.41888333333333333 0.758511111111111 0.7022166666666666 0.08593333333333333
0 0.38111666666666666 0.8096222222222221 0.6288833333333333 0.06962222222222222
0 0.5011166666666667 0.878511111111111 0.7888833333333333 0.06517777777777778