0 0.45906113537117904 0.04525089605734767 0.6058951965065502 0.09050179211469533
0 0.22707423580786026 0.11200716845878136 0.4115720524017467 0.05913978494623656
0 0.47652838427947597 0.15591397849462366 0.8875545851528385 0.08243727598566308
0 0.4874454148471616 0.19578853046594982 0.9748908296943232 0.07795698924731183
0 0.49399563318777295 0.235663082437276 0.9879912663755459 0.08243727598566308
0 0.4896288209606987 0.27598566308243727 0.9792576419213974 0.07347670250896057
0 0.4519650655021834 0.3203405017921147 0.9039301310043668 0.07974910394265233
0 0.48307860262008734 0.35663082437275984 0.9661572052401747 0.07885304659498207
0 0.49181222707423583 0.39919354838709675 0.9836244541484717 0.07795698924731183
0 0.4950873362445415 0.4404121863799283 0.990174672489083 0.07616487455197132
0 0.49399563318777295 0.48118279569892475 0.9858078602620087 0.07616487455197132
0 0.49563318777292575 0.5197132616487455 0.9748908296943232 0.07526881720430108
0 0.37882096069869 0.5627240143369175 0.75 0.07078853046594982
0 0.5087336244541485 0.600358422939068 0.9301310043668122 0.08064516129032258
0 0.46888646288209607 0.6438172043010753 0.9192139737991266 0.07885304659498207
0 0.5054585152838428 0.6841397849462365 0.9890829694323144 0.08333333333333333
0 0.4945414847161572 0.7262544802867383 0.9694323144104804 0.08154121863799284
0 0.506004366812227 0.764336917562724 0.9879912663755459 0.08243727598566308
0 0.5016375545851528 0.807347670250896 0.9661572052401747 0.07974910394265233
0 0.506004366812227 0.8481182795698925 0.9606986899563319 0.07258064516129033
0 0.1648471615720524 0.8956093189964157 0.27838427947598254 0.06182795698924731
0 0.5349344978165939 0.9260752688172043 0.9235807860262009 0.07526881720430108
0 0.5103711790393013 0.9605734767025089 0.9792576419213974 0.07885304659498207