0 0.471326164874552 0.02531645569620253 0.6164874551971327 0.05063291139240506
0 0.21953405017921146 0.09177215189873418 0.13261648745519714 0.0379746835443038
0 0.5277777777777778 0.10522151898734178 0.6863799283154122 0.06962025316455696
0 0.49910394265232977 0.16376582278481014 0.7043010752688172 0.07278481012658228
0 0.31899641577060933 0.23575949367088608 0.3602150537634409 0.061708860759493674
0 0.5044802867383512 0.2626582278481013 0.7222222222222222 0.07120253164556962
0 0.260752688172043 0.3014240506329114 0.05734767025089606 0.022151898734177215
0 0.4982078853046595 0.29667721518987344 0.053763440860215055 0.028481012658227847
0 0.257168458781362 0.3299050632911392 0.08602150537634409 0.03639240506329114
0 0.5008960573476703 0.3227848101265823 0.0985663082437276 0.03481012658227848
0 0.5331541218637993 0.3939873417721519 0.7419354838709677 0.07278481012658228
0 0.2849462365591398 0.4319620253164557 0.2921146953405018 0.055379746835443035
0 0.5268817204301075 0.4588607594936709 0.7168458781362007 0.07753164556962025
0 0.5878136200716846 0.49287974683544306 0.20430107526881722 0.0490506329113924
0 0.5125448028673835 0.5585443037974683 0.4121863799283154 0.0680379746835443
0 0.5448028673835126 0.5973101265822784 0.7508960573476703 0.0981012658227848
0 0.2553763440860215 0.6352848101265823 0.25985663082437277 0.06487341772151899
0 0.29301075268817206 0.6685126582278481 0.34946236559139787 0.08386075949367089
0 0.5304659498207885 0.7088607594936709 0.8046594982078853 0.11708860759493671
0 0.2222222222222222 0.7341772151898734 0.2060931899641577 0.061708860759493674
0 0.3548387096774194 0.8117088607594937 0.449820788530466 0.08860759493670886
0 0.7293906810035843 0.810126582278481 0.1989247311827957 0.05063291139240506
0 0.7293906810035843 0.8488924050632911 0.17383512544802868 0.04746835443037975
0 0.7159498207885304 0.8837025316455697 0.15412186379928317 0.05063291139240506
0 0.8136200716845878 0.930379746835443 0.1003584229390681 0.03322784810126582