0 0.3818359375 0.028448074679113186 0.66015625 0.05688448074679113
0 0.4755859375 0.07292882147024504 0.822265625 0.14585764294049008
0 0.4965859375 0.13564760793465577 0.8369140625 0.14294049008168028
0 0.4926796875 0.19472578763127188 0.7978515625 0.14731621936989497
0 0.5087890625 0.2647374562427071 0.92578125 0.12397899649941657
0 0.4638671875 0.33183197199533254 0.8046875 0.12981330221703619
0 0.4072265625 0.4098599766627771 0.72265625 0.11085180863477247
0 0.505375 0.47331388564760796 0.9404296875 0.1648191365227538
0 0.505859375 0.5425904317386231 0.888671875 0.1371061843640607
0 0.5024453125 0.6089614935822637 0.8876953125 0.1414819136522754
0 0.4790078125 0.6826137689614936 0.8330078125 0.14294049008168028
0 0.4990234375 0.7526254375729288 0.80859375 0.1371061843640607
0 0.464359375 0.8306651108518086 0.8232421875 0.1414819136522754
0 0.5908203125 0.9509918319719953 0.21484375 0.09334889148191365