0 0.48262554585152834 0.899125939849624 0.9470524017467249 0.05012218045112782
0 0.043668122270742356 0.9555169172932331 0.06731986899563319 0.046992481203007516
0 0.10416484716157207 0.12687969924812031 0.09916484716157205 0.07518796992481203
0 0.13919213973799127 0.19109962406015038 0.18740720524017465 0.07205827067669172
0 0.12372816593886463 0.25297932330827066 0.12190502183406114 0.057960526315789476
0 0.18013100436681223 0.3023214285714286 0.23289847161572053 0.08145676691729324
0 0.18604257641921396 0.3837687969924812 0.21197052401746724 0.09398496240601503
0 0.16375545851528384 0.45034774436090225 0.1546561135371179 0.057960526315789476
0 0.16784934497816595 0.5153477443609022 0.1519268558951965 0.08458646616541353
0 0.4294050218340611 0.11591165413533834 0.05458515283842795 0.02819548872180451
0 0.4334989082969432 0.13862781954887218 0.07550764192139739 0.03289473684210526
0 0.4243995633187773 0.16212406015037595 0.04821506550218341 0.029765037593984963
0 0.5399399563318777 0.19344924812030076 0.13919213973799127 0.03289473684210526
0 0.5590447598253275 0.2161654135338346 0.04821506550218341 0.03132518796992481
0 0.4221233624454149 0.22791353383458646 0.07823689956331878 0.029765037593984963
0 0.49945414847161573 0.25532894736842104 0.2365338427947598 0.03446428571428572
0 0.5021834061135371 0.27725563909774437 0.24017467248908297 0.03132518796992481
0 0.48626091703056773 0.3031015037593985 0.2101528384279476 0.03916353383458647
0 0.44805131004366816 0.3406954887218045 0.12645742358078602 0.029765037593984963
0 0.4780731441048035 0.36889097744360905 0.09734170305676856 0.02662593984962406
0 0.4971779475982533 0.3923872180451128 0.1373744541484716 0.03289473684210526
0 0.4817139737991266 0.4151033834586466 0.10280021834061136 0.02819548872180451
0 0.5003657205240174 0.4385996240601504 0.14737991266375547 0.03132518796992481
0 0.48126091703056767 0.4613063909774436 0.1146288209606987 0.023496240601503758
0 0.4853548034934498 0.4855921052631579 0.11735807860262008 0.02819548872180451
0 0.49217794759825323 0.5098684210526315 0.13100436681222707 0.02662593984962406
0 0.47625545851528384 0.5325845864661654 0.09370633187772925 0.03132518796992481
0 0.45032751091703055 0.6469266917293234 0.14010371179039302 0.04386278195488722
0 0.8060425764192141 0.06735902255639098 0.2019650655021834 0.046992481203007516
0 0.8210534934497817 0.09790413533834587 0.2683788209606987 0.042293233082706765
0 0.7910316593886463 0.1214003759398496 0.23744541484716158 0.03289473684210526
0 0.8178657205240174 0.15429511278195487 0.29475982532751094 0.03916353383458647
0 0.692778384279476 0.1762218045112782 0.04639737991266375 0.03289473684210526
0 0.7782914847161572 0.20598684210526313 0.20105349344978166 0.042293233082706765
0 0.7282587336244541 0.23574248120300753 0.11371724890829694 0.03602443609022556
0 0.7701037117903929 0.26550751879699247 0.19741812227074237 0.03916353383458647
0 0.7710152838427947 0.29292293233082706 0.20833515283842796 0.03759398496240601
0 0.774197598253275 0.3265977443609023 0.2074235807860262 0.042293233082706765
0 0.8137718340611353 0.350093984962406 0.312046943231441 0.05169172932330827
0 0.8256004366812227 0.3837687969924812 0.32114082969432317 0.04386278195488722
0 0.8183242358078603 0.41118421052631576 0.3156823144104804 0.03916353383458647
0 0.8001255458515284 0.44329887218045116 0.2865720524017467 0.05012218045112782
0 0.7437227074235808 0.47384398496240604 0.16648471615720525 0.045422932330827066
0 0.737811135371179 0.5067387218045113 0.15283842794759825 0.04856203007518797
0 0.7805676855895196 0.5670394736842106 0.2474508733624454 0.06578947368421052