0 0.500968992248062 0.015625 0.15891472868217055 0.03125
0 0.8803294573643411 0.01154891304347826 0.07073643410852713 0.02309782608695652
0 0.6705426356589147 0.07269021739130435 0.4941860465116279 0.036684782608695655
0 0.6705426356589147 0.09375 0.4951550387596899 0.036684782608695655
0 0.6719961240310077 0.11141304347826086 0.4932170542635659 0.035326086956521736
0 0.49224806201550386 0.13790760869565216 0.13565891472868216 0.024456521739130436
0 0.6516472868217055 0.23097826086956522 0.4418604651162791 0.08152173913043478
0 0.6603682170542635 0.3016304347826087 0.45058139534883723 0.07880434782608696
0 0.6671511627906976 0.37296195652173914 0.4622093023255814 0.07880434782608696
0 0.6589147286821705 0.43953804347826086 0.4476744186046512 0.08152173913043478
0 0.6739341085271318 0.5074728260869565 0.46511627906976744 0.07744565217391304
0 0.5959302325581395 0.5808423913043478 0.3062015503875969 0.07065217391304347