0 0.19727891156462585 0.06381381381381382 0.2755102040816326 0.03153153153153153
0 0.8647959183673469 0.06231231231231231 0.12074829931972789 0.028528528528528527
0 0.4957482993197279 0.12987987987987987 0.8656462585034014 0.03153153153153153
0 0.49489795918367346 0.15315315315315314 0.8673469387755102 0.024024024024024024
0 0.4965986394557823 0.17117117117117117 0.8673469387755102 0.02702702702702703
0 0.4914965986394558 0.19519519519519518 0.8639455782312925 0.02702702702702703
0 0.49404761904761907 0.21696696696696696 0.8656462585034014 0.025525525525525526
0 0.4965986394557823 0.23798798798798798 0.8673469387755102 0.028528528528528527
0 0.18962585034013604 0.25900900900900903 0.2568027210884354 0.025525525525525526
0 0.5221088435374149 0.35435435435435436 0.9251700680272109 0.04804804804804805
0 0.46258503401360546 0.4316816816816817 0.8027210884353742 0.046546546546546545
0 0.4957482993197279 0.5075075075075075 0.9064625850340136 0.05105105105105105
0 0.5144557823129252 0.5848348348348348 0.9472789115646258 0.04954954954954955
0 0.5153061224489796 0.6569069069069069 0.9455782312925171 0.04954954954954955
0 0.5051020408163265 0.7364864864864865 0.9013605442176871 0.04054054054054054
0 0.4991496598639456 0.816066066066066 0.8792517006802721 0.052552552552552555
0 0.44047619047619047 0.8911411411411412 0.7619047619047619 0.046546546546546545
0 0.5034013605442177 0.9714714714714715 0.9047619047619048 0.03903903903903904