0 0.3871864406779661 0.06007451564828614 0.1832542372881356 0.01956780923994039
0 0.8321016949152542 0.059150521609538 0.08369491525423729 0.01956780923994039
0 0.5863389830508474 0.09035767511177348 0.5858135593220339 0.014903129657228018
0 0.586864406779661 0.10432190760059612 0.5826271186440678 0.018628912071535022
0 0.5873898305084746 0.118301043219076 0.5815762711864406 0.01676602086438152
0 0.586864406779661 0.1318032786885246 0.5826271186440678 0.017704918032786888
0 0.586864406779661 0.14716840536512668 0.5847457627118644 0.020491803278688523
0 0.37340677966101693 0.16253353204172877 0.15783050847457628 0.015842026825633383
0 0.5873898305084746 0.21469448584202683 0.5773389830508474 0.0363338301043219
0 0.5873898305084746 0.26919523099850967 0.5921694915254238 0.040983606557377046
0 0.5821016949152542 0.3222801788375559 0.5773389830508474 0.044709388971684055
0 0.6006440677966102 0.37025335320417285 0.6080508474576272 0.04005961251862891
0 0.5969322033898306 0.422876304023845 0.5879322033898305 0.040983606557377046
0 0.5911016949152542 0.4759761549925484 0.5847457627118644 0.03539493293591654
0 0.5895084745762712 0.5244113263785395 0.579457627118644 0.039120715350223545
0 0.5990508474576272 0.5723695976154992 0.6027627118644068 0.0344709388971684
0 0.432728813559322 0.6254694485842027 0.27647457627118643 0.0307451564828614
0 0.3246779661016949 0.80150521609538 0.04979661016949152 0.013979135618479882
0 0.8559322033898306 0.8219970193740684 0.2457627118644068 0.04005961251862891