0 0.4860169491525424 0.08647058823529412 0.7508474576271187 0.07058823529411765
0 0.3148305084745763 0.14058823529411765 0.48559322033898306 0.07058823529411765
0 0.5084745762711864 0.1864705882352941 0.7957627118644067 0.08235294117647059
0 0.4940677966101695 0.2311764705882353 0.8533898305084746 0.0811764705882353
0 0.49703389830508476 0.2747058823529412 0.864406779661017 0.07411764705882352
0 0.4944915254237288 0.31529411764705884 0.8567796610169491 0.06705882352941177
0 0.4902542372881356 0.36411764705882355 0.8584745762711864 0.08705882352941176
0 0.46991525423728814 0.4041176470588235 0.8194915254237288 0.08352941176470588
0 0.1694915254237288 0.4682352941176471 0.21694915254237288 0.06352941176470588
0 0.5152542372881356 0.508235294117647 0.7915254237288135 0.08352941176470588
0 0.488135593220339 0.5476470588235294 0.8466101694915255 0.08235294117647059
0 0.49957627118644066 0.59 0.8788135593220339 0.08588235294117647
0 0.5305084745762711 0.6311764705882353 0.9389830508474576 0.08588235294117647
0 0.35 0.7411764705882353 0.35 0.058823529411764705
0 0.7326271186440678 0.7064705882352941 0.09830508474576272 0.05764705882352941
0 0.739406779661017 0.77 0.11610169491525424 0.06235294117647059
0 0.8177966101694916 0.8358823529411765 0.07288135593220339 0.036470588235294116