0 0.06320224719101124 0.007894736842105263 0.08146067415730338 0.015789473684210527
0 0.37359550561797755 0.034210526315789476 0.46348314606741575 0.06842105263157895
0 0.6643258426966292 0.02894736842105263 0.037921348314606744 0.03368421052631579
0 0.17626404494382023 0.11842105263157894 0.037921348314606744 0.03684210526315789
0 0.300561797752809 0.11947368421052632 0.046348314606741575 0.042105263157894736
0 0.43469101123595505 0.12631578947368421 0.046348314606741575 0.03894736842105263
0 0.5758426966292135 0.13 0.056179775280898875 0.03894736842105263
0 0.7043539325842697 0.13157894736842105 0.060393258426966294 0.045263157894736845
0 0.8419943820224719 0.13157894736842105 0.05758426966292135 0.04631578947368421
0 0.17064606741573032 0.2094736842105263 0.060393258426966294 0.06
0 0.3061797752808989 0.2131578947368421 0.06320224719101124 0.06631578947368422
0 0.4276685393258427 0.24052631578947367 0.047752808988764044 0.06526315789473684
0 0.5610955056179775 0.25157894736842107 0.056179775280898875 0.07473684210526316
0 0.3595505617977528 0.33210526315789474 0.4508426966292135 0.07684210526315789
0 0.6306179775280899 0.33421052631578946 0.047752808988764044 0.035789473684210524
0 0.1699438202247191 0.4189473684210526 0.042134831460674156 0.03894736842105263
0 0.3012640449438202 0.42210526315789476 0.06320224719101124 0.035789473684210524
0 0.4164325842696629 0.4268421052631579 0.046348314606741575 0.035789473684210524
0 0.5470505617977528 0.4263157894736842 0.05056179775280899 0.04
0 0.324438202247191 0.5173684210526316 0.3904494382022472 0.05368421052631579
0 0.1699438202247191 0.6126315789473684 0.056179775280898875 0.035789473684210524
0 0.29634831460674155 0.6147368421052631 0.05196629213483146 0.042105263157894736
0 0.41853932584269665 0.6163157894736843 0.060393258426966294 0.03894736842105263
0 0.37429775280898875 0.7115789473684211 0.5056179775280899 0.06
0 0.6762640449438202 0.7210526315789474 0.05758426966292135 0.03894736842105263
0 0.1720505617977528 0.7589473684210526 0.07443820224719101 0.042105263157894736
0 0.3160112359550562 0.7594736842105263 0.09550561797752809 0.04
0 0.449438202247191 0.7736842105263158 0.06460674157303371 0.06
0 0.3441011235955056 0.8631578947368421 0.46769662921348315 0.07578947368421053
0 0.6151685393258427 0.8636842105263158 0.02949438202247191 0.035789473684210524
0 0.15379213483146068 0.9026315789473685 0.042134831460674156 0.04421052631578947
0 0.29985955056179775 0.9068421052631579 0.05758426966292135 0.035789473684210524
0 0.42837078651685395 0.9068421052631579 0.05337078651685393 0.042105263157894736
0 0.5491573033707865 0.9068421052631579 0.037921348314606744 0.04736842105263158
0 0.6678370786516854 0.9326315789473684 0.054775280898876406 0.07157894736842105