0 0.692619760479042 0.04090523338048091 0.040119760479041915 0.02157001414427157
0 0.7689670658682635 0.04181046676096181 0.04854790419161677 0.02748231966053748
0 0.2568712574850299 0.11381895332390382 0.33901197604790423 0.037765205091937766
0 0.25429640718562874 0.1505940594059406 0.30934131736526943 0.041357850070721354
0 0.5005838323353293 0.18198019801980198 0.7964970059880239 0.05060820367751061
0 0.12896706586826348 0.23547383309759545 0.07230538922155688 0.0361951909476662
0 0.49691616766467067 0.26285714285714284 0.7864221556886228 0.05598302687411598
0 0.23510479041916169 0.3042715700141443 0.2845808383233533 0.05032531824611032
0 0.3070958083832335 0.33114568599717115 0.39534431137724546 0.052630834512022634
0 0.33335329341317366 0.3735926449787836 0.20345808383233532 0.04284299858557284
0 0.33621257485029943 0.4079207920792079 0.2173502994011976 0.043606789250353606
0 0.25865269461077844 0.4818670438472419 0.29410179640718564 0.053635077793493635
0 0.5082035928143713 0.5186421499292787 0.779071856287425 0.05104667609618105
0 0.3498203592814371 0.5585148514851486 0.5058383233532934 0.03817538896746817
0 0.36738023952095805 0.5929702970297029 0.2551646706586826 0.04125884016973126
0 0.37607784431137725 0.6330975954738332 0.4685479041916168 0.05359264497878359
0 0.40425149700598806 0.6648656294200849 0.5276047904191616 0.03892503536067893
0 0.21293413173652695 0.705106082036775 0.13952095808383233 0.03301272984441301
0 0.21755988023952097 0.7368741159830269 0.13244011976047904 0.03891089108910891
0 0.2434131736526946 0.8121074964639321 0.24402694610778441 0.04533239038189533
0 0.4977395209580838 0.8469589816124469 0.7499550898203593 0.045063649222065065
0 0.36139221556886225 0.888104667609618 0.22142215568862275 0.045063649222065065
0 0.5012724550898204 0.9554879773691655 0.5120808383233533 0.04401697312588402