0 0.5137795275590551 0.05757575757575758 0.16535433070866143 0.04242424242424243
0 0.5098425196850394 0.12424242424242424 0.33070866141732286 0.051515151515151514
0 0.42913385826771655 0.1787878787878788 0.7952755905511811 0.04242424242424243
0 0.38779527559055116 0.21515151515151515 0.7204724409448819 0.03939393939393939
0 0.484251968503937 0.25606060606060604 0.9094488188976378 0.03939393939393939
0 0.452755905511811 0.2909090909090909 0.8543307086614174 0.03333333333333333
0 0.1062992125984252 0.3287878787878788 0.16535433070866143 0.02727272727272727
0 0.45866141732283466 0.403030303030303 0.8464566929133859 0.04242424242424243
0 0.41141732283464566 0.44242424242424244 0.7480314960629921 0.04242424242424243
0 0.39763779527559057 0.4818181818181818 0.7244094488188977 0.04242424242424243
0 0.44291338582677164 0.5212121212121212 0.8070866141732284 0.04242424242424243
0 0.421259842519685 0.5833333333333334 0.7559055118110236 0.03636363636363636
0 0.43503937007874016 0.6242424242424243 0.7834645669291339 0.04242424242424243
0 0.4881889763779528 0.6636363636363637 0.8818897637795275 0.04242424242424243
0 0.1062992125984252 0.6954545454545454 0.1220472440944882 0.03333333333333333
0 0.4744094488188976 0.7348484848484849 0.8661417322834646 0.04242424242424243
0 0.16141732283464566 0.9878787878787879 0.1732283464566929 0.021212121212121213
0 0.3425196850393701 0.9878787878787879 0.07874015748031496 0.021212121212121213
0 0.5118110236220472 0.9878787878787879 0.08661417322834646 0.01818181818181818
0 0.6988188976377953 0.9848484848484849 0.1141732283464567 0.021212121212121213
0 0.8858267716535433 0.9848484848484849 0.2047244094488189 0.030303030303030304