0 0.47629582806573956 0.06650943396226415 0.5524652338811631 0.0820754716981132
0 0.4690265486725664 0.1400943396226415 0.37357774968394436 0.0820754716981132
0 0.47850821744627053 0.27169811320754716 0.2774968394437421 0.08584905660377358
0 0.4971554993678888 0.35047169811320755 0.6378002528445006 0.09811320754716982
0 0.5793299620733249 0.41037735849056606 0.5701643489254109 0.10660377358490566
0 0.2427307206068268 0.5688679245283019 0.35714285714285715 0.08773584905660377
0 0.6156763590391909 0.5528301886792453 0.11504424778761062 0.07264150943396226
0 0.12452591656131479 0.6268867924528302 0.11946902654867257 0.057547169811320756
0 0.45448798988621997 0.6334905660377359 0.10872313527180784 0.07924528301886792
0 0.811314791403287 0.6122641509433963 0.2307206068268015 0.07547169811320754
0 0.4102402022756005 0.6971698113207547 0.6890012642225032 0.0820754716981132
0 0.5281289506953224 0.7584905660377359 0.9437420986093552 0.10754716981132076
0 0.511378002528445 0.8325471698113207 0.9064475347661188 0.09150943396226414
0 0.5303413400758533 0.894811320754717 0.9393173198482933 0.10471698113207548
0 0.5022123893805309 0.9599056603773585 0.8830594184576486 0.08018867924528301