0 0.7444812362030905 0.014218009478672985 0.17108167770419427 0.02843601895734597
0 0.7511037527593819 0.03751974723538705 0.18211920529801323 0.03949447077409163
0 0.44260485651214126 0.11097946287519747 0.6854304635761589 0.09162717219589257
0 0.5441501103752759 0.19391785150078988 0.8852097130242825 0.09636650868878358
0 0.5496688741721855 0.28870458135860977 0.8830022075055187 0.09636650868878358
0 0.5491169977924945 0.38191153238546605 0.8940397350993378 0.09636650868878358
0 0.5496688741721855 0.47669826224328593 0.8774834437086093 0.09320695102685624
0 0.5463576158940397 0.5691153238546603 0.8752759381898455 0.09162717219589257
0 0.5491169977924945 0.665481832543444 0.8664459161147903 0.09399684044233807
0 0.19536423841059603 0.7733017377567141 0.15783664459161148 0.07187993680884676
0 0.5590507726269316 0.8546603475513428 0.8818984547461368 0.10110584518167456
0 0.5524282560706402 0.9443127962085308 0.8686534216335541 0.10821484992101106