0 0.586864406779661 0.0898876404494382 0.6822033898305084 0.1797752808988764
0 0.6165254237288136 0.1797752808988764 0.3050847457627119 0.10112359550561797
0 0.4894067796610169 0.25280898876404495 0.9279661016949152 0.21910112359550563
0 0.5741525423728814 0.33707865168539325 0.8305084745762712 0.07865168539325842
0 0.5614406779661016 0.3904494382022472 0.8177966101694916 0.0898876404494382
0 0.5741525423728814 0.43258426966292135 0.8135593220338984 0.08426966292134831
0 0.5826271186440678 0.4859550561797753 0.8050847457627118 0.08426966292134831
0 0.5847457627118644 0.5337078651685393 0.809322033898305 0.07865168539325842
0 0.565677966101695 0.5842696629213483 0.7711864406779662 0.08426966292134831
0 0.5699152542372882 0.6348314606741573 0.7796610169491526 0.07865168539325842
0 0.5847457627118644 0.6797752808988764 0.8305084745762712 0.07865168539325842
0 0.586864406779661 0.7387640449438202 0.826271186440678 0.11797752808988764