0 0.4594526034712951 0.048940677966101694 0.27271028037383177 0.0413135593220339
0 0.34781041388518025 0.08656779661016949 0.04941255006675567 0.030268361581920904
0 0.6044859813084112 0.1267514124293785 0.32245660881174903 0.04490112994350282
0 0.83739652870494 0.14333333333333334 0.10130841121495326 0.08840395480225989
0 0.3491455273698264 0.1664406779661017 0.044806408544726305 0.029731638418079097
0 0.6764619492656876 0.16745762711864406 0.17268357810413887 0.04822033898305085
0 0.5779038718291055 0.20149717514124293 0.2668758344459279 0.034096045197740114
0 0.6433244325767691 0.24233050847457627 0.3321628838451268 0.05001412429378531
0 0.6044859813084112 0.32066384180790963 0.2642056074766355 0.08337570621468926
0 0.3592122830440588 0.3801271186440678 0.1353404539385848 0.03379943502824859
0 0.5220827770360481 0.39553672316384186 0.09696929238985313 0.07488700564971752
0 0.7255006675567423 0.40002824858757063 0.1445260347129506 0.09076271186440679
0 0.5973164218958611 0.4611581920903955 0.606702269692924 0.049957627118644064
0 0.6900400534045394 0.4996751412429378 0.49114819759679573 0.04892655367231639
0 0.5752469959946596 0.5492514124293786 0.16929238985313752 0.0759039548022599
0 0.7770761014686248 0.534731638418079 0.11902536715620829 0.032740112994350284
0 0.4856742323097463 0.6117796610169491 0.35427236315086785 0.05326271186440678
0 0.5958611481975968 0.6500564971751412 0.6037917222963952 0.053771186440677965
0 0.5333778371161548 0.682542372881356 0.1365287049399199 0.042725988700564974
0 0.5143124165554073 0.7192655367231638 0.5086515353805073 0.05247175141242938
0 0.4410146862483311 0.7592090395480225 0.0998931909212283 0.046045197740112995
0 0.45666221628838455 0.7909180790960453 0.12877169559412552 0.03139830508474576
0 0.5257276368491322 0.8311158192090394 0.09939919893190921 0.03576271186440678
0 0.4434312416555407 0.871186440677966 0.2503871829105474 0.048079096045197736
0 0.171935914552737 0.9068785310734464 0.15647530040053406 0.043446327683615824
0 0.6016822429906542 0.9163841807909604 0.61543391188251 0.0501271186440678
0 0.17036048064085446 0.9496468926553673 0.1557543391188251 0.04266949152542373
0 0.5567823765020027 0.9562005649717514 0.530493991989319 0.047542372881355925
0 0.16272363150867822 0.9821327683615819 0.13803738317757008 0.03162429378531074