0 0.5077519379844961 0.056451612903225805 0.7984496124031008 0.11290322580645161
0 0.4883720930232558 0.11021505376344086 0.9767441860465116 0.13440860215053763
0 0.49612403100775193 0.1639784946236559 0.9922480620155039 0.12903225806451613
0 0.46511627906976744 0.22849462365591397 0.9263565891472868 0.12365591397849462
0 0.49612403100775193 0.28225806451612906 0.9767441860465116 0.12365591397849462
0 0.46511627906976744 0.32526881720430106 0.9069767441860465 0.0967741935483871
0 0.42054263565891475 0.40053763440860213 0.8217054263565892 0.11827956989247312
0 0.560077519379845 0.45161290322580644 0.8682170542635659 0.12903225806451613
0 0.12596899224806202 0.5134408602150538 0.2248062015503876 0.06989247311827956
0 0.5658914728682171 0.5483870967741935 0.8682170542635659 0.10215053763440861
0 0.5135658914728682 0.6236559139784946 0.9728682170542635 0.13978494623655913
0 0.2616279069767442 0.6935483870967742 0.46124031007751937 0.0913978494623656
0 0.563953488372093 0.728494623655914 0.8217054263565892 0.12903225806451613
0 0.14728682170542637 0.8118279569892473 0.2441860465116279 0.0913978494623656
0 0.5658914728682171 0.8978494623655914 0.8255813953488372 0.14516129032258066
0 0.12596899224806202 0.9704301075268817 0.13565891472868216 0.05913978494623656