0 0.39166666666666666 0.10740740740740741 0.7166666666666667 0.05185185185185185
0 0.55 0.16111111111111112 0.8333333333333334 0.04814814814814815
0 0.2222222222222222 0.19444444444444445 0.2111111111111111 0.040740740740740744
0 0.4638888888888889 0.22037037037037038 0.6833333333333333 0.05555555555555555
0 0.525 0.24814814814814815 0.8166666666666667 0.04814814814814815
0 0.5472222222222223 0.2796296296296296 0.8555555555555555 0.05185185185185185
0 0.48333333333333334 0.30925925925925923 0.7277777777777777 0.05555555555555555
0 0.3472222222222222 0.3648148148148148 0.4777777777777778 0.05185185185185185
0 0.5416666666666666 0.3925925925925926 0.8666666666666667 0.07037037037037037
0 0.4222222222222222 0.4462962962962963 0.5833333333333334 0.05555555555555555
0 0.325 0.4703703703703704 0.15 0.02962962962962963
0 0.4722222222222222 0.49444444444444446 0.7055555555555556 0.040740740740740744
0 0.3194444444444444 0.5222222222222223 0.39444444444444443 0.037037037037037035
0 0.3472222222222222 0.55 0.4666666666666667 0.040740740740740744
0 0.33055555555555555 0.5796296296296296 0.43333333333333335 0.037037037037037035
0 0.34444444444444444 0.6074074074074074 0.46111111111111114 0.03333333333333333
0 0.325 0.6333333333333333 0.4388888888888889 0.03333333333333333
0 0.3416666666666667 0.6611111111111111 0.45 0.037037037037037035
0 0.3388888888888889 0.6888888888888889 0.45 0.03333333333333333
0 0.05555555555555555 0.7185185185185186 0.05555555555555555 0.03333333333333333
0 0.49722222222222223 0.7240740740740741 0.7611111111111111 0.04814814814814815
0 0.49166666666666664 0.7518518518518519 0.7611111111111111 0.05185185185185185
0 0.3055555555555556 0.7759259259259259 0.40555555555555556 0.04814814814814815
0 0.37222222222222223 0.8296296296296296 0.5388888888888889 0.040740740740740744
0 0.2222222222222222 0.8574074074074074 0.24444444444444444 0.03333333333333333
0 0.2722222222222222 0.8833333333333333 0.3277777777777778 0.03333333333333333
0 0.225 0.9092592592592592 0.23333333333333334 0.03333333333333333
0 0.2972222222222222 0.9388888888888889 0.35 0.037037037037037035
0 0.6722222222222223 0.8592592592592593 0.06666666666666667 0.03333333333333333
0 0.9055555555555556 0.8611111111111112 0.08888888888888889 0.02962962962962963
0 0.7777777777777778 0.8833333333333333 0.31666666666666665 0.03333333333333333
0 0.8027777777777778 0.9166666666666666 0.35555555555555557 0.03333333333333333
0 0.7388888888888889 0.9444444444444444 0.2222222222222222 0.02962962962962963
0 0.7555555555555555 0.9722222222222222 0.2222222222222222 0.03333333333333333