0 0.3333333333333333 0.1310483870967742 0.06770833333333333 0.036290322580645164
0 0.4947916666666667 0.14516129032258066 0.078125 0.03225806451612903
0 0.6302083333333334 0.1431451612903226 0.08854166666666667 0.04838709677419355
0 0.7552083333333334 0.1431451612903226 0.06770833333333333 0.024193548387096774
0 0.5104166666666666 0.17338709677419356 0.13020833333333334 0.03225806451612903
0 0.5182291666666666 0.21774193548387097 0.8229166666666666 0.06451612903225806
0 0.21614583333333334 0.5060483870967742 0.22395833333333334 0.04032258064516129
0 0.3307291666666667 0.6673387096774194 0.46875 0.056451612903225805
0 0.5208333333333334 0.7016129032258065 0.765625 0.056451612903225805
0 0.4973958333333333 0.7399193548387096 0.8020833333333334 0.06048387096774194
0 0.4973958333333333 0.782258064516129 0.8125 0.056451612903225805
0 0.5052083333333334 0.8225806451612904 0.8125 0.05241935483870968
0 0.5078125 0.8548387096774194 0.8125 0.06048387096774194
0 0.2109375 0.8850806451612904 0.22916666666666666 0.036290322580645164
0 0.4817708333333333 0.9435483870967742 0.026041666666666668 0.028225806451612902