0 0.42203219315895374 0.015 0.6468812877263581 0.03
0 0.4552313883299799 0.03964285714285714 0.46981891348088534 0.055714285714285716
0 0.579979879275654 0.13607142857142857 0.8229376257545271 0.06714285714285714
0 0.27414486921529174 0.18642857142857142 0.41851106639839036 0.07214285714285715
0 0.5729376257545271 0.22535714285714287 0.8078470824949698 0.07142857142857142
0 0.5241448692152918 0.2717857142857143 0.9416498993963782 0.07285714285714286
0 0.5251509054325956 0.32107142857142856 0.9416498993963782 0.06857142857142857
0 0.5206237424547284 0.35964285714285715 0.9305835010060363 0.06571428571428571
0 0.528672032193159 0.4117857142857143 0.9396378269617707 0.07
0 0.5010060362173038 0.45571428571428574 0.8702213279678068 0.07071428571428572
0 0.5352112676056338 0.5 0.9295774647887324 0.06714285714285714
0 0.5367203219315896 0.5435714285714286 0.9265593561368209 0.07142857142857142
0 0.5382293762575453 0.5871428571428572 0.9235412474849095 0.07285714285714286
0 0.49446680080482897 0.6364285714285715 0.8480885311871227 0.06642857142857143
0 0.5321931589537223 0.6778571428571428 0.9356136820925554 0.08
0 0.53420523138833 0.7257142857142858 0.93158953722334 0.06714285714285714
0 0.5316901408450704 0.7714285714285715 0.9366197183098591 0.07
0 0.5824949698189135 0.8203571428571429 0.8350100603621731 0.07357142857142857
0 0.5316901408450704 0.86 0.9366197183098591 0.07285714285714286
0 0.21428571428571427 0.9121428571428571 0.3148893360160966 0.05785714285714286
0 0.44114688128772633 0.9385714285714286 0.44969818913480886 0.055714285714285716
0 0.33702213279678067 0.99 0.358148893360161 0.02
0 0.2147887323943662 0.9714285714285714 0.3329979879275654 0.04857142857142857
0 0.7550301810865191 0.9403571428571429 0.48993963782696176 0.07642857142857143
0 0.8229376257545271 0.9810714285714286 0.2605633802816901 0.032857142857142856