0 0.5425675675675675 0.11752786220871327 0.7668918918918919 0.08409321175278622
0 0.30675675675675673 0.1950354609929078 0.28175675675675677 0.060790273556231005
0 0.5067567567567568 0.23454913880445796 0.7 0.08966565349544073
0 0.5027027027027027 0.29584599797365757 0.6851351351351351 0.07852077001013172
0 0.36283783783783785 0.36423505572441744 0.40135135135135136 0.0734549138804458
0 0.5331081081081082 0.42401215805471126 0.7182432432432433 0.10081053698074975
0 0.5533783783783783 0.4685916919959473 0.7466216216216216 0.09827760891590678
0 0.552027027027027 0.5379939209726444 0.7925675675675675 0.085612968591692
0 0.38716216216216215 0.610435663627153 0.4608108108108108 0.07750759878419453
0 0.525 0.6717325227963525 0.7425675675675676 0.07852077001013172
0 0.2527027027027027 0.7497467071935157 0.20405405405405405 0.06585612968591692
0 0.49864864864864866 0.8161094224924013 0.7074324324324325 0.08105369807497467
0 0.5013513513513513 0.8809523809523809 0.7148648648648649 0.07852077001013172
0 0.21554054054054053 0.9371833839918946 0.14054054054054055 0.057750759878419454