0 0.49250374812593706 0.047139830508474576 0.6379310344827587 0.07574152542372882
0 0.5033733133433284 0.08951271186440678 0.4782608695652174 0.056673728813559324
0 0.487256371814093 0.14141949152542374 0.33808095952023987 0.056673728813559324
0 0.8650674662668666 0.1104343220338983 0.18440779610194902 0.03283898305084746
0 0.8676911544227887 0.0871292372881356 0.19490254872563717 0.02701271186440678
0 0.8545727136431784 0.133739406779661 0.12293853073463268 0.025953389830508475
0 0.8654422788605697 0.1575741525423729 0.25337331334332835 0.0413135593220339
0 0.4482758620689655 0.19226694915254236 0.6814092953523239 0.05614406779661017
0 0.5232383808095952 0.23066737288135594 0.8260869565217391 0.0746822033898305
0 0.5131184407796102 0.2719809322033898 0.8043478260869565 0.06091101694915254
0 0.525112443778111 0.3095868644067797 0.8395802098950524 0.06832627118644068
0 0.5134932533733133 0.3482521186440678 0.8133433283358321 0.06832627118644068
0 0.26874062968515744 0.3980402542372881 0.31784107946026985 0.046610169491525424
0 0.525112443778111 0.421875 0.8200899550224887 0.06726694915254237
0 0.5524737631184408 0.4692796610169492 0.8943028485757122 0.055614406779661014
0 0.9085457271364318 0.4811970338983051 0.18290854572713644 0.029661016949152543
0 0.5206146926536732 0.5140360169491526 0.8058470764617691 0.05296610169491525
0 0.5322338830584707 0.5532309322033898 0.8365817091454273 0.057733050847457626
0 0.37556221889055474 0.5889830508474576 0.525487256371814 0.05084745762711865
0 0.5179910044977512 0.6242055084745762 0.820839580209895 0.05455508474576271
0 0.5288605697151424 0.6676377118644068 0.8418290854572713 0.0646186440677966
0 0.5187406296851574 0.7073622881355932 0.823088455772114 0.059322033898305086
0 0.5273613193403298 0.7502648305084746 0.8388305847076462 0.05614406779661017
0 0.5348575712143928 0.793167372881356 0.856071964017991 0.05508474576271186
0 0.5194902548725637 0.8339512711864406 0.8275862068965517 0.059322033898305086
0 0.5461019490254873 0.8802966101694916 0.8695652173913043 0.05349576271186441
0 0.5359820089955023 0.9208156779661016 0.8650674662668666 0.04766949152542373
0 0.43928035982008995 0.9573622881355932 0.679160419790105 0.05455508474576271
0 0.6896551724137931 0.981197033898305 0.32008995502248877 0.036546610169491525