0 0.4712721893491124 0.1056938775510204 0.19863905325443787 0.03644897959183673
0 0.43532544378698224 0.1486938775510204 0.4522485207100592 0.04957142857142857
0 0.408905325443787 0.18002040816326528 0.5135207100591715 0.04810204081632653
0 0.42369822485207104 0.22157142857142856 0.4332248520710059 0.05246938775510204
0 0.46597633136094674 0.2623877551020408 0.636094674556213 0.05830612244897959
0 0.43428994082840233 0.29591836734693877 0.4670414201183432 0.04957142857142857
0 0.4881656804733728 0.33599999999999997 0.6677810650887575 0.05977551020408163
0 0.470207100591716 0.37463265306122445 0.5304437869822485 0.05538775510204082
0 0.5177514792899408 0.41181632653061223 0.7523372781065089 0.05977551020408163
0 0.4205325443786982 0.4446122448979592 0.45647928994082837 0.05246938775510204
0 0.4279289940828402 0.48614285714285715 0.5642307692307692 0.056857142857142856
0 0.4522485207100592 0.5262448979591837 0.5240828402366864 0.05538775510204082
0 0.4332248520710059 0.5612244897959183 0.6001775147928995 0.05538775510204082
0 0.4025739644970414 0.5925714285714286 0.42476331360946745 0.03644897959183673
0 0.4871005917159763 0.6384897959183674 0.6868047337278106 0.05246938775510204
0 0.4332248520710059 0.6763877551020409 0.48183431952662725 0.0466530612244898
0 0.4670414201183432 0.7186530612244898 0.6424260355029585 0.05246938775510204
0 0.5695266272189349 0.7558367346938776 0.32754437869822484 0.04518367346938776
0 0.5473372781065089 0.7900816326530612 0.287396449704142 0.04081632653061224