0 0.4653886010362694 0.03687657430730479 0.6717357512953368 0.05937027707808564
0 0.5162953367875648 0.07826196473551637 0.5107253886010362 0.05937027707808564
0 0.6587823834196891 0.12234256926952142 0.5773575129533679 0.05397984886649874
0 0.5246113989637305 0.15652392947103275 0.8049481865284973 0.061183879093198994
0 0.4792746113989637 0.20151133501259447 0.8586269430051814 0.061183879093198994
0 0.09437823834196891 0.22760705289672545 0.06660621761658031 0.037783375314861464
0 0.31181347150259064 0.27798488664987403 0.5347927461139896 0.05937027707808564
0 0.4135751295336787 0.3211586901763224 0.7309326424870466 0.05576826196473552
0 0.4385751295336787 0.3688413098236776 0.7772020725388601 0.06836272040302267
0 0.30440414507772023 0.4003274559193955 0.29422279792746114 0.041385390428211585
0 0.47834196891191705 0.4461964735516372 0.8678756476683938 0.057581863979848866
0 0.1739378238341969 0.48309823677581865 0.28126943005181343 0.041385390428211585
0 0.4802072538860104 0.5343576826196473 0.8826683937823834 0.0719647355163728
0 0.3229015544041451 0.5775566750629723 0.5791968911917098 0.06836272040302267
0 0.4690932642487046 0.6162216624685138 0.8752849740932643 0.06297229219143577
0 0.46816062176165807 0.6621158690176323 0.8771243523316062 0.061183879093198994
0 0.27295336787564767 0.707984886649874 0.4903886010362694 0.05576826196473552
0 0.47743523316062175 0.7493702770780857 0.8956217616580311 0.06297229219143577
0 0.4802072538860104 0.7934508816120907 0.9122797927461139 0.06476070528967255
0 0.4589119170984456 0.8438287153652393 0.8660362694300519 0.06476070528967255
0 0.495 0.889697732997481 0.949300518134715 0.07017632241813603
0 0.48759067357512953 0.9337783375314861 0.9455958549222798 0.07556675062972293
0 0.17116580310880827 0.973198992443325 0.3016321243523316 0.0536272040302267