0 0.6171328671328671 0.16964285714285715 0.013986013986013986 0.03571428571428571
0 0.6451048951048951 0.17261904761904762 0.017482517482517484 0.02976190476190476
0 0.07867132867132867 0.023809523809523808 0.13636363636363635 0.047619047619047616
0 0.31643356643356646 0.07142857142857142 0.32517482517482516 0.14285714285714285
0 0.1888111888111888 0.16964285714285715 0.14685314685314685 0.047619047619047616
0 0.09265734265734266 0.22321428571428573 0.05944055944055944 0.08928571428571429
0 0.09615384615384616 0.3333333333333333 0.055944055944055944 0.08928571428571429
0 0.11363636363636363 0.46726190476190477 0.1048951048951049 0.125
0 0.11363636363636363 0.5803571428571429 0.1048951048951049 0.13690476190476192
0 0.25 0.6964285714285714 0.3811188811188811 0.13690476190476192
0 0.2517482517482518 0.7708333333333334 0.13986013986013987 0.05357142857142857
0 0.256993006993007 0.8244047619047619 0.15734265734265734 0.05357142857142857
0 0.2534965034965035 0.8809523809523809 0.14685314685314685 0.047619047619047616
0 0.20279720279720279 0.9315476190476191 0.055944055944055944 0.047619047619047616
0 0.8933566433566433 0.15773809523809523 0.14685314685314685 0.05952380952380952
0 0.8758741258741258 0.2113095238095238 0.1048951048951049 0.06547619047619048
0 0.8636363636363636 0.2648809523809524 0.08741258741258741 0.06547619047619048
0 0.8916083916083916 0.4642857142857143 0.14685314685314685 0.06547619047619048
0 0.8933566433566433 0.5238095238095238 0.16083916083916083 0.05952380952380952
0 0.8933566433566433 0.5744047619047619 0.15384615384615385 0.06547619047619048
0 0.8863636363636364 0.6279761904761905 0.13986013986013987 0.05952380952380952
0 0.9125874125874126 0.8720238095238095 0.16783216783216784 0.07142857142857142
0 0.9108391608391608 0.9226190476190477 0.17132867132867133 0.05357142857142857
0 0.8671328671328671 0.9761904761904762 0.08391608391608392 0.047619047619047616