0 0.29782608695652174 0.06086956521739131 0.5115942028985507 0.1108695652173913
0 0.3681159420289855 0.15543478260869564 0.5159420289855072 0.10652173913043478
0 0.5340579710144927 0.28043478260869564 0.7391304347826086 0.17717391304347826
0 0.4036231884057971 0.4717391304347826 0.5043478260869565 0.059782608695652176
0 0.4673913043478261 0.4994565217391304 0.8043478260869565 0.06195652173913044
0 0.4217391304347826 0.5380434782608695 0.5376811594202898 0.05
0 0.44782608695652176 0.5744565217391304 0.7565217391304347 0.05543478260869565
0 0.4731884057971015 0.6141304347826086 0.6246376811594203 0.059782608695652176
0 0.4108695652173913 0.6494565217391305 0.6927536231884058 0.05434782608695652
0 0.44565217391304346 0.6766304347826086 0.5739130434782609 0.04673913043478261
0 0.38623188405797104 0.7070652173913043 0.6405797101449275 0.04673913043478261
0 0.42028985507246375 0.7407608695652174 0.5289855072463768 0.04565217391304348
0 0.4543478260869565 0.7755434782608696 0.7565217391304347 0.05326086956521739
0 0.41884057971014493 0.8016304347826086 0.5260869565217391 0.04565217391304348
0 0.42318840579710143 0.8353260869565218 0.7086956521739131 0.057608695652173914
0 0.44420289855072465 0.8630434782608696 0.10289855072463767 0.03695652173913044
0 0.4427536231884058 0.8967391304347826 0.5666666666666667 0.051086956521739134
0 0.4797101449275362 0.9277173913043478 0.8 0.05543478260869565
0 0.41739130434782606 0.9592391304347826 0.5130434782608696 0.05
0 0.4608695652173913 0.9809782608695652 0.7594202898550725 0.03804347826086957