0 0.41774193548387095 0.04418103448275862 0.8354838709677419 0.08836206896551724
0 0.1403225806451613 0.1206896551724138 0.12580645161290321 0.11853448275862069
0 0.36129032258064514 0.2165948275862069 0.6209677419354839 0.15086206896551724
0 0.317741935483871 0.2974137931034483 0.3064516129032258 0.10344827586206896
0 0.4991935483870968 0.37823275862068967 0.9983870967741936 0.15301724137931033
0 0.4870967741935484 0.47413793103448276 0.964516129032258 0.18318965517241378
0 0.5 0.59375 1 0.18318965517241378
0 0.5048387096774194 0.6691810344827587 0.9903225806451613 0.19181034482758622
0 0.5096774193548387 0.7672413793103449 0.9806451612903225 0.16810344827586207
0 0.5016129032258064 0.8782327586206896 0.9967741935483871 0.20905172413793102
0 0.5024193548387097 0.9428879310344828 0.9951612903225806 0.11422413793103449