0 0.5055555555555555 0.11110833333333335 0.6703666666666667 0.055558333333333335
0 0.5287 0.19444166666666668 0.7240777777777777 0.10833333333333334
0 0.4481444444444444 0.24791666666666667 0.43703333333333333 0.04860833333333333
0 0.5111111111111111 0.3020833333333333 0.6925888888888889 0.05416666666666667
0 0.44630000000000003 0.347225 0.44074444444444444 0.05
0 0.5268555555555555 0.39652499999999996 0.7277777777777777 0.059725
0 0.4907444444444445 0.44514166666666666 0.5370333333333334 0.05694166666666667
0 0.5148111111111111 0.4944416666666667 0.7148111111111112 0.06389166666666667
0 0.4481444444444444 0.5416666666666666 0.45555555555555555 0.058333333333333334
0 0.48796666666666666 0.5875 0.6611111111111111 0.055558333333333335
0 0.5194444444444445 0.6416666666666667 0.6129666666666667 0.06666666666666667
0 0.5185222222222222 0.684025 0.7296333333333332 0.065275
0 0.4814777777777778 0.7395833333333334 0.5370333333333334 0.06805833333333333