0 0.11774744027303755 0.036375661375661374 0.08703071672354949 0.026455026455026454
0 0.8447098976109215 0.04497354497354497 0.2030716723549488 0.037037037037037035
0 0.3165529010238908 0.10119047619047619 0.40784982935153585 0.03306878306878307
0 0.47696245733788395 0.14682539682539683 0.7235494880546075 0.07142857142857142
0 0.5341296928327645 0.2533068783068783 0.8498293515358362 0.05423280423280423
0 0.4880546075085324 0.37367724867724866 0.7764505119453925 0.07275132275132275
0 0.46331058020477817 0.49007936507936506 0.7184300341296929 0.07142857142857142
0 0.514505119453925 0.6044973544973545 0.8327645051194539 0.07671957671957672
0 0.48208191126279865 0.7162698412698413 0.7935153583617748 0.07275132275132275
0 0.40784982935153585 0.8306878306878307 0.636518771331058 0.06746031746031746
0 0.8233788395904437 0.9708994708994709 0.2235494880546075 0.01984126984126984