0 0.5536253776435045 0.04842342342342342 0.6646525679758308 0.07545045045045046
0 0.4901812688821752 0.0884009009009009 0.26586102719033233 0.05292792792792793
0 0.6057401812688822 0.13795045045045046 0.6435045317220544 0.06756756756756757
0 0.5657099697885196 0.2286036036036036 0.6888217522658611 0.0686936936936937
0 0.4954682779456193 0.2719594594594595 0.2809667673716012 0.059684684684684686
0 0.5558912386706949 0.31925675675675674 0.40181268882175225 0.04842342342342342
0 0.5626888217522659 0.4239864864864865 0.6858006042296072 0.06756756756756757
0 0.48564954682779454 0.47128378378378377 0.26586102719033233 0.05630630630630631
0 0.4675226586102719 0.526463963963964 0.38368580060422963 0.06644144144144144
0 0.5853474320241692 0.6278153153153153 0.7492447129909365 0.0686936936936937
0 0.5581570996978852 0.678490990990991 0.2719033232628399 0.06418918918918919
0 0.5785498489425982 0.7331081081081081 0.6027190332326284 0.060810810810810814
0 0.5634441087613293 0.8462837837837838 0.7190332326283988 0.07882882882882883
0 0.48489425981873113 0.8986486486486487 0.2764350453172205 0.060810810810810814
0 0.47507552870090636 0.9588963963963963 0.3942598187311178 0.07882882882882883
0 0.5226586102719033 0.9797297297297297 0.6465256797583081 0.04054054054054054