0 0.24494949494949494 0.15582959641255606 0.32154882154882153 0.06278026905829596
0 0.2601010101010101 0.19955156950672645 0.3265993265993266 0.06053811659192825
0 0.1531986531986532 0.242152466367713 0.1127946127946128 0.06053811659192825
0 0.25084175084175087 0.31390134529147984 0.3367003367003367 0.05605381165919283
0 0.2415824915824916 0.36434977578475336 0.3164983164983165 0.06950672645739911
0 0.20875420875420875 0.4047085201793722 0.24579124579124578 0.06278026905829596
0 0.17255892255892255 0.44506726457399104 0.16161616161616163 0.06278026905829596
0 0.2474747474747475 0.531390134529148 0.3265993265993266 0.06502242152466367
0 0.25841750841750843 0.5829596412556054 0.36195286195286197 0.07174887892376682
0 0.2415824915824916 0.6322869955156951 0.3148148148148148 0.07399103139013453
0 0.24831649831649832 0.6782511210762332 0.32996632996632996 0.07399103139013453
0 0.25925925925925924 0.7242152466367713 0.34175084175084175 0.07399103139013453
0 0.21632996632996632 0.7690582959641256 0.25084175084175087 0.07847533632286996
0 0.12626262626262627 0.874439461883408 0.12962962962962962 0.06950672645739911
0 0.12205387205387205 0.9349775784753364 0.08417508417508418 0.042600896860986545
0 0.44276094276094274 0.9136771300448431 0.10101010101010101 0.04484304932735426
0 0.44696969696969696 0.8632286995515696 0.04377104377104377 0.042600896860986545
0 0.5008417508417509 0.17713004484304934 0.037037037037037035 0.04484304932735426
0 0.6599326599326599 0.1547085201793722 0.3434343434343434 0.15695067264573992
0 0.6557239057239057 0.1961883408071749 0.3164983164983165 0.15246636771300448
0 0.6346801346801347 0.2365470852017937 0.25084175084175087 0.12556053811659193
0 0.6801346801346801 0.27242152466367714 0.36195286195286197 0.15695067264573992
0 0.6607744107744108 0.30829596412556054 0.31313131313131315 0.15022421524663676
0 0.6590909090909091 0.34641255605381166 0.23737373737373738 0.11210762331838565
0 0.7154882154882155 0.42376681614349776 0.39730639730639733 0.1726457399103139
0 0.7272727272727273 0.460762331838565 0.3787878787878788 0.1547085201793722
0 0.7457912457912458 0.5044843049327354 0.39730639730639733 0.1547085201793722
0 0.7306397306397306 0.554932735426009 0.3602693602693603 0.14798206278026907