0 0.4863013698630137 0.06597222222222222 0.2208904109589041 0.036458333333333336
0 0.4854452054794521 0.09722222222222222 0.2928082191780822 0.041666666666666664
0 0.5368150684931506 0.16319444444444445 0.3270547945205479 0.057291666666666664
0 0.4332191780821918 0.2300347222222222 0.2910958904109589 0.04861111111111111
0 0.5402397260273972 0.2821180555555556 0.5017123287671232 0.046875
0 0.5291095890410958 0.3151041666666667 0.5325342465753424 0.05381944444444445
0 0.5273972602739726 0.3420138888888889 0.5291095890410958 0.05381944444444445
0 0.521404109589041 0.3671875 0.5205479452054794 0.04861111111111111
0 0.5368150684931506 0.3949652777777778 0.547945205479452 0.050347222222222224
0 0.541095890410959 0.4236111111111111 0.553082191780822 0.050347222222222224
0 0.5428082191780822 0.4505208333333333 0.5582191780821918 0.046875
0 0.5282534246575342 0.4809027777777778 0.5325342465753424 0.050347222222222224
0 0.553082191780822 0.5095486111111112 0.571917808219178 0.06076388888888889
0 0.5325342465753424 0.5373263888888888 0.5393835616438356 0.04861111111111111
0 0.5368150684931506 0.5659722222222222 0.553082191780822 0.050347222222222224
0 0.5462328767123288 0.5911458333333334 0.553082191780822 0.03819444444444445
0 0.3946917808219178 0.6258680555555556 0.1404109589041096 0.046875
0 0.5659246575342466 0.6788194444444444 0.4931506849315068 0.05381944444444445
0 0.5462328767123288 0.7126736111111112 0.5547945205479452 0.05555555555555555
0 0.5522260273972602 0.7447916666666666 0.571917808219178 0.0642361111111111
0 0.7071917808219178 0.8003472222222222 0.1267123287671233 0.050347222222222224
0 0.6703767123287672 0.8654513888888888 0.1695205479452055 0.08506944444444445