0 0.4747191011235955 0.09055118110236221 0.9044943820224719 0.08267716535433071
0 0.45786516853932585 0.1437007874015748 0.9157303370786517 0.06692913385826772
0 0.4241573033707865 0.1968503937007874 0.8370786516853933 0.051181102362204724
0 0.43258426966292135 0.25393700787401574 0.848314606741573 0.07086614173228346
0 0.45786516853932585 0.30708661417322836 0.9044943820224719 0.05905511811023622
0 0.4550561797752809 0.36220472440944884 0.8876404494382022 0.07086614173228346
0 0.4550561797752809 0.4153543307086614 0.9044943820224719 0.07086614173228346
0 0.46348314606741575 0.46653543307086615 0.9101123595505618 0.06299212598425197
0 0.4297752808988764 0.5196850393700787 0.8595505617977528 0.06692913385826772
0 0.4606741573033708 0.5787401574803149 0.8932584269662921 0.07480314960629922
0 0.43820224719101125 0.6299212598425197 0.8707865168539326 0.07874015748031496
0 0.4241573033707865 0.6929133858267716 0.8258426966292135 0.07874015748031496
0 0.4747191011235955 0.7401574803149606 0.9213483146067416 0.06692913385826772
0 0.46348314606741575 0.7992125984251969 0.8932584269662921 0.07086614173228346
0 0.4887640449438202 0.8503937007874016 0.9269662921348315 0.06692913385826772
0 0.23314606741573032 0.905511811023622 0.42696629213483145 0.05511811023622047
0 0.29775280898876405 0.9606299212598425 0.4943820224719101 0.07874015748031496