0 0.0775 0.09146341463414634 0.075 0.036585365853658534
0 0.445 0.08739837398373984 0.41 0.06910569105691057
0 0.8675 0.09552845528455285 0.11 0.04065040650406504
0 0.715 0.10365853658536585 0.085 0.036585365853658534
0 0.7225 0.13211382113821138 0.125 0.036585365853658534
0 0.7225 0.15447154471544716 0.06 0.028455284552845527
0 0.4125 0.13821138211382114 0.445 0.06910569105691057
0 0.4975 0.1991869918699187 0.82 0.07317073170731707
0 0.4775 0.23170731707317074 0.755 0.052845528455284556
0 0.4975 0.2601626016260163 0.8 0.056910569105691054
0 0.4875 0.2926829268292683 0.77 0.056910569105691054
0 0.51 0.32113821138211385 0.825 0.06504065040650407
0 0.3125 0.3516260162601626 0.425 0.04878048780487805
0 0.315 0.4065040650406504 0.395 0.056910569105691054
0 0.495 0.4654471544715447 0.705 0.06097560975609756
0 0.5175 0.5020325203252033 0.68 0.056910569105691054
0 0.53 0.5284552845528455 0.69 0.056910569105691054
0 0.505 0.5548780487804879 0.65 0.04878048780487805
0 0.5125 0.5853658536585366 0.66 0.052845528455284556
0 0.51 0.6199186991869918 0.665 0.06504065040650407
0 0.5125 0.6483739837398373 0.655 0.056910569105691054
0 0.485 0.6788617886178862 0.615 0.052845528455284556
0 0.235 0.7052845528455285 0.12 0.036585365853658534
0 0.3125 0.766260162601626 0.38 0.056910569105691054
0 0.495 0.823170731707317 0.695 0.056910569105691054
0 0.305 0.8556910569105691 0.245 0.04065040650406504