0 0.05974651457541191 0.15145176695319962 0.06155893536121673 0.05730659025787966
0 0.15390367553865653 0.15281757402101243 0.06518377693282636 0.05730659025787966
0 0.2534854245880862 0.15213944603629417 0.06518377693282636 0.05594078319006686
0 0.3476425855513308 0.15145176695319962 0.06155893536121673 0.05730659025787966
0 0.44541191381495565 0.15349570200573068 0.06155893536121673 0.05594078319006686
0 0.540468948035488 0.15486150907354346 0.05974651457541191 0.05867239732569245
0 0.6391508238276299 0.15281757402101243 0.06155893536121673 0.05730659025787966
0 0.7314828897338402 0.155549188156638 0.06518377693282636 0.060038204393505254
0 0.831977186311787 0.15486150907354346 0.06337135614702155 0.061404011461318055
0 0.13579214195183778 0.3411079274116523 0.2245120405576679 0.06549188156638013
0 0.42458808618504434 0.3424737344794651 0.22269961977186312 0.06276026743075454
0 0.7179087452471482 0.3452053486150907 0.22269961977186312 0.06276026743075454
0 0.46351077313054495 0.503476599808978 0.8799619771863118 0.09824259789875836
0 0.4472243346007605 0.7572683858643744 0.8437389100126743 0.05457497612225406