0 0.6138613861386139 0.04716981132075472 0.4158415841584158 0.09433962264150944
0 0.6534653465346535 0.11556603773584906 0.29207920792079206 0.08490566037735849
0 0.4801980198019802 0.1650943396226415 0.5594059405940595 0.09433962264150944
0 0.3193069306930693 0.2429245283018868 0.5396039603960396 0.09433962264150944
0 0.8688118811881188 0.24764150943396226 0.0891089108910891 0.04716981132075472
0 0.41089108910891087 0.2971698113207547 0.36633663366336633 0.07547169811320754
0 0.452970297029703 0.33962264150943394 0.6782178217821783 0.1320754716981132
0 0.5915841584158416 0.41273584905660377 0.7821782178217822 0.1179245283018868
0 0.5148514851485149 0.4811320754716981 0.9702970297029703 0.09905660377358491
0 0.5148514851485149 0.5283018867924528 0.9702970297029703 0.09905660377358491
0 0.5099009900990099 0.5990566037735849 0.9801980198019802 0.09433962264150944
0 0.5099009900990099 0.6627358490566038 0.9801980198019802 0.12735849056603774
0 0.5148514851485149 0.7075471698113207 0.9702970297029703 0.11320754716981132
0 0.5148514851485149 0.7830188679245284 0.9702970297029703 0.10377358490566038
0 0.5198019801980198 0.8537735849056604 0.9603960396039604 0.11320754716981132
0 0.5148514851485149 0.9363207547169812 0.9702970297029703 0.1179245283018868
0 0.5247524752475248 0.9787735849056604 0.9504950495049505 0.04245283018867924