0 0.17180616740088106 0.02909090909090909 0.24008810572687225 0.02727272727272727
0 0.748898678414097 0.038181818181818185 0.11233480176211454 0.02727272727272727
0 0.4262114537444934 0.08545454545454545 0.7466960352422908 0.03272727272727273
0 0.42841409691629956 0.10454545454545454 0.7466960352422908 0.03090909090909091
0 0.42731277533039647 0.12363636363636364 0.748898678414097 0.02909090909090909
0 0.42841409691629956 0.13818181818181818 0.748898678414097 0.03272727272727273
0 0.30066079295154186 0.15545454545454546 0.5044052863436124 0.02727272727272727
0 0.39537444933920707 0.21454545454545454 0.7026431718061674 0.08181818181818182
0 0.3931718061674009 0.27636363636363637 0.7268722466960352 0.08363636363636363
0 0.4063876651982379 0.3327272727272727 0.751101321585903 0.07636363636363637
0 0.3755506607929515 0.4 0.6938325991189427 0.08
0 0.4118942731277533 0.46454545454545454 0.7797356828193832 0.08
0 0.33370044052863435 0.5236363636363637 0.6475770925110133 0.07818181818181819
0 0.40308370044052866 0.5881818181818181 0.7533039647577092 0.08727272727272728
0 0.3788546255506608 0.6454545454545455 0.7290748898678414 0.08
0 0.3579295154185022 0.7045454545454546 0.6806167400881057 0.06363636363636363
0 0.1949339207048458 0.7645454545454545 0.3458149779735683 0.08
0 0.06607929515418502 0.9254545454545454 0.07488986784140969 0.023636363636363636
0 0.2698237885462555 0.9681818181818181 0.32819383259911894 0.06181818181818182