0 0.6805555555555556 0.16171875 0.08333333333333333 0.0203125
0 0.7305555555555555 0.18125 0.18888888888888888 0.028125
0 0.5708333333333333 0.2171875 0.7805555555555556 0.05625
0 0.49166666666666664 0.284375 0.7166666666666667 0.05625
0 0.5722222222222222 0.3484375 0.8333333333333334 0.05625
0 0.5125 0.41640625 0.7583333333333333 0.0578125
0 0.5541666666666667 0.47890625 0.8361111111111111 0.0484375
0 0.5236111111111111 0.55078125 0.7861111111111111 0.0484375
0 0.5597222222222222 0.62578125 0.8805555555555555 0.0671875
0 0.5347222222222222 0.7015625 0.8027777777777778 0.065625
0 0.5319444444444444 0.77578125 0.8194444444444444 0.0703125
0 0.5680555555555555 0.85234375 0.8638888888888889 0.0734375