0 0.4688039867109635 0.03321295143212952 0.26946843853820596 0.055342465753424656
0 0.7631893687707642 0.08440846824408468 0.4411295681063123 0.06641344956413449
0 0.39867109634551495 0.15496886674968866 0.7198172757475083 0.08024906600249065
0 0.36913621262458474 0.1881818181818182 0.6865946843853821 0.05811955168119552
0 0.3488372093023256 0.22968866749688668 0.6570764119601329 0.06641344956413449
0 0.38299003322259134 0.2656662515566625 0.7253654485049834 0.06364881693648816
0 0.4521926910299004 0.3071855541718555 0.8600996677740863 0.07195516811955169
0 0.43373754152823923 0.35077210460772107 0.8268770764119601 0.07333748443337484
0 0.38574750830564786 0.38120797011207974 0.7456644518272425 0.07333748443337484
0 0.3608305647840532 0.421332503113325 0.6958305647840531 0.06779576587795766
0 0.4171262458471761 0.4995143212951432 0.36913621262458474 0.07748443337484433
0 0.7668936877076412 0.5424159402241594 0.44481727574750823 0.05257783312577833
0 0.3940531561461794 0.5700871731008716 0.7475083056478405 0.074719800747198
0 0.400514950166113 0.610909090909091 0.7641196013289037 0.05950186799501868
0 0.3977408637873754 0.6482689912826899 0.7770431893687707 0.06503113325031133
0 0.41343853820598003 0.6966874221668743 0.801029900332226 0.07610211706102117
0 0.3977408637873754 0.7361270236612703 0.7954983388704319 0.08024906600249065
0 0.4125083056478406 0.7762515566625157 0.8250332225913621 0.08024906600249065
0 0.400514950166113 0.8108468244084682 0.801029900332226 0.06919053549190536
0 0.3534551495016611 0.8509713574097136 0.7069102990033223 0.07748443337484433