0 0.8269774011299436 0.007142857142857143 0.08615819209039548 0.014285714285714285
0 0.7379943502824858 0.2984126984126984 0.2641242937853107 0.03492063492063492
0 0.12994350282485875 0.3761904761904762 0.19350282485875706 0.06349206349206349
0 0.5755649717514124 0.37063492063492065 0.6497175141242938 0.0761904761904762
0 0.3509887005649718 0.4142857142857143 0.1709039548022599 0.044444444444444446
0 0.53954802259887 0.45714285714285713 0.5466101694915254 0.06984126984126984
0 0.6122881355932204 0.4976190476190476 0.6836158192090396 0.07777777777777778
0 0.3227401129943503 0.5484126984126985 0.10451977401129943 0.05555555555555555
0 0.3283898305084746 0.5857142857142857 0.07909604519774012 0.049206349206349205
0 0.6709039548022598 0.573015873015873 0.4957627118644068 0.05555555555555555
0 0.501412429378531 0.6682539682539682 0.16666666666666666 0.05714285714285714
0 0.7817796610169492 0.6547619047619048 0.3206214689265537 0.049206349206349205
0 0.5127118644067796 0.7103174603174603 0.1977401129943503 0.06190476190476191
0 0.288135593220339 0.7841269841269841 0.03389830508474576 0.03492063492063492
0 0.3735875706214689 0.7904761904761904 0.046610169491525424 0.02857142857142857
0 0.3792372881355932 0.834920634920635 0.043785310734463276 0.031746031746031744
0 0.527542372881356 0.7928571428571428 0.1864406779661017 0.06190476190476191
0 0.4470338983050847 0.8325396825396826 0.02824858757062147 0.023809523809523808
0 0.7083333333333334 0.7777777777777778 0.046610169491525424 0.04285714285714286
0 0.856638418079096 0.7833333333333333 0.10310734463276836 0.044444444444444446
0 0.730225988700565 0.8238095238095238 0.0635593220338983 0.03015873015873016
0 0.8326271186440678 0.8174603174603174 0.026836158192090395 0.025396825396825397
0 0.7274011299435028 0.8642857142857143 0.04519774011299435 0.03650793650793651
0 0.8361581920903954 0.8634920634920635 0.029661016949152543 0.022222222222222223
0 0.7612994350282486 0.9023809523809524 0.09745762711864407 0.03492063492063492
0 0.3990112994350282 0.9563492063492064 0.1765536723163842 0.05555555555555555
0 0.4004237288135593 0.9928571428571429 0.026836158192090395 0.014285714285714285
0 0.5501412429378532 0.984920634920635 0.16807909604519775 0.03015873015873016