0 0.8112824675324676 0.0211864406779661 0.3628246753246753 0.0423728813559322
0 0.5 0.0743879472693032 0.9813311688311688 0.08757062146892655
0 0.5044642857142857 0.15677966101694915 0.9813311688311688 0.1016949152542373
0 0.5008116883116883 0.2339924670433145 0.9553571428571429 0.11016949152542373
0 0.5150162337662337 0.3027306967984934 0.9650974025974026 0.1064030131826742
0 0.4837662337662338 0.3888888888888889 0.9375 0.10546139359698682
0 0.49959415584415584 0.4675141242937853 0.9756493506493507 0.1167608286252354
0 0.5060876623376623 0.5338983050847458 0.9878246753246753 0.1111111111111111
0 0.515827922077922 0.6162900188323918 0.9683441558441559 0.12146892655367232
0 0.5198863636363636 0.690677966101695 0.9602272727272727 0.1120527306967985
0 0.5142045454545454 0.7645951035781544 0.9602272727272727 0.1120527306967985
0 0.3474025974025974 0.8568738229755178 0.6347402597402597 0.11016949152542373
0 0.0762987012987013 0.9708097928436912 0.08847402597402597 0.05555555555555555
0 0.9521103896103896 0.942090395480226 0.09577922077922078 0.025423728813559324
0 0.9472402597402597 0.9628060263653484 0.10551948051948051 0.025423728813559324