0 0.7272816728167282 0.13293354943273905 0.23232472324723247 0.03722852512155592
0 0.41323493234932346 0.20411669367909238 0.17825338253382533 0.054230145867098865
0 0.5981426814268143 0.20356564019448944 0.07244772447724478 0.055299837925445704
0 0.5778228782287823 0.29110210696920585 0.5525461254612547 0.09635332252836305
0 0.45801968019680195 0.376612641815235 0.24937269372693727 0.046904376012965966
0 0.35707257072570725 0.41807131280388976 0.041316113161131617 0.03688816855753647
0 0.5701476014760147 0.4222690437601297 0.15793357933579336 0.04742301458670989
0 0.6462976629766298 0.46345218800648297 0.4106765067650677 0.05416531604538088
0 0.35861008610086104 0.5092544570502431 0.046445264452644526 0.03552674230145867
0 0.659630996309963 0.5122204213938412 0.15444034440344404 0.05659643435980551
0 0.8307995079950801 0.510064829821718 0.03348093480934809 0.039303079416531606
0 0.571070110701107 0.5494975688816857 0.24792127921279214 0.03606158833063209
0 0.6307257072570726 0.5975850891410048 0.30573185731857316 0.05873581847649919
0 0.5912669126691267 0.6874068071312803 0.24526445264452645 0.09789303079416531
0 0.36751537515375154 0.7552188006482983 0.1237269372693727 0.043306320907617504
0 0.5192127921279213 0.7718314424635333 0.09091020910209102 0.08301458670988654
0 0.704009840098401 0.7800810372771475 0.1345510455104551 0.09517017828200973
0 0.586740467404674 0.8476175040518639 0.5560270602706027 0.05301458670988655
0 0.6727429274292743 0.8935494327390601 0.45126691266912666 0.05841166936790924
0 0.5670725707257073 0.9512317666126417 0.15589175891758916 0.07910858995137764
0 0.7545387453874539 0.9344732576985414 0.11056580565805658 0.036515397082658024