0 0.22126436781609196 0.041666666666666664 0.31896551724137934 0.08333333333333333
0 0.7033045977011494 0.05324074074074074 0.4281609195402299 0.10648148148148148
0 0.1752873563218391 0.15856481481481483 0.08477011494252873 0.0625
0 0.6587643678160919 0.18055555555555555 0.2859195402298851 0.08564814814814815
0 0.17744252873563218 0.3101851851851852 0.05890804597701149 0.10416666666666667
0 0.5028735632183908 0.26273148148148145 0.3649425287356322 0.10416666666666667
0 0.5926724137931034 0.3449074074074074 0.5431034482758621 0.12731481481481483
0 0.6429597701149425 0.44328703703703703 0.6436781609195402 0.11805555555555555
0 0.4454022988505747 0.4965277777777778 0.22844827586206898 0.08101851851851852
0 0.5014367816091954 0.5949074074074074 0.6609195402298851 0.11574074074074074
0 0.44971264367816094 0.6585648148148148 0.11494252873563218 0.06481481481481481
0 0.3132183908045977 0.7407407407407407 0.24856321839080459 0.0787037037037037
0 0.367816091954023 0.8206018518518519 0.3706896551724138 0.09259259259259259
0 0.5416666666666666 0.9027777777777778 0.7298850574712644 0.10648148148148148
0 0.2614942528735632 0.9652777777777778 0.17097701149425287 0.06018518518518518