0 0.9022429906542057 0.11733050847457628 0.13658878504672897 0.04563559322033898
0 0.4619158878504673 0.17110169491525426 0.5930841121495327 0.08800847457627119
0 0.5050467289719626 0.2575 0.8591121495327102 0.09127118644067796
0 0.4852803738317757 0.2998728813559322 0.8483177570093458 0.07822033898305085
0 0.4816822429906542 0.34711864406779663 0.6901401869158879 0.08800847457627119
0 0.5032242990654205 0.423728813559322 0.8555140186915888 0.0847457627118644
0 0.2300467289719626 0.4775 0.10065420560747664 0.05542372881355932
0 0.5014485981308411 0.5100847457627119 0.8806542056074766 0.08148305084745763
0 0.5679439252336449 0.5541101694915255 0.7979906542056076 0.06516949152542373
0 0.3073364485981308 0.606271186440678 0.2767757009345794 0.0586864406779661
0 0.5104205607476636 0.6795762711864407 0.905841121495327 0.07495762711864408
0 0.2282710280373832 0.7301271186440678 0.11859813084112149 0.039110169491525425
0 0.506822429906542 0.7643220338983051 0.8986448598130842 0.0684322033898305
0 0.5643457943925233 0.8132203389830508 0.8267289719626167 0.0684322033898305
0 0.5391588785046729 0.8572457627118644 0.7764018691588785 0.0716949152542373
0 0.5733177570093457 0.8963559322033898 0.815981308411215 0.06516949152542373
0 0.3288785046728972 0.9452542372881356 0.3414953271028037 0.06516949152542373