0 0.45867768595041325 0.06751336898395723 0.8181818181818182 0.03877005347593583
0 0.08677685950413223 0.04144385026737968 0.045454545454545456 0.013368983957219251
0 0.23760330578512398 0.045454545454545456 0.0371900826446281 0.013368983957219251
0 0.48037190082644626 0.09224598930481283 0.8264462809917356 0.04144385026737968
0 0.48863636363636365 0.1143048128342246 0.8347107438016529 0.0374331550802139
0 0.4865702479338843 0.13703208556149732 0.8367768595041323 0.03877005347593583
0 0.4772727272727273 0.16042780748663102 0.8223140495867769 0.0374331550802139
0 0.3409090909090909 0.18783422459893048 0.5475206611570248 0.03877005347593583
0 0.490702479338843 0.21056149732620322 0.8326446280991735 0.04679144385026738
0 0.4927685950413223 0.23328877005347592 0.8409090909090909 0.0427807486631016
0 0.28615702479338845 0.26336898395721925 0.43388429752066116 0.03877005347593583
0 0.49483471074380164 0.2840909090909091 0.859504132231405 0.05080213903743316
0 0.49173553719008267 0.3094919786096257 0.8615702479338843 0.0481283422459893
0 0.2159090909090909 0.33890374331550804 0.29958677685950413 0.03609625668449198
0 0.8543388429752066 0.9478609625668449 0.1115702479338843 0.026737967914438502