0 0.5055803571428571 0.03239202657807309 0.9888392857142857 0.06478405315614617
0 0.49776785714285715 0.06395348837209303 0.96875 0.06976744186046512
0 0.5133928571428571 0.12292358803986711 0.9732142857142857 0.08637873754152824
0 0.48549107142857145 0.16943521594684385 0.9375 0.08637873754152824
0 0.5078125 0.2084717607973422 0.984375 0.0946843853820598
0 0.5055803571428571 0.25332225913621265 0.9888392857142857 0.08803986710963455
0 0.49776785714285715 0.287375415282392 0.9888392857142857 0.08637873754152824
0 0.4765625 0.3430232558139535 0.9441964285714286 0.08471760797342193
0 0.4966517857142857 0.37790697674418605 0.9776785714285714 0.07142857142857142
0 0.5 0.4186046511627907 1 0.08637873754152824
0 0.5 0.47093023255813954 1 0.08471760797342193
0 0.4966517857142857 0.520764119601329 0.9598214285714286 0.07807308970099668
0 0.6049107142857143 0.6602990033222591 0.265625 0.046511627906976744
0 0.6104910714285714 0.6951827242524917 0.28125 0.03156146179401993
0 0.06361607142857142 0.9825581395348837 0.12723214285714285 0.024916943521594685
0 0.5033482142857143 0.5614617940199336 0.9933035714285714 0.07973421926910298
0 0.49888392857142855 0.6013289036544851 0.9977678571428571 0.08305647840531562
0 0.4799107142857143 0.6536544850498339 0.9575892857142857 0.07973421926910298
0 0.48214285714285715 0.6877076411960132 0.9642857142857143 0.08305647840531562
0 0.4955357142857143 0.7358803986710963 0.9910714285714286 0.08637873754152824
0 0.47433035714285715 0.7799003322259136 0.9486607142857143 0.07142857142857142
0 0.47879464285714285 0.8222591362126246 0.9575892857142857 0.07973421926910298
0 0.4799107142857143 0.867109634551495 0.9598214285714286 0.09634551495016612
0 0.4720982142857143 0.9102990033222591 0.9441964285714286 0.08305647840531562
0 0.46763392857142855 0.9584717607973422 0.9352678571428571 0.08305647840531562
0 0.8058035714285714 0.9858803986710963 0.18303571428571427 0.02823920265780731