0 0.69140625 0.11474609375 0.29296875 0.18115234375
0 0.4173177083333333 0.197998046875 0.6595052083333334 0.08935546875
0 0.3642578125 0.232177734375 0.5579427083333334 0.06298828125
0 0.3421223958333333 0.284912109375 0.5201822916666666 0.0771484375
0 0.3776041666666667 0.334228515625 0.6002604166666666 0.08935546875
0 0.4879557291666667 0.380615234375 0.8131510416666666 0.08740234375
0 0.5048828125 0.431640625 0.8658854166666666 0.08544921875
0 0.2890625 0.466552734375 0.4225260416666667 0.0732421875
0 0.3479817708333333 0.51708984375 0.5514322916666666 0.080078125
0 0.2952473958333333 0.562744140625 0.453125 0.080078125
0 0.3616536458333333 0.602783203125 0.58984375 0.07080078125
0 0.3707682291666667 0.652587890625 0.6145833333333334 0.06591796875