0 0.3669587628865979 0.06938223938223938 0.42675257731958766 0.04922779922779923
0 0.7366494845360825 0.04343629343629344 0.0684020618556701 0.022857142857142857
0 0.7410824742268042 0.06312741312741313 0.10216494845360825 0.026061776061776062
0 0.7426804123711341 0.07922779922779923 0.059175257731958766 0.0177992277992278
0 0.44335051546391757 0.1277220077220077 0.7431443298969072 0.040154440154440155
0 0.46309278350515465 0.1633976833976834 0.7690721649484535 0.05185328185328185
0 0.43948453608247423 0.19015444015444016 0.725360824742268 0.05424710424710425
0 0.4008762886597938 0.21996138996138995 0.6517525773195876 0.047876447876447875
0 0.3536082474226804 0.24795366795366794 0.5643298969072165 0.050501930501930505
0 0.47072164948453604 0.29934362934362935 0.5604123711340206 0.04891891891891892
0 0.43572164948453607 0.3328957528957529 0.3517525773195876 0.045714285714285714
0 0.4641752577319587 0.3838996138996139 0.5508247422680412 0.04756756756756757
0 0.37247422680412373 0.41266409266409265 0.24402061855670104 0.03262548262548262
0 0.45670103092783504 0.466061776061776 0.7562886597938144 0.045675675675675674
0 0.4172680412371134 0.4974517374517375 0.6702577319587629 0.04671814671814672
0 0.3713917525773196 0.5263706563706564 0.5856701030927836 0.044864864864864865
0 0.46041237113402056 0.584942084942085 0.5469072164948453 0.05552123552123552
0 0.43201030927835055 0.6135907335907336 0.31938144329896906 0.03818532818532819
0 0.46701030927835047 0.6676447876447876 0.5707216494845361 0.04189189189189189
0 0.4556185567010309 0.7243629343629344 0.7612371134020619 0.061621621621621624
0 0.4384020618556701 0.754980694980695 0.7303092783505155 0.04826254826254826
0 0.43376288659793816 0.7834749034749035 0.6997422680412371 0.06054054054054054
0 0.2345360824742268 0.8194208494208494 0.29061855670103093 0.03656370656370657
0 0.4744845360824742 0.8657528957528957 0.5501030927835051 0.06104247104247104
0 0.5000515463917526 0.9203474903474904 0.6012886597938145 0.053050193050193054