0 0.5828729281767956 0.019438444924406047 0.8204419889502762 0.038876889848812095
0 0.21685082872928177 0.038876889848812095 0.4143646408839779 0.058315334773218146
0 0.6671270718232044 0.04859611231101512 0.03591160220994475 0.0032397408207343412
0 0.292817679558011 0.08639308855291576 0.569060773480663 0.06047516198704104
0 0.47306629834254144 0.13390928725701945 0.8632596685082873 0.061555075593952485
0 0.5027624309392266 0.18898488120950324 0.994475138121547 0.0734341252699784
0 0.4578729281767956 0.23218142548596113 0.9046961325966851 0.06695464362850972
0 0.4986187845303867 0.2726781857451404 0.988950276243094 0.07235421166306695
0 0.4993093922651934 0.3126349892008639 0.9917127071823204 0.0734341252699784
0 0.5013812154696132 0.3569114470842333 0.9972375690607734 0.0734341252699784
0 0.5006906077348067 0.3963282937365011 0.9986187845303868 0.06263498920086392
0 0.5 0.4449244060475162 1 0.0734341252699784
0 0.5 0.49136069114470843 1 0.06263498920086392
0 0.47513812154696133 0.5340172786177105 0.9502762430939227 0.06803455723542116
0 0.4903314917127072 0.5755939524838013 0.9806629834254144 0.0755939524838013
0 0.3798342541436464 0.6231101511879049 0.7596685082872928 0.06695464362850972
0 0.5338397790055248 0.6771058315334774 0.9102209944751382 0.07235421166306695
0 0.4958563535911602 0.7273218142548596 0.9834254143646409 0.08639308855291576
0 0.4330110497237569 0.771598272138229 0.6546961325966851 0.0755939524838013
0 0.5082872928176796 0.8471922246220303 0.5 0.056155507559395246