0 0.21908127208480566 0.0075 0.1519434628975265 0.015
0 0.3551236749116608 0.04583333333333333 0.4275618374558304 0.07333333333333333
0 0.4620141342756184 0.1 0.5901060070671378 0.08333333333333333
0 0.6590106007067138 0.14583333333333334 0.4169611307420495 0.05333333333333334
0 0.7959363957597173 0.19 0.04240282685512368 0.02666666666666667
0 0.3586572438162544 0.2375 0.42226148409893993 0.08333333333333333
0 0.4540636042402827 0.3375 0.2968197879858657 0.07
0 0.2234982332155477 0.28583333333333333 0.053003533568904596 0.03666666666666667
0 0.6183745583038869 0.2808333333333333 0.6307420494699647 0.07666666666666666
0 0.2226148409893993 0.37583333333333335 0.05123674911660778 0.041666666666666664
0 0.5600706713780919 0.39 0.4929328621908127 0.08666666666666667
0 0.5273851590106007 0.4875 0.6908127208480566 0.19333333333333333
0 0.39664310954063603 0.6133333333333333 0.598939929328622 0.08833333333333333
0 0.34275618374558303 0.6683333333333333 0.5053003533568905 0.08166666666666667
0 0.127208480565371 0.7283333333333334 0.08833922261484099 0.06833333333333333
0 0.5061837455830389 0.7433333333333333 0.4416961130742049 0.085
0 0.5291519434628975 0.7941666666666667 0.8816254416961131 0.105
0 0.12809187279151943 0.8675 0.07243816254416961 0.065
0 0.5565371024734982 0.8575 0.5388692579505301 0.07166666666666667
0 0.25353356890459366 0.915 0.3586572438162544 0.075
0 0.8250883392226148 0.9516666666666667 0.13074204946996468 0.03