0 0.5495540540540541 0.019438444924406047 0.06847297297297297 0.038876889848812095
0 0.6653108108108108 0.02591792656587473 0.04955405405405405 0.05183585313174946
0 0.8932432432432432 0.02159827213822894 0.14864864864864866 0.04319654427645788
0 0.35179729729729725 0.1468682505399568 0.07477027027027026 0.06047516198704104
0 0.8054054054054054 0.15334773218142547 0.3261216216216216 0.06479481641468683
0 0.3635135135135135 0.2922894168466523 0.13604054054054054 0.1670194384449244
0 0.7427972972972973 0.30308855291576675 0.3522567567567568 0.21166306695464362
0 0.19414864864864864 0.572354211663067 0.07477027027027026 0.0734341252699784
0 0.5806351351351352 0.6997840172786177 0.8099054054054055 0.10943844492440605
0 0.5306351351351352 0.7912095032397408 0.7369324324324324 0.10222462203023758
0 0.5779324324324324 0.8956155507559396 0.8369324324324325 0.1324622030237581
0 0.26847297297297296 0.9618358531317495 0.2144189189189189 0.07488120950323975