0 0.43902439024390244 0.004573170731707317 0.8780487804878049 0.009146341463414634
0 0.09552845528455285 0.013719512195121951 0.1910569105691057 0.027439024390243903
0 0.4735772357723577 0.07621951219512195 0.4878048780487805 0.06097560975609756
0 0.4166666666666667 0.10823170731707317 0.8333333333333334 0.04573170731707317
0 0.9186991869918699 0.10975609756097561 0.04878048780487805 0.039634146341463415
0 0.4613821138211382 0.15853658536585366 0.9227642276422764 0.06097560975609756
0 0.45934959349593496 0.20121951219512196 0.9186991869918699 0.06097560975609756
0 0.45121951219512196 0.24390243902439024 0.9024390243902439 0.054878048780487805
0 0.4451219512195122 0.2896341463414634 0.8902439024390244 0.06097560975609756
0 0.4410569105691057 0.3307926829268293 0.8821138211382114 0.057926829268292686
0 0.4410569105691057 0.3719512195121951 0.8821138211382114 0.06097560975609756
0 0.4613821138211382 0.41615853658536583 0.9227642276422764 0.057926829268292686
0 0.40040650406504064 0.45884146341463417 0.8008130081300813 0.057926829268292686
0 0.7560975609756098 0.9771341463414634 0.4268292682926829 0.03353658536585366