0 0.37714285714285717 0.06477516059957174 0.23142857142857143 0.061027837259100645
0 0.7935714285714286 0.019271948608137045 0.06571428571428571 0.03640256959314775
0 0.8057142857142857 0.03372591006423983 0.09428571428571429 0.048179871520342615
0 0.8135714285714286 0.04978586723768737 0.045714285714285714 0.029978586723768737
0 0.4692857142857143 0.0974304068522484 0.8185714285714286 0.056745182012847964
0 0.4635714285714286 0.13329764453961457 0.8142857142857143 0.06209850107066381
0 0.185 0.17237687366167023 0.24285714285714285 0.042826552462526764
0 0.23214285714285715 0.1975374732334047 0.08714285714285715 0.02569593147751606
0 0.405 0.19004282655246252 0.09571428571428571 0.02676659528907923
0 0.5921428571428572 0.1841541755888651 0.10571428571428572 0.031049250535331904
0 0.225 0.2291220556745182 0.06714285714285714 0.021413276231263382
0 0.39714285714285713 0.22269807280513917 0.07857142857142857 0.02462526766595289
0 0.59 0.215203426124197 0.09142857142857143 0.031049250535331904
0 0.485 0.2558886509635974 0.8214285714285714 0.06316916488222699
0 0.48714285714285716 0.28533190578158457 0.8328571428571429 0.06316916488222699
0 0.4142857142857143 0.31745182012847967 0.6771428571428572 0.056745182012847964
0 0.26357142857142857 0.3501070663811563 0.12714285714285714 0.027837259100642397
0 0.47928571428571426 0.34475374732334046 0.19 0.02676659528907923
0 0.72 0.3356531049250535 0.18571428571428572 0.02676659528907923
0 0.5042857142857143 0.40364025695931477 0.7885714285714286 0.056745182012847964
0 0.48142857142857143 0.43790149892933616 0.7971428571428572 0.06209850107066381
0 0.1392857142857143 0.47751605995717344 0.11285714285714285 0.031049250535331904
0 0.49357142857142855 0.5315845824411135 0.8128571428571428 0.06745182012847965
0 0.19214285714285714 0.5690578158458244 0.20857142857142857 0.029978586723768737
0 0.2692857142857143 0.5947537473233405 0.06142857142857143 0.02676659528907923
0 0.4807142857142857 0.5899357601713062 0.08428571428571428 0.03961456102783726
0 0.6635714285714286 0.5867237687366167 0.06428571428571428 0.035331905781584586
0 0.26 0.6359743040685225 0.041428571428571426 0.031049250535331904
0 0.4878571428571429 0.6263383297644539 0.09142857142857143 0.033190578158458245
0 0.675 0.6134903640256959 0.07 0.02569593147751606
0 0.2814285714285714 0.6605995717344754 0.08285714285714285 0.021413276231263382
0 0.52 0.6493576017130621 0.16 0.031049250535331904
0 0.695 0.642933618843683 0.10428571428571429 0.027837259100642397
0 0.26571428571428574 0.6900428265524625 0.045714285714285714 0.021413276231263382
0 0.5042857142857143 0.6809421841541756 0.12571428571428572 0.028907922912205567
0 0.7035714285714286 0.6734475374732334 0.11428571428571428 0.027837259100642397
0 0.2764285714285714 0.7221627408993576 0.06428571428571428 0.020342612419700215
0 0.5007142857142857 0.7178800856531049 0.10857142857142857 0.03747323340471092
0 0.6892857142857143 0.7082441113490364 0.07285714285714286 0.035331905781584586
0 0.2642857142857143 0.7526766595289079 0.047142857142857146 0.02462526766595289
0 0.49142857142857144 0.7478586723768736 0.08714285714285715 0.03854389721627409
0 0.6964285714285714 0.7446466809421841 0.08428571428571428 0.04068522483940043
0 0.5307142857142857 0.8083511777301927 0.8214285714285714 0.06745182012847965
0 0.4642857142857143 0.8447537473233405 0.7028571428571428 0.058886509635974305
0 0.34214285714285714 0.8816916488222698 0.4342857142857143 0.05032119914346895