0 0.41293929712460065 0.05326086956521739 0.7380191693290735 0.0782608695652174
0 0.48642172523961663 0.11032608695652174 0.8690095846645367 0.0967391304347826
0 0.2787539936102236 0.15434782608695652 0.46485623003194887 0.08260869565217391
0 0.14456869009584664 0.18967391304347825 0.20447284345047922 0.05326086956521739
0 0.5431309904153354 0.2657608695652174 0.7300319488817891 0.08369565217391305
0 0.5063897763578274 0.3119565217391304 0.9424920127795527 0.09565217391304348
0 0.5047923322683706 0.3630434782608696 0.9536741214057508 0.09891304347826087
0 0.3019169329073482 0.4076086956521739 0.5399361022364217 0.08586956521739131
0 0.5079872204472844 0.5125 0.21884984025559107 0.06739130434782609
0 0.49201277955271566 0.558695652173913 0.20447284345047922 0.07391304347826087
0 0.48083067092651754 0.6108695652173913 0.7971246006389776 0.08695652173913043
0 0.1869009584664537 0.6467391304347826 0.3402555910543131 0.05543478260869565
0 0.48801916932907347 0.7125 0.9440894568690096 0.08695652173913043
0 0.48961661341853036 0.7608695652173914 0.9648562300319489 0.08586956521739131
0 0.4488817891373802 0.8119565217391305 0.865814696485623 0.09239130434782608
0 0.46086261980830673 0.8603260869565217 0.9137380191693291 0.09782608695652174
0 0.20287539936102236 0.9054347826086957 0.3961661341853035 0.0782608695652174
0 0.46565495207667734 0.9559782608695652 0.9281150159744409 0.08804347826086957
0 0.46884984025559107 0.9815217391304348 0.9249201277955271 0.03695652173913044