0 0.09071532846715329 0.048364583333333336 0.1730948905109489 0.049104166666666664
0 0.28988321167883213 0.049854166666666665 0.13347445255474455 0.046135416666666665
0 0.45881751824817524 0.046135416666666665 0.1292992700729927 0.05059375
0 0.6194014598540146 0.044645833333333336 0.11678832116788321 0.044645833333333336
0 0.8029197080291971 0.043895833333333335 0.15849635036496348 0.04315625
0 0.13242335766423358 0.15698958333333335 0.18144525547445256 0.07291666666666667
0 0.3326423357664234 0.17931249999999999 0.18144525547445256 0.07589583333333333
0 0.5703795620437956 0.16368749999999999 0.2022919708029197 0.05655208333333333
0 0.8237810218978102 0.15996875 0.19604379562043794 0.05803125
0 0.09592700729927006 0.28496875 0.17518248175182483 0.052083333333333336
0 0.3357664233576642 0.2879479166666667 0.17518248175182483 0.046135416666666665
0 0.5829051094890512 0.2842291666666667 0.16891970802919706 0.05059375
0 0.8342043795620437 0.28125 0.171007299270073 0.05059375
0 0.23566423357664235 0.40030208333333334 0.34202919708029195 0.0625
0 0.6788321167883211 0.3973229166666667 0.3566277372262774 0.059520833333333335
0 0.09906569343065694 0.5208333333333334 0.17727007299270073 0.05059375
0 0.3701751824817518 0.5 0.09801459854014599 0.0863125
0 0.5213722627737226 0.6190520833333333 0.7215912408759124 0.08928124999999999
0 0.10218978102189781 0.7574375 0.17518248175182483 0.047614583333333335
0 0.33055474452554745 0.7589270833333334 0.1438978102189781 0.041666666666666664
0 0.5787299270072993 0.7537187500000001 0.15224817518248177 0.052083333333333336
0 0.8258540145985402 0.7559479166666667 0.145985401459854 0.047614583333333335
0 0.23566423357664235 0.8549062500000001 0.3628759124087591 0.08482291666666668
0 0.730963503649635 0.8705312500000001 0.46924087591240876 0.05059375