0 0.05718475073313783 0.09411764705882353 0.021994134897360705 0.041176470588235294
0 0.09604105571847507 0.09509803921568627 0.024926686217008796 0.03529411764705882
0 0.1312316715542522 0.09019607843137255 0.024926686217008796 0.03725490196078431
0 0.28079178885630496 0.056862745098039215 0.2434017595307918 0.0392156862745098
0 0.09604105571847507 0.12254901960784313 0.10557184750733138 0.025490196078431372
0 0.27712609970674484 0.09901960784313725 0.21407624633431085 0.023529411764705882
0 0.4090909090909091 0.0392156862745098 0.6129032258064516 0.0784313725490196
0 0.8387096774193549 0.022549019607843137 0.19648093841642228 0.045098039215686274
0 0.6070381231671554 0.1450980392156863 0.7756598240469208 0.10784313725490197
0 0.17375366568914957 0.22058823529411764 0.0718475073313783 0.047058823529411764
0 0.5821114369501467 0.25588235294117645 0.6774193548387096 0.08431372549019608
0 0.6217008797653959 0.3156862745098039 0.6744868035190615 0.08235294117647059
0 0.5593841642228738 0.38823529411764707 0.8695014662756598 0.11372549019607843
0 0.5630498533724341 0.4470588235294118 0.873900293255132 0.11764705882352941
0 0.5740469208211144 0.5117647058823529 0.8519061583577713 0.10980392156862745
0 0.5476539589442815 0.5686274509803921 0.8548387096774194 0.11764705882352941
0 0.5542521994134897 0.6313725490196078 0.8768328445747801 0.10784313725490197
0 0.5549853372434017 0.696078431372549 0.8900293255131965 0.11372549019607843
0 0.5359237536656891 0.7558823529411764 0.8563049853372434 0.11176470588235295
0 0.5425219941348973 0.8088235294117647 0.8636363636363636 0.10392156862745099
0 0.5278592375366569 0.8549019607843137 0.8020527859237536 0.0784313725490196