0 0.23133116883116883 0.026595744680851064 0.08928571428571429 0.05319148936170213
0 0.40584415584415584 0.047872340425531915 0.10064935064935066 0.07021276595744681
0 0.5430194805194806 0.04468085106382979 0.10876623376623376 0.08936170212765958
0 0.7069805194805194 0.03723404255319149 0.1461038961038961 0.06170212765957447
0 0.42288961038961037 0.1202127659574468 0.15422077922077923 0.08723404255319149
0 0.4163961038961039 0.19893617021276597 0.336038961038961 0.07446808510638298
0 0.07386363636363637 0.274468085106383 0.040584415584415584 0.06595744680851064
0 0.09009740259740259 0.44361702127659575 0.025974025974025976 0.06382978723404255
0 0.07386363636363637 0.6138297872340426 0.05357142857142857 0.06808510638297872
0 0.09659090909090909 0.7861702127659574 0.11038961038961038 0.07021276595744681
0 0.1590909090909091 0.9574468085106383 0.22564935064935066 0.07021276595744681