0 0.4157303370786517 0.24087078651685392 0.5056179775280899 0.0800561797752809
0 0.42602996254681647 0.2872191011235955 0.45880149812734083 0.08567415730337079
0 0.41853932584269665 0.324438202247191 0.4887640449438202 0.08426966292134831
0 0.4606741573033708 0.36446629213483145 0.4943820224719101 0.08848314606741572
0 0.46254681647940077 0.41081460674157305 0.550561797752809 0.10252808988764045
0 0.40262172284644193 0.45646067415730335 0.352059925093633 0.07584269662921349
0 0.4410112359550562 0.5042134831460674 0.49250936329588013 0.09269662921348315
0 0.45131086142322097 0.547752808988764 0.4157303370786517 0.07584269662921349
0 0.47752808988764045 0.5807584269662921 0.5355805243445693 0.09691011235955056
0 0.4887640449438202 0.6228932584269663 0.4606741573033708 0.08567415730337079
0 0.5149812734082397 0.6643258426966292 0.5580524344569289 0.10674157303370786
0 0.45692883895131087 0.7169943820224719 0.35580524344569286 0.0800561797752809
0 0.5271535580524345 0.761938202247191 0.5449438202247191 0.10252808988764045
0 0.4297752808988764 0.8160112359550562 0.2602996254681648 0.05898876404494382
0 0.5093632958801498 0.848314606741573 0.46441947565543074 0.09269662921348315
0 0.5533707865168539 0.8932584269662921 0.4700374531835206 0.09550561797752809