0 0.39832535885167464 0.028268551236749116 0.7966507177033493 0.05653710247349823
0 0.4090909090909091 0.08833922261484099 0.8181818181818182 0.0706713780918728
0 0.4126794258373206 0.1501766784452297 0.8253588516746412 0.06713780918727916
0 0.39354066985645936 0.2137809187279152 0.7870813397129187 0.0706713780918728
0 0.39952153110047844 0.27385159010600707 0.7990430622009569 0.07420494699646643
0 0.42822966507177035 0.3330388692579505 0.8564593301435407 0.061837455830388695
0 0.41985645933014354 0.3931095406360424 0.8397129186602871 0.07243816254416961
0 0.39952153110047844 0.4549469964664311 0.7990430622009569 0.06890459363957598
0 0.40311004784689 0.5167844522968198 0.80622009569378 0.06713780918727916
0 0.10406698564593302 0.5892226148409894 0.20334928229665072 0.04240282685512368
0 0.03110047846889952 0.6855123674911661 0.045454545454545456 0.022968197879858657
0 0.24162679425837322 0.7181978798586572 0.21291866028708134 0.054770318021201414