0 0.5014880952380952 0.03868194842406877 0.39285714285714285 0.07020057306590258
0 0.13020833333333334 0.06303724928366762 0.10714285714285714 0.03581661891117478
0 0.11755952380952381 0.10243553008595989 0.1056547619047619 0.03581661891117478
0 0.12946428571428573 0.14111747851002865 0.13839285714285715 0.04727793696275072
0 0.11755952380952381 0.17693409742120345 0.09077380952380952 0.044412607449856735
0 0.5074404761904762 0.07306590257879657 0.16517857142857142 0.04727793696275072
0 0.43005952380952384 0.11174785100286533 0.20089285714285715 0.05730659025787966
0 0.7321428571428571 0.11819484240687679 0.15476190476190477 0.05300859598853868
0 0.48139880952380953 0.15472779369627507 0.3913690476190476 0.06303724928366762
0 0.8742559523809523 0.15687679083094555 0.25148809523809523 0.055873925501432664
0 0.7998511904761905 0.20057306590257878 0.08630952380952381 0.04871060171919771
0 0.8020833333333334 0.23782234957020057 0.10267857142857142 0.044412607449856735
0 0.8883928571428571 0.27650429799426934 0.09672619047619048 0.027220630372492838
0 0.20089285714285715 0.4906876790830946 0.13392857142857142 0.04871060171919771
0 0.7299107142857143 0.5444126074498568 0.2663690476190476 0.03724928366762178
0 0.10342261904761904 0.5687679083094556 0.15327380952380953 0.04154727793696275
0 0.5930059523809523 0.5988538681948424 0.6934523809523809 0.07306590257879657
0 0.5736607142857143 0.6318051575931232 0.6577380952380952 0.0673352435530086
0 0.47619047619047616 0.663323782234957 0.46130952380952384 0.054441260744985676
0 0.8623511904761905 0.6797994269340975 0.17857142857142858 0.04871060171919771
0 0.09077380952380952 0.6439828080229226 0.08630952380952381 0.04871060171919771
0 0.3244047619047619 0.6941260744985673 0.03571428571428571 0.034383954154727794
0 0.4642857142857143 0.7027220630372493 0.18303571428571427 0.054441260744985676
0 0.6376488095238095 0.7077363896848138 0.06547619047619048 0.02865329512893983
0 0.8444940476190477 0.7177650429799427 0.22767857142857142 0.045845272206303724
0 0.6294642857142857 0.745702005730659 0.046130952380952384 0.03151862464183381
0 0.4337797619047619 0.7722063037249284 0.24553571428571427 0.055873925501432664
0 0.3072916666666667 0.830945558739255 0.10416666666666667 0.04011461318051576
0 0.4494047619047619 0.8459885386819485 0.09672619047619048 0.045845272206303724
0 0.3087797619047619 0.8703438395415473 0.052083333333333336 0.02865329512893983
0 0.4523809523809524 0.8861031518624641 0.03125 0.01862464183381089
0 0.5565476190476191 0.8767908309455588 0.044642857142857144 0.04154727793696275
0 0.30654761904761907 0.9032951289398281 0.044642857142857144 0.03151862464183381
0 0.45089285714285715 0.9169054441260746 0.03273809523809524 0.024355300859598854
0 0.5386904761904762 0.9140401146131805 0.044642857142857144 0.03724928366762178
0 0.6480654761904762 0.919054441260745 0.08482142857142858 0.034383954154727794
0 0.5431547619047619 0.9455587392550143 0.047619047619047616 0.02865329512893983
0 0.53125 0.9756446991404012 0.025297619047619048 0.027220630372492838
0 0.07068452380952381 0.9792263610315186 0.08779761904761904 0.015759312320916905