0 0.15789473684210525 0.028052805280528052 0.3157894736842105 0.04950495049504951
0 0.4903508771929825 0.018976897689768978 0.14912280701754385 0.037953795379537955
0 0.7350877192982456 0.018151815181518153 0.12982456140350876 0.036303630363036306
0 0.9263157894736842 0.017326732673267328 0.12982456140350876 0.034653465346534656
0 0.1850877192982456 0.10891089108910891 0.3701754385964912 0.0594059405940594
0 0.4956140350877193 0.10561056105610561 0.15263157894736842 0.0462046204620462
0 0.7385964912280701 0.09900990099009901 0.1280701754385965 0.04950495049504951
0 0.9377192982456141 0.09653465346534654 0.11052631578947368 0.04785478547854786
0 0.49912280701754386 0.320957095709571 0.9982456140350877 0.19966996699669967
0 0.4763157894736842 0.5181518151815182 0.9526315789473684 0.19636963696369636
0 0.5008771929824561 0.7120462046204621 0.9982456140350877 0.18646864686468648
0 0.5026315789473684 0.9075907590759076 0.9947368421052631 0.1848184818481848