0 0.0851063829787234 0.01060070671378092 0.13191489361702127 0.02120141342756184
0 0.4819148936170213 0.018551236749116608 0.5297872340425532 0.037102473498233215
0 0.24148936170212765 0.04946996466431095 0.44680851063829785 0.05653710247349823
0 0.6936170212765957 0.06713780918727916 0.10638297872340426 0.03356890459363958
0 0.2904255319148936 0.09982332155477032 0.5468085106382978 0.07597173144876325
0 0.22446808510638297 0.13427561837455831 0.42127659574468085 0.045936395759717315
0 0.12340425531914893 0.17226148409893993 0.21914893617021278 0.0353356890459364
0 0.14574468085106382 0.21819787985865724 0.16595744680851063 0.07950530035335689
0 0.1276595744680851 0.2791519434628975 0.15106382978723404 0.030035335689045935
0 0.1351063829787234 0.31007067137809186 0.2574468085106383 0.054770318021201414
0 0.5723404255319149 0.1855123674911661 0.32340425531914896 0.037102473498233215
0 0.5861702127659575 0.21731448763250882 0.676595744680851 0.07420494699646643
0 0.4223404255319149 0.24734982332155478 0.3595744680851064 0.06537102473498234
0 0.8085106382978723 0.2835689045936396 0.1574468085106383 0.05123674911660778
0 0.4553191489361702 0.36837455830388693 0.16808510638297872 0.05123674911660778
0 0.4542553191489362 0.41431095406360424 0.14680851063829786 0.045936395759717315
0 0.42872340425531913 0.46466431095406363 0.44468085106382976 0.0706713780918728
0 0.46808510638297873 0.5123674911660777 0.6510638297872341 0.07950530035335689
0 0.4531914893617021 0.558303886925795 0.5063829787234042 0.0706713780918728
0 0.4595744680851064 0.6060070671378092 0.6340425531914894 0.07773851590106007
0 0.5904255319148937 0.6475265017667845 0.12127659574468085 0.045936395759717315