0 0.5155624999999999 0.15611111111111112 0.76 0.15655555555555556
0 0.9241875 0.04033333333333333 0.08321875 0.06266666666666666
0 0.9538125000000001 0.08377777777777778 0.06803125 0.03938888888888889
0 0.025124999999999998 0.34500000000000003 0.02915625 0.07505555555555556
0 0.371375 0.3603888888888889 0.5758125 0.15016666666666667
0 0.01903125 0.45033333333333336 0.03778125 0.07605555555555556
0 0.02296875 0.5489999999999999 0.03821875 0.08505555555555556
0 0.02334375 0.6449444444444444 0.043437500000000004 0.07577777777777778
0 0.025 0.7471666666666668 0.03778125 0.07494444444444445
0 0.442875 0.44277777777777777 0.7113437499999999 0.13083333333333333
0 0.5425 0.5471666666666667 0.91503125 0.15755555555555556
0 0.44065624999999997 0.6427777777777778 0.72175 0.13294444444444445
0 0.79109375 0.9535555555555555 0.40774999999999995 0.06433333333333334