0 0.2891246684350133 0.030737704918032786 0.17771883289124668 0.028688524590163935
0 0.32360742705570295 0.10860655737704918 0.06631299734748011 0.03381147540983607
0 0.46220159151193635 0.11834016393442623 0.07427055702917772 0.03381147540983607
0 0.6080901856763926 0.11168032786885246 0.08885941644562334 0.04405737704918033
0 0.743368700265252 0.10860655737704918 0.07824933687002653 0.0194672131147541
0 0.6007957559681698 0.14344262295081966 0.14456233421750664 0.03483606557377049
0 0.3222811671087533 0.14754098360655737 0.015915119363395226 0.0194672131147541
0 0.5961538461538461 0.20901639344262296 0.32625994694960214 0.06352459016393443
0 0.5424403183023873 0.26588114754098363 0.31432360742705573 0.04815573770491803
0 0.5629973474801061 0.3048155737704918 0.3421750663129973 0.045081967213114756
0 0.5470822281167109 0.3406762295081967 0.3090185676392573 0.05327868852459016
0 0.5444297082228117 0.38063524590163933 0.3103448275862069 0.04610655737704918
0 0.27586206896551724 0.7622950819672131 0.2440318302387268 0.0389344262295082
0 0.24071618037135278 0.8002049180327869 0.10344827586206896 0.03278688524590164
0 0.5205570291777188 0.8058401639344263 0.17771883289124668 0.050204918032786885
0 0.3123342175066313 0.8411885245901639 0.2493368700265252 0.03278688524590164
0 0.2592838196286472 0.8770491803278688 0.1259946949602122 0.03381147540983607
0 0.46153846153846156 0.8755122950819673 0.13660477453580902 0.03790983606557377
0 0.5371352785145889 0.9277663934426229 0.027851458885941646 0.020491803278688523