0 0.1588628762541806 0.11392405063291139 0.18729096989966554 0.08227848101265822
0 0.21739130434782608 0.1571729957805907 0.28762541806020064 0.09282700421940929
0 0.47324414715719065 0.15611814345991562 0.05518394648829431 0.05485232067510549
0 0.46070234113712377 0.21308016877637131 0.05016722408026756 0.05907172995780591
0 0.23662207357859533 0.26371308016877637 0.33444816053511706 0.08649789029535865
0 0.5919732441471572 0.28164556962025317 0.1254180602006689 0.07172995780590717
0 0.6948160535117057 0.33649789029535865 0.32608695652173914 0.0970464135021097
0 0.3595317725752508 0.39556962025316456 0.5752508361204013 0.10759493670886076
0 0.18729096989966554 0.44831223628691985 0.16387959866220736 0.06540084388185655
0 0.44648829431438125 0.4525316455696203 0.13879598662207357 0.06962025316455696
0 0.5075250836120402 0.5116033755274262 0.051839464882943144 0.04852320675105485
0 0.45652173913043476 0.569620253164557 0.697324414715719 0.10970464135021098
0 0.3904682274247492 0.630801687763713 0.5769230769230769 0.0970464135021097
0 0.2399665551839465 0.7278481012658228 0.3695652173913043 0.08227848101265822
0 0.2993311036789298 0.8428270042194093 0.47157190635451507 0.08860759493670886
0 0.25 0.8955696202531646 0.32608695652173914 0.08649789029535865
0 0.4080267558528428 0.9556962025316456 0.6287625418060201 0.08860759493670886