0 0.12869017632241814 0.12620805369127516 0.13471032745591938 0.042315436241610736
0 0.137455919395466 0.1634228187919463 0.21574307304785895 0.05251677852348993
0 0.47914357682619646 0.1174496644295302 0.18947103274559193 0.05107382550335571
0 0.44627204030226697 0.15610738255033557 0.1544080604534005 0.040838926174496644
0 0.10841309823677582 0.23345637583892614 0.06133501259445844 0.040838926174496644
0 0.4304030226700252 0.2276174496644295 0.13360201511335013 0.04375838926174496
0 0.11007556675062972 0.3092953020134228 0.0383375314861461 0.06419463087248321
0 0.3636020151133501 0.27503355704697985 0.1817884130982368 0.053993288590604024
0 0.43697732997481104 0.3085906040268456 0.34387909319899246 0.05107382550335571
0 0.2606549118387909 0.4311409395973154 0.08979848866498741 0.048154362416107384
0 0.3197984886649874 0.47855704697986584 0.6329974811083123 0.07003355704697987
0 0.27652392947103277 0.5558724832214765 0.10183879093198993 0.055436241610738256
0 0.3307304785894207 0.6032885906040268 0.5694962216624685 0.0714765100671141
0 0.3197984886649874 0.6477852348993288 0.6329974811083123 0.0612751677852349
0 0.3176070528967255 0.6959395973154362 0.6329974811083123 0.06711409395973154
0 0.3170528967254408 0.7404362416107383 0.6341057934508816 0.06855704697986577
0 0.3181360201511335 0.7856711409395973 0.6362972292191436 0.06275167785234899
0 0.31869017632241814 0.8316442953020134 0.6373803526448363 0.07003355704697987
0 0.30554156171284635 0.8775838926174496 0.6111083123425693 0.06567114093959732
0 0.3181360201511335 0.9228187919463087 0.6297229219143576 0.06855704697986577
0 0.3203274559193955 0.9694966442953021 0.6319143576826196 0.056912751677852355
0 0.9270528967254409 0.11087248322147651 0.14347607052896727 0.02919463087248322
0 0.8794710327455919 0.18164429530201343 0.24105793450881613 0.03647651006711409
0 0.792896725440806 0.22104026845637587 0.06571788413098237 0.03355704697986577
0 0.8602518891687657 0.27865771812080536 0.20042821158690174 0.03211409395973155
0 0.9008312342569269 0.32973154362416107 0.19833753148614608 0.03211409395973155
0 0.8465743073047858 0.3786241610738255 0.08103274559193956 0.03063758389261745
0 0.9638035264483628 0.43187919463087243 0.07239294710327455 0.02919463087248322
0 0.9145340050377834 0.46835570469798654 0.17095717884130984 0.03211409395973155
0 0.9145340050377834 0.7010402684563758 0.17095717884130984 0.03355704697986577
0 0.9451889168765744 0.7528523489932886 0.1096221662468514 0.03211409395973155
0 0.9161712846347607 0.7878523489932886 0.16768261964735515 0.03211409395973155
0 0.9594206549118388 0.8403691275167785 0.08115869017632242 0.03791946308724833
0 0.8690176322418136 0.8703020134228189 0.07337531486146096 0.03355704697986577
0 0.9150629722921914 0.9016778523489932 0.16984886649874056 0.03211409395973155
0 0.9588664987405542 0.9512751677852349 0.08224181360201512 0.0262751677852349