0 0.5048671096345515 0.15166874221668744 0.7368272425249169 0.05603985056039851
0 0.5612292358803987 0.1863511830635118 0.7214119601328904 0.04892901618929016
0 0.4983388704318937 0.21971357409713574 0.6620764119601329 0.03914072229140722
0 0.35714285714285715 0.2521793275217933 0.40579734219269104 0.045367372353673725
0 0.4627408637873754 0.3104483188044832 0.6217441860465117 0.05870485678704857
0 0.5173255813953489 0.35092154420921545 0.5861461794019934 0.038244084682440845
0 0.5368936877076411 0.38338729763387297 0.6490199335548172 0.03201743462017435
0 0.5250332225913621 0.4145205479452055 0.6798837209302326 0.04092154420921544
0 0.4075747508305648 0.4763387297633873 0.5232558139534884 0.05603985056039851
0 0.45088039867109636 0.5105853051058531 0.5197009966777408 0.037359900373599
0 0.53156146179402 0.5470610211706103 0.7000498338870432 0.049813200498132
0 0.4141029900332226 0.6017559153175591 0.545797342192691 0.04892901618929016
0 0.485282392026578 0.6413449564134496 0.5742691029900332 0.04092154420921544
0 0.5173255813953489 0.6787048567870486 0.6858139534883722 0.04270236612702366
0 0.5001162790697674 0.7325155666251557 0.7154651162790697 0.05069738480697385
0 0.536312292358804 0.7672104607721046 0.6098671096345515 0.03469489414694894
0 0.5036710963455149 0.8063511830635118 0.6015614617940199 0.036475716064757156
0 0.501312292358804 0.845491905354919 0.618172757475083 0.05603985056039851