0 0.290484375 0.20028125000000002 0.09517187499999999 0.03409375
0 0.4609375 0.158375 0.11221874999999999 0.032671875
0 0.600140625 0.132109375 0.055390625000000006 0.019890625000000002
0 0.44176562500000005 0.20242187500000003 0.09090625 0.024140625
0 0.558234375 0.207390625 0.045453125 0.019890625000000002
0 0.688203125 0.168328125 0.0838125 0.0213125
0 0.25568749999999996 0.284796875 0.0568125 0.024140625
0 0.14275 0.31462500000000004 0.055390625000000006 0.0213125
0 0.462359375 0.27131249999999996 0.49006249999999996 0.144890625
0 0.49431250000000004 0.34587500000000004 0.59090625 0.171875
0 0.46378125 0.4375 0.524140625 0.15909374999999998
0 0.540484375 0.5056875 0.5724375 0.173296875
0 0.546171875 0.8188906250000001 0.46448437499999995 0.046875
0 0.8046875 0.750703125 0.29971875 0.0411875
0 0.808953125 0.644171875 0.31960937500000003 0.032671875
0 0.810375 0.579546875 0.163359375 0.0255625