0 0.5052395209580839 0.07539682539682539 0.8907185628742516 0.06190476190476191
0 0.48577844311377244 0.16031746031746033 0.8458083832335329 0.06349206349206349
0 0.49700598802395207 0.24444444444444444 0.8802395209580839 0.05873015873015873
0 0.48502994011976047 0.3261904761904762 0.8607784431137725 0.05714285714285714
0 0.48577844311377244 0.4174603174603175 0.8622754491017964 0.05873015873015873
0 0.5082335329341318 0.503968253968254 0.9221556886227545 0.06190476190476191
0 0.5029940119760479 0.5944444444444444 0.9251497005988024 0.06031746031746032
0 0.5134730538922155 0.6738095238095239 0.9026946107784432 0.06349206349206349
0 0.5112275449101796 0.7619047619047619 0.9086826347305389 0.05238095238095238
0 0.5074850299401198 0.8492063492063492 0.9011976047904192 0.05555555555555555
0 0.5232035928143712 0.930952380952381 0.9356287425149701 0.06031746031746032