0 0.19085173501577288 0.06598240469208211 0.2555205047318612 0.02932551319648094
0 0.8091482649842271 0.062316715542521994 0.11356466876971609 0.02785923753665689
0 0.46608832807570977 0.12976539589442815 0.8028391167192429 0.024926686217008796
0 0.4692429022082019 0.15175953079178886 0.805993690851735 0.024926686217008796
0 0.4676656151419558 0.17155425219941348 0.8028391167192429 0.02346041055718475
0 0.4668769716088328 0.19134897360703812 0.804416403785489 0.01906158357771261
0 0.2444794952681388 0.2155425219941349 0.35962145110410093 0.020527859237536656
0 0.49842271293375395 0.3020527859237537 0.8643533123028391 0.04105571847507331
0 0.4865930599369085 0.37609970674486803 0.8280757097791798 0.039589442815249266
0 0.47082018927444796 0.44941348973607037 0.8028391167192429 0.04838709677419355
0 0.44242902208201895 0.5263929618768328 0.7586750788643533 0.0469208211143695
0 0.49369085173501576 0.6011730205278593 0.8769716088328076 0.04398826979472141
0 0.4889589905362776 0.6700879765395894 0.8643533123028391 0.04398826979472141
0 0.5126182965299685 0.7470674486803519 0.9022082018927445 0.04252199413489736
0 0.4676656151419558 0.8255131964809385 0.8186119873817035 0.04398826979472141
0 0.47397476340694006 0.8988269794721407 0.8154574132492114 0.04105571847507331