0 0.49319940476190477 0.06832093517534539 0.8248363095238095 0.0789479277364506
0 0.4804464285714286 0.12069075451647183 0.7865625 0.08653560042507971
0 0.4113541666666667 0.15865037194473963 0.656889880952381 0.07742826780021254
0 0.20833333333333334 0.2588416578108395 0.11904761904761904 0.047066950053134965
0 0.5293303571428571 0.30134962805526033 0.8801041666666666 0.08045696068012752
0 0.19239583333333332 0.35373007438894793 0.20620535714285712 0.0485759829968119
0 0.43049107142857146 0.3939532412327311 0.6738988095238095 0.06528161530286929
0 0.39328869047619053 0.44785334750265676 0.6122470238095238 0.06680127523910734
0 0.35288690476190476 0.49719447396386823 0.5144494047619047 0.056174282678002126
0 0.35183035714285715 0.5465356004250796 0.5250892857142857 0.0728692879914984
0 0.48150297619047616 0.6353453772582359 0.2657291666666667 0.05920297555791711
0 0.495327380952381 0.6755685441020192 0.17007440476190477 0.0485759829968119
0 0.3752083333333333 0.7347821466524973 0.44430059523809523 0.06982996811902231
0 0.39752976190476186 0.7826036131774707 0.5994940476190477 0.062242295430393196
0 0.5548511904761905 0.8311795961742826 0.7823065476190477 0.06528161530286929
0 0.5155208333333333 0.8767268862911796 0.8141964285714286 0.062242295430393196
0 0.2710416666666666 0.9199893730074389 0.33376488095238094 0.05769394261424017
0 0.21790178571428573 0.9571838469713072 0.22321428571428573 0.050095642933049946