0 0.19679144385026737 0.06403703703703703 0.3737967914438503 0.03381481481481482
0 0.06144385026737968 0.09366666666666666 0.10679144385026737 0.02748148148148148
0 0.22315508021390373 0.127 0.43411764705882355 0.04544444444444444
0 0.4813903743315508 0.12766666666666665 0.06438502673796791 0.025592592592592594
0 0.8402139037433155 0.13255555555555557 0.11358288770053475 0.029037037037037035
0 0.7139572192513368 0.05318518518518518 0.46080213903743317 0.02907407407407407
0 0.7191443850267379 0.09129629629629629 0.1693582887700535 0.03751851851851852
0 0.2913368983957219 0.1741111111111111 0.07775401069518716 0.025333333333333333
0 0.6929946524064171 0.1794074074074074 0.30422459893048126 0.035925925925925924
0 0.44967914438502676 0.39066666666666666 0.14609625668449197 0.07107407407407408
0 0.519572192513369 0.4902592592592593 0.5074331550802139 0.05437037037037037
0 0.5319786096256685 0.5286296296296296 0.6659358288770053 0.04644444444444444
0 0.5128877005347593 0.5705555555555556 0.5055080213903743 0.049851851851851856
0 0.5527807486631017 0.6159629629629629 0.7037433155080214 0.05170370370370371
0 0.48711229946524065 0.6540370370370371 0.4501069518716578 0.0495925925925926
0 0.5350267379679144 0.697037037037037 0.6720320855614973 0.050888888888888886
0 0.5932620320855615 0.7376666666666666 0.6624598930481284 0.051666666666666666
0 0.6004812834224599 0.7778518518518519 0.7990909090909091 0.05588888888888889
0 0.5671122994652407 0.821111111111111 0.613957219251337 0.05140740740740741
0 0.5501069518716578 0.8637407407407408 0.7060427807486631 0.05614814814814815
0 0.8020320855614973 0.9493333333333334 0.08304812834224598 0.01988888888888889