0 0.46666015625 0.07462686567164178 0.933310546875 0.12488272921108742
0 0.439453125 0.1439232409381663 0.87611328125 0.0928997867803838
0 0.426201171875 0.2254051172707889 0.85240234375 0.11879530916844351
0 0.438056640625 0.2947014925373134 0.87611328125 0.11422174840085288
0 0.47572265625 0.3685607675906183 0.951455078125 0.12488272921108742
0 0.477119140625 0.43252665245202554 0.95423828125 0.11879530916844351
0 0.438056640625 0.5132515991471216 0.87611328125 0.12184434968017058
0 0.463173828125 0.5802665245202558 0.926337890625 0.12184434968017058
0 0.42271484375 0.6526012793176972 0.845419921875 0.12335820895522387
0 0.47154296875 0.7173347547974414 0.943076171875 0.11269722814498934
0 0.41224609375 0.7851066098081023 0.824501953125 0.09899786780383796
0 0.186240234375 0.8406929637526653 0.372490234375 0.08833688699360341