0 0.5010059171597633 0.83 0.11810650887573965 0.026140939597315435
0 0.5014792899408284 0.7453020134228188 0.03710059171597633 0.030268456375838925
0 0.11325443786982249 0.908221476510067 0.14366863905325444 0.029731543624161073
0 0.2593491124260355 0.46805369127516777 0.31751479289940826 0.047885906040268454
0 0.44775147928994086 0.17825503355704697 0.7307100591715976 0.056979865771812084
0 0.04816568047337279 0.0786241610738255 0.040769230769230766 0.01879194630872483
0 0.05591715976331361 0.09758389261744965 0.06538461538461539 0.019563758389261745
0 0.5126035502958579 0.24305369127516782 0.8559171597633136 0.04614093959731544
0 0.46911242603550296 0.2829530201342282 0.7826035502958579 0.041208053691275164
0 0.5346745562130177 0.3425838926174497 0.9136686390532545 0.040704697986577186
0 0.5349112426035503 0.37536912751677853 0.8913609467455621 0.04224832214765101
0 0.2991715976331361 0.4008053691275168 0.3993491124260355 0.035268456375838926