0 0.5255681818181818 0.1322314049586777 0.8181818181818182 0.06198347107438017
0 0.5142045454545454 0.1652892561983471 0.7897727272727273 0.049586776859504134
0 0.5056818181818182 0.1962809917355372 0.7670454545454546 0.05785123966942149
0 0.5255681818181818 0.22520661157024793 0.7897727272727273 0.05371900826446281
0 0.48863636363636365 0.25206611570247933 0.7215909090909091 0.045454545454545456
0 0.5 0.2809917355371901 0.7386363636363636 0.049586776859504134
0 0.48295454545454547 0.31611570247933884 0.7159090909090909 0.045454545454545456
0 0.5085227272727273 0.3409090909090909 0.7386363636363636 0.05371900826446281
0 0.5028409090909091 0.371900826446281 0.7272727272727273 0.049586776859504134
0 0.5142045454545454 0.40289256198347106 0.7613636363636364 0.05371900826446281
0 0.5198863636363636 0.4297520661157025 0.7670454545454546 0.049586776859504134
0 0.4971590909090909 0.4628099173553719 0.7272727272727273 0.05371900826446281
0 0.53125 0.49173553719008267 0.7727272727272727 0.05785123966942149
0 0.4772727272727273 0.518595041322314 0.6818181818181818 0.05371900826446281
0 0.4914772727272727 0.5475206611570248 0.7102272727272727 0.045454545454545456
0 0.1903409090909091 0.5743801652892562 0.10227272727272728 0.028925619834710745
0 0.7357954545454546 0.6838842975206612 0.30113636363636365 0.05371900826446281