0 0.4766666666666667 0.024328859060402684 0.18333333333333332 0.030201342281879196
0 0.9175 0.03859060402684564 0.085 0.025167785234899327
0 0.6716666666666666 0.08137583892617449 0.5733333333333334 0.03859060402684564
0 0.6666666666666666 0.09731543624161074 0.5683333333333334 0.040268456375838924
0 0.67 0.13003355704697986 0.5733333333333334 0.04194630872483222
0 0.42916666666666664 0.13758389261744966 0.09166666666666666 0.02181208053691275
0 0.6666666666666666 0.20973154362416108 0.5666666666666667 0.08557046979865772
0 0.6466666666666666 0.2751677852348993 0.535 0.08389261744966443
0 0.6583333333333333 0.33053691275167785 0.5616666666666666 0.08557046979865772
0 0.6608333333333334 0.3825503355704698 0.5783333333333334 0.08557046979865772
0 0.6333333333333333 0.43708053691275167 0.53 0.08053691275167785
0 0.6358333333333334 0.4983221476510067 0.5366666666666666 0.087248322147651
0 0.6558333333333334 0.5570469798657718 0.5866666666666667 0.08557046979865772
0 0.6325 0.6174496644295302 0.5416666666666666 0.09395973154362416
0 0.6425 0.674496644295302 0.5683333333333334 0.07214765100671142
0 0.46166666666666667 0.7248322147651006 0.20333333333333334 0.07214765100671142
0 0.38666666666666666 0.8506711409395973 0.05333333333333334 0.02181208053691275