0 0.48737373737373735 0.05263157894736842 0.9747474747474747 0.10526315789473684
0 0.4696969696969697 0.09868421052631579 0.9393939393939394 0.10087719298245613
0 0.4823232323232323 0.1513157894736842 0.9646464646464646 0.10087719298245613
0 0.31313131313131315 0.21710526315789475 0.6262626262626263 0.09210526315789473
0 0.45707070707070707 0.31798245614035087 0.9141414141414141 0.10964912280701754
0 0.45454545454545453 0.36622807017543857 0.9090909090909091 0.10964912280701754
0 0.09343434343434344 0.4276315789473684 0.18686868686868688 0.05701754385964912
0 0.41414141414141414 0.5197368421052632 0.8282828282828283 0.07894736842105263
0 0.41919191919191917 0.5833333333333334 0.8383838383838383 0.11842105263157894
0 0.3787878787878788 0.6403508771929824 0.7525252525252525 0.10087719298245613
0 0.4444444444444444 0.6885964912280702 0.8787878787878788 0.10964912280701754
0 0.3686868686868687 0.7324561403508771 0.7171717171717171 0.09210526315789473
0 0.43434343434343436 0.7960526315789473 0.8484848484848485 0.11403508771929824
0 0.4166666666666667 0.8574561403508771 0.8080808080808081 0.12280701754385964
0 0.35858585858585856 0.9122807017543859 0.6868686868686869 0.10964912280701754
0 0.11616161616161616 0.9890350877192983 0.1919191919191919 0.021929824561403508