0 0.48811544991511036 0.03366583541147132 0.8471986417657046 0.05486284289276808
0 0.5050933786078099 0.05860349127182045 0.9456706281833617 0.04987531172069826
0 0.4796264855687606 0.09164588528678304 0.8777589134125636 0.05112219451371571
0 0.5093378607809848 0.1172069825436409 0.933786078098472 0.057356608478802994
0 0.4906621392190153 0.14526184538653367 0.8998302207130731 0.046134663341645885
0 0.4940577249575552 0.1770573566084788 0.8828522920203735 0.04738154613466334
0 0.44227504244482174 0.20511221945137156 0.765704584040747 0.043640897755610975
0 0.5466893039049237 0.22506234413965087 0.831918505942275 0.05361596009975062
0 0.499151103565365 0.25561097256857856 0.8896434634974533 0.0399002493765586
0 0.5203735144312394 0.286783042394015 0.9286926994906621 0.05486284289276808
0 0.5025466893039049 0.3160847880299252 0.8896434634974533 0.05361596009975062
0 0.5008488964346349 0.341645885286783 0.8760611205432938 0.05236907730673317
0 0.1867572156196944 0.3778054862842893 0.24108658743633277 0.034912718204488775
0 0.5636672325976231 0.39713216957605985 0.831918505942275 0.05860349127182045
0 0.5076400679117148 0.42581047381546133 0.9643463497453311 0.05860349127182045
0 0.5084889643463497 0.4551122194513716 0.9422750424448217 0.04738154613466334
0 0.499151103565365 0.48316708229426436 0.9168081494057725 0.05112219451371571
0 0.4940577249575552 0.5099750623441397 0.9100169779286927 0.04738154613466334
0 0.47877758913412566 0.5399002493765586 0.8590831918505942 0.04738154613466334
0 0.5271646859083192 0.5692019950124688 0.9422750424448217 0.05112219451371571
0 0.4592529711375212 0.5972568578553616 0.7419354838709677 0.05486284289276808
0 0.5407470288624788 0.649002493765586 0.8064516129032258 0.046134663341645885
0 0.47113752122241087 0.6783042394014963 0.8641765704584041 0.04239401496259352
0 0.5118845500848896 0.7094763092269327 0.9320882852292021 0.04488778054862843
0 0.5288624787775892 0.736284289276808 0.9388794567062818 0.05610972568578554
0 0.5254668930390493 0.7643391521197007 0.8879456706281834 0.04987531172069826
0 0.5195246179966044 0.7948877805486284 0.8998302207130731 0.05361596009975062
0 0.267402376910017 0.82356608478803 0.3921901528013582 0.03615960099750624
0 0.5738539898132428 0.8746882793017456 0.8522920203735145 0.05610972568578554
0 0.5059422750424448 0.9083541147132169 0.8692699490662139 0.05860349127182045
0 0.534804753820034 0.9345386533665836 0.9303904923599321 0.048628428927680795
0 0.5288624787775892 0.9682044887780549 0.9185059422750425 0.05361596009975062