0 0.21551724137931033 0.005303030303030303 0.2793103448275862 0.010606060606060607
0 0.8931034482758621 0.011363636363636364 0.12241379310344827 0.012121212121212121
0 0.5181034482758621 0.06439393939393939 0.8775862068965518 0.045454545454545456
0 0.5163793103448275 0.08787878787878788 0.8793103448275862 0.03787878787878788
0 0.5181034482758621 0.10606060606060606 0.8793103448275862 0.04090909090909091
0 0.5129310344827587 0.1303030303030303 0.8758620689655172 0.04090909090909091
0 0.5146551724137931 0.15227272727272728 0.8775862068965518 0.03939393939393939
0 0.5172413793103449 0.1734848484848485 0.8793103448275862 0.04242424242424243
0 0.20517241379310344 0.19015151515151515 0.2603448275862069 0.030303030303030304
0 0.5353448275862069 0.2916666666666667 0.9293103448275862 0.06212121212121212
0 0.47844827586206895 0.36893939393939396 0.8137931034482758 0.05909090909090909
0 0.5103448275862069 0.44545454545454544 0.9206896551724137 0.06515151515151515
0 0.5232758620689655 0.5234848484848484 0.9517241379310345 0.06515151515151515
0 0.5232758620689655 0.5962121212121212 0.95 0.06515151515151515
0 0.5155172413793103 0.6765151515151515 0.9137931034482759 0.05454545454545454
0 0.5077586206896552 0.7568181818181818 0.8931034482758621 0.06666666666666667
0 0.44655172413793104 0.8318181818181818 0.7724137931034483 0.05909090909090909
0 0.5086206896551724 0.9136363636363637 0.9172413793103448 0.05303030303030303
0 0.453448275862069 0.9772727272727273 0.803448275862069 0.045454545454545456