0 0.316497461928934 0.13674509803921567 0.06720812182741116 0.035490196078431374
0 0.4755329949238579 0.14866666666666664 0.07395939086294416 0.030000000000000002
0 0.6051269035532995 0.1460392156862745 0.08274111675126904 0.04568627450980392
0 0.7271573604060914 0.14419607843137255 0.06614213197969543 0.023215686274509803
0 0.4906091370558376 0.17545098039215687 0.12776649746192895 0.031294117647058826
0 0.4983756345177665 0.22015686274509805 0.7997969543147209 0.05168627450980392
0 0.21111675126903556 0.5046274509803922 0.2184771573604061 0.036980392156862746
0 0.3257868020304569 0.6586274509803921 0.4546700507614213 0.04796078431372549
0 0.5110659898477158 0.6897647058823528 0.7473096446700508 0.0432156862745098
0 0.48959390862944163 0.7271372549019607 0.7821827411167512 0.04690196078431373
0 0.49126903553299495 0.7694901960784314 0.7923350253807107 0.04584313725490196
0 0.49974619289340105 0.8070196078431372 0.7889340101522841 0.041372549019607845
0 0.5034517766497463 0.8394509803921568 0.7896446700507614 0.04972549019607843
0 0.21380710659898475 0.8721176470588234 0.22385786802030458 0.031411764705882354
0 0.4790862944162436 0.925843137254902 0.02350253807106599 0.025921568627450983