0 0.07773851590106007 0.13425925925925927 0.10424028268551237 0.03306878306878307
0 0.4708480565371025 0.164021164021164 0.911660777385159 0.07671957671957672
0 0.25618374558303886 0.20502645502645503 0.411660777385159 0.05423280423280423
0 0.4284452296819788 0.25396825396825395 0.8109540636042403 0.07275132275132275
0 0.48144876325088337 0.2863756613756614 0.9204946996466431 0.08068783068783068
0 0.508833922261484 0.32407407407407407 0.9134275618374559 0.07539682539682539
0 0.5141342756183745 0.36177248677248675 0.9134275618374559 0.07671957671957672
0 0.5229681978798587 0.39814814814814814 0.9257950530035336 0.07142857142857142
0 0.5203180212014135 0.4351851851851852 0.8992932862190812 0.07671957671957672
0 0.5026501766784452 0.47685185185185186 0.8604240282685512 0.07275132275132275
0 0.2924028268551237 0.5132275132275133 0.4293286219081272 0.07275132275132275
0 0.5415194346289752 0.5502645502645502 0.9063604240282686 0.07671957671957672
0 0.5397526501766784 0.5992063492063492 0.9028268551236749 0.082010582010582
0 0.5229681978798587 0.6395502645502645 0.8745583038869258 0.07804232804232804
0 0.5300353356890459 0.6779100529100529 0.8992932862190812 0.08333333333333333
0 0.5379858657243817 0.7222222222222222 0.9240282685512368 0.09523809523809523
0 0.47703180212014135 0.7671957671957672 0.7968197879858657 0.08597883597883597