0 0.483271375464684 0.05420054200542006 0.1775092936802974 0.03116531165311653
0 0.04879182156133829 0.12737127371273713 0.05390334572490706 0.04336043360433604
0 0.08131970260223048 0.27371273712737126 0.04368029739776952 0.03929539295392954
0 0.08085501858736059 0.38414634146341464 0.04368029739776952 0.032520325203252036
0 0.09293680297397769 0.9640921409214093 0.046468401486988845 0.03523035230352303
0 0.2527881040892193 0.12127371273712736 0.20631970260223048 0.05013550135501355
0 0.38940520446096655 0.2682926829268293 0.3949814126394052 0.06233062330623306
0 0.41263940520446096 0.3008130081300813 0.4284386617100372 0.058265582655826556
0 0.37407063197026025 0.3421409214092141 0.354089219330855 0.06097560975609756
0 0.3712825278810409 0.41192411924119243 0.3048327137546468 0.04742547425474255
0 0.48652416356877326 0.4444444444444444 0.2862453531598513 0.056910569105691054
0 0.29600371747211895 0.5230352303523035 0.17007434944237917 0.044715447154471545
0 0.4930297397769517 0.5149051490514905 0.14776951672862454 0.04065040650406504
0 0.1570631970260223 0.16395663956639567 0.02137546468401487 0.024390243902439025
0 0.3141263940520446 0.15921409214092141 0.25743494423791824 0.058265582655826556
0 0.1575278810408922 0.20121951219512196 0.017657992565055763 0.02710027100271003
0 0.32481412639405205 0.1897018970189702 0.2815985130111524 0.044715447154471545
0 0.16031598513011153 0.24390243902439024 0.022304832713754646 0.032520325203252036
0 0.35734200743494426 0.23238482384823847 0.3308550185873606 0.058265582655826556
0 0.1928438661710037 0.3861788617886179 0.02973977695167286 0.02710027100271003
0 0.3517657992565056 0.37466124661246614 0.2555762081784387 0.04200542005420054
0 0.18912639405204462 0.49254742547425473 0.028810408921933085 0.03387533875338753
0 0.3596654275092937 0.4898373983739837 0.2620817843866171 0.05420054200542006
0 0.30436802973977695 0.5630081300813008 0.18773234200743494 0.052845528455284556
0 0.2606877323420074 0.5975609756097561 0.1812267657992565 0.04200542005420054
0 0.3461895910780669 0.6334688346883469 0.29646840148698883 0.052845528455284556
0 0.28903345724907065 0.6673441734417345 0.1449814126394052 0.04065040650406504
0 0.20353159851301114 0.7113821138211383 0.02695167286245353 0.02710027100271003
0 0.33039033457249073 0.709349593495935 0.17657992565055763 0.051490514905149054
0 0.3229553903345725 0.7486449864498645 0.16821561338289961 0.058265582655826556
0 0.20306691449814127 0.8157181571815718 0.027881040892193308 0.02710027100271003
0 0.35687732342007433 0.8116531165311653 0.21561338289962825 0.05013550135501355
0 0.42890334572490707 0.8462059620596206 0.38847583643122674 0.058265582655826556
0 0.2871747211895911 0.8861788617886179 0.10687732342007435 0.04607046070460705
0 0.20910780669144982 0.964769647696477 0.06412639405204461 0.04742547425474255
0 0.29321561338289964 0.9559620596205962 0.041821561338289966 0.024390243902439025
0 0.40613382899628253 0.9525745257452575 0.06133828996282528 0.03387533875338753
0 0.2908921933085502 0.989159891598916 0.031598513011152414 0.02168021680216802
0 0.4052044609665427 0.986449864498645 0.05947955390334572 0.02710027100271003