0 0.1721311475409836 0.00984251968503937 0.19344262295081968 0.01968503937007874
0 0.5491803278688525 0.01115485564304462 0.2 0.02230971128608924
0 0.9188524590163935 0.010498687664041995 0.16229508196721312 0.02099737532808399
0 0.4057377049180328 0.12073490813648294 0.5868852459016394 0.13385826771653545
0 0.4516393442622951 0.23753280839895013 0.9032786885245901 0.12073490813648294
0 0.43934426229508194 0.3484251968503937 0.8786885245901639 0.1220472440944882
0 0.48278688524590163 0.46194225721784776 0.9655737704918033 0.12073490813648294
0 0.41475409836065574 0.5616797900262467 0.8295081967213115 0.13648293963254593
0 0.3778688524590164 0.681758530183727 0.7557377049180328 0.12467191601049869
0 0.38278688524590165 0.7841207349081365 0.7639344262295082 0.1141732283464567
0 0.47295081967213115 0.8996062992125984 0.9327868852459016 0.1272965879265092