0 0.4611166666666667 0.07777777777777778 0.8488833333333333 0.0726
0 0.5022166666666666 0.11926666666666667 0.8622166666666667 0.06666666666666667
0 0.47555 0.17777777777777778 0.82 0.07111111111111111
0 0.4588833333333333 0.2303777777777778 0.76 0.08148888888888889
0 0.49721666666666664 0.2785111111111111 0.8166666666666667 0.07704444444444444
0 0.34278333333333333 0.32073333333333337 0.15888333333333332 0.054822222222222224
0 0.4866666666666667 0.3762888888888889 0.8266666666666667 0.07406666666666667
0 0.48278333333333334 0.42073333333333335 0.8166666666666667 0.05628888888888889
0 0.4772166666666666 0.48148888888888886 0.80555 0.07406666666666667
0 0.49833333333333335 0.5274 0.8322166666666666 0.06222222222222222
0 0.47833333333333333 0.5837111111111112 0.80555 0.08
0 0.12445 0.6170444444444445 0.08888333333333333 0.054822222222222224
0 0.635 0.7037111111111112 0.10554999999999999 0.035555555555555556
0 0.6338833333333334 0.7422222222222222 0.19666666666666666 0.044444444444444446
0 0.57945 0.8555555555555555 0.19 0.13184444444444443
0 0.7061166666666667 0.9429555555555555 0.30111666666666664 0.09628888888888888