0 0.2015 0.20453333333333334 0.4030333333333333 0.08183333333333334
0 0.18586666666666665 0.2914 0.17576666666666665 0.07776666666666666
0 0.018166666666666668 0.3858666666666667 0.03233333333333333 0.022233333333333334
0 0.13433333333333333 0.41363333333333335 0.2687 0.0212
0 0.13586666666666666 0.4368666666666667 0.2717333333333333 0.0192
0 0.20506666666666667 0.46159999999999995 0.4101 0.0202
0 0.04343333333333333 0.6611 0.08686666666666666 0.025266666666666666
0 0.19193333333333332 0.6873666666666667 0.38383333333333336 0.025266666666666666
0 0.6232333333333333 0.07473333333333333 0.18183333333333332 0.022233333333333334
0 0.75 0.0985 0.36263333333333336 0.02323333333333333
0 0.6525333333333333 0.12173333333333335 0.16363333333333335 0.029299999999999996
0 0.6555666666666666 0.3146333333333333 0.3030333333333333 0.02323333333333333
0 0.7171666666666667 0.3384 0.3555666666666667 0.022233333333333334
0 0.7444333333333334 0.36363333333333336 0.41213333333333335 0.024233333333333332
0 0.7368666666666667 0.5575666666666667 0.40099999999999997 0.026266666666666667
0 0.7803 0.5818333333333334 0.4171666666666667 0.02826666666666667
0 0.6555666666666666 0.6096 0.12526666666666667 0.0212
0 0.7858666666666666 0.6333333333333333 0.42826666666666663 0.024233333333333332
0 0.6995 0.8535333333333334 0.32626666666666665 0.024233333333333332