0 0.46102150537634407 0.03664921465968586 0.6989247311827957 0.07329842931937172
0 0.5147849462365591 0.07853403141361257 0.532258064516129 0.07068062827225131
0 0.6639784946236559 0.12172774869109948 0.5994623655913979 0.06544502617801047
0 0.5241935483870968 0.15968586387434555 0.8360215053763441 0.07853403141361257
0 0.478494623655914 0.20680628272251309 0.8924731182795699 0.07853403141361257
0 0.0793010752688172 0.24083769633507854 0.06989247311827956 0.03926701570680628
0 0.3064516129032258 0.2892670157068063 0.5564516129032258 0.07068062827225131
0 0.41263440860215056 0.3324607329842932 0.7580645161290323 0.07068062827225131
0 0.43951612903225806 0.38219895287958117 0.8064516129032258 0.08376963350785341
0 0.3010752688172043 0.4162303664921466 0.3064516129032258 0.04712041884816754
0 0.4825268817204301 0.4620418848167539 0.9005376344086021 0.07591623036649214
0 0.16666666666666666 0.5052356020942408 0.29301075268817206 0.04712041884816754
0 0.4852150537634409 0.5523560209424084 0.9166666666666666 0.09162303664921466
0 0.3239247311827957 0.6007853403141361 0.6021505376344086 0.08115183246073299
0 0.47580645161290325 0.6387434554973822 0.9086021505376344 0.08115183246073299
0 0.47580645161290325 0.6858638743455497 0.9112903225806451 0.07853403141361257
0 0.27419354838709675 0.7369109947643979 0.510752688172043 0.06544502617801047
0 0.48655913978494625 0.7761780104712042 0.9301075268817204 0.08115183246073299
0 0.4905913978494624 0.8219895287958116 0.9489247311827957 0.08376963350785341
0 0.46908602150537637 0.8743455497382199 0.9005376344086021 0.08376963350785341
0 0.5067204301075269 0.9214659685863874 0.9865591397849462 0.08900523560209424
0 0.4986559139784946 0.9594240837696335 0.9811827956989247 0.08115183246073299
0 0.17069892473118278 0.9908376963350786 0.31451612903225806 0.01832460732984293