0 0.03409090909090909 0.02 0.06818181818181818 0.024
0 0.45170454545454547 0.01 0.42613636363636365 0.02
0 0.4460227272727273 0.054 0.8920454545454546 0.084
0 0.44886363636363635 0.124 0.8977272727272727 0.096
0 0.46875 0.196 0.9375 0.088
0 0.4943181818181818 0.264 0.9886363636363636 0.088
0 0.4715909090909091 0.34 0.9431818181818182 0.08
0 0.45738636363636365 0.402 0.9147727272727273 0.084
0 0.5 0.482 1 0.084
0 0.4943181818181818 0.55 0.9829545454545454 0.092
0 0.5 0.622 0.9886363636363636 0.092
0 0.4744318181818182 0.694 0.9318181818181818 0.092
0 0.4659090909090909 0.764 0.9034090909090909 0.076
0 0.5056818181818182 0.838 0.9772727272727273 0.076
0 0.5085227272727273 0.918 0.9829545454545454 0.092
0 0.17613636363636365 0.982 0.1590909090909091 0.036
0 0.9147727272727273 0.968 0.17045454545454544 0.04