0 0.1606312292358804 0.040316939890710383 0.21659468438538204 0.040131147540983604
0 0.49011627906976746 0.060404371584699454 0.879717607973422 0.051868852459016394
0 0.47890365448504985 0.09045901639344262 0.8490033222591362 0.046404371584699455
0 0.47121262458471763 0.11956284153005466 0.8377906976744186 0.05650273224043716
0 0.3368936877076412 0.16765027322404372 0.5815946843853821 0.049934426229508194
0 0.4998671096345515 0.19962841530054645 0.92 0.04392349726775956
0 0.49322259136212626 0.22844808743169398 0.9067109634551496 0.03817486338797814
0 0.48637873754152827 0.2601530054644809 0.8971594684385382 0.0512896174863388
0 0.14795681063122923 0.3137049180327869 0.22863787375415281 0.031595628415300545
0 0.48887043189368773 0.34472131147540985 0.8855315614617941 0.04334426229508196
0 0.5006976744186047 0.3757377049180328 0.9216611295681064 0.0419672131147541
0 0.27875415282392024 0.4086666666666667 0.4653156146179402 0.04661202185792349
0 0.5006976744186047 0.45962841530054643 0.9216611295681064 0.04578142076502732
0 0.5019435215946844 0.4952896174863388 0.9324584717607974 0.0493224043715847
0 0.4813953488372093 0.5190601092896174 0.8805647840531562 0.044404371584699454
0 0.48990033222591367 0.5536284153005464 0.9000664451827243 0.054502732240437154
0 0.17724252491694353 0.5676939890710383 0.2817109634551495 0.03455737704918033
0 0.374468438538206 0.6345027322404372 0.6858139534883722 0.05666666666666667
0 0.4855481727574751 0.6627868852459017 0.9121096345514951 0.06295081967213115
0 0.48990033222591367 0.6902513661202186 0.9166777408637874 0.05446994535519126
0 0.4980066445182724 0.7170273224043716 0.9204152823920266 0.05556284153005465
0 0.4961295681063123 0.7476284153005465 0.9208305647840532 0.046808743169398905
0 0.48264119601328903 0.8078797814207651 0.8979900332225914 0.07330054644808742
0 0.4909468438538206 0.8326120218579235 0.9312126245847177 0.07029508196721311
0 0.47744186046511633 0.8681311475409836 0.9083720930232558 0.07574863387978142
0 0.4834717607973422 0.8902732240437159 0.9162624584717608 0.05880874316939891
0 0.21710963455149498 0.9137704918032787 0.3847009966777409 0.055519125683060104