0 0.4658703071672355 0.05351170568561873 0.931740614334471 0.10702341137123746
0 0.060580204778156996 0.11705685618729098 0.08361774744027303 0.05016722408026756
0 0.21928327645051193 0.12290969899665552 0.10921501706484642 0.04013377926421405
0 0.5989761092150171 0.11538461538461539 0.2645051194539249 0.051839464882943144
0 0.017064846416382253 0.181438127090301 0.034129692832764506 0.03511705685618729
0 0.49573378839590443 0.1797658862876254 0.13651877133105803 0.04180602006688963
0 0.7440273037542662 0.17558528428093645 0.1689419795221843 0.03678929765886288
0 0.12286689419795221 0.28595317725752506 0.07849829351535836 0.04013377926421405
0 0.5964163822525598 0.28678929765886285 0.3225255972696246 0.043478260869565216
0 0.17150170648464164 0.407190635451505 0.17235494880546076 0.12709030100334448
0 0.5196245733788396 0.39464882943143814 0.42150170648464164 0.2040133779264214
0 0.5204778156996587 0.532608695652174 0.12286689419795221 0.0451505016722408
0 0.53839590443686 0.6153846153846154 0.31399317406143346 0.08193979933110368
0 0.5511945392491467 0.6956521739130435 0.8976109215017065 0.0802675585284281
0 0.5213310580204779 0.774247491638796 0.9573378839590444 0.11705685618729098
0 0.5162116040955631 0.8595317725752508 0.9419795221843004 0.11538461538461539
0 0.5264505119453925 0.9289297658862876 0.947098976109215 0.1020066889632107
0 0.9232081911262798 0.9531772575250836 0.12627986348122866 0.04180602006688963