0 0.5058692421991084 0.07516535433070866 0.8847696879643389 0.06155905511811024
0 0.4869687964338782 0.15891338582677164 0.838855869242199 0.06299212598425197
0 0.49777117384843983 0.24266141732283464 0.873967310549777 0.05869291338582678
0 0.48561664190193166 0.32354330708661416 0.8550520059435365 0.057259842519685036
0 0.48628528974739965 0.4144566929133858 0.856404160475483 0.05869291338582678
0 0.50925705794948 0.5003622047244095 0.9158395245170877 0.06155905511811024
0 0.5038484398216939 0.5898425196850394 0.9185438335809806 0.0601259842519685
0 0.5139821693907876 0.6685826771653544 0.8955869242199109 0.06299212598425197
0 0.511961367013373 0.7559055118110236 0.902332838038633 0.05154330708661417
0 0.5079049034175335 0.84251968503937 0.8942347696879644 0.055826771653543314
0 0.5234323922734027 0.9234015748031497 0.9280089153046062 0.0601259842519685