0 0.15570175438596492 0.10344827586206896 0.13304093567251463 0.11781609195402298
0 0.37646198830409355 0.10632183908045977 0.1388888888888889 0.11781609195402298
0 0.5460526315789473 0.10632183908045977 0.13596491228070176 0.1206896551724138
0 0.7119883040935673 0.10416666666666667 0.13157894736842105 0.11925287356321838
0 0.8771929824561403 0.10488505747126436 0.13450292397660818 0.11781609195402298
0 0.15789473684210525 0.21551724137931033 0.12573099415204678 0.11494252873563218
0 0.15716374269005848 0.3225574712643678 0.1301169590643275 0.11637931034482758
0 0.1564327485380117 0.4317528735632184 0.12573099415204678 0.11350574712643678
0 0.1564327485380117 0.5423850574712644 0.12573099415204678 0.11637931034482758
0 0.15423976608187134 0.6501436781609196 0.1301169590643275 0.11637931034482758
0 0.15716374269005848 0.757183908045977 0.1301169590643275 0.11781609195402298
0 0.15789473684210525 0.8685344827586207 0.1286549707602339 0.11637931034482758
0 0.1564327485380117 0.9568965517241379 0.1286549707602339 0.08620689655172414
0 0.39108187134502925 0.9741379310344828 0.17982456140350878 0.028735632183908046