0 0.5215311004784688 0.15730337078651685 0.19617224880382775 0.06460674157303371
0 0.1423444976076555 0.18328651685393257 0.12679425837320574 0.06460674157303371
0 0.31220095693779903 0.2443820224719101 0.4688995215311005 0.07584269662921349
0 0.35406698564593303 0.2991573033707865 0.55622009569378 0.08286516853932584
0 0.5490430622009569 0.35674157303370785 0.1674641148325359 0.046348314606741575
0 0.340311004784689 0.17626404494382023 0.24880382775119617 0.11376404494382023
0 0.6997607655502392 0.1896067415730337 0.2511961722488038 0.11797752808988764
0 0.5131578947368421 0.6067415730337079 0.37559808612440193 0.1601123595505618
0 0.7757177033492823 0.5435393258426966 0.27870813397129185 0.07443820224719101
0 0.5460526315789473 0.6214887640449438 0.1303827751196172 0.05196629213483146
0 0.7045454545454546 0.6481741573033708 0.44019138755980863 0.07724719101123595
0 0.6644736842105263 0.7092696629213483 0.35406698564593303 0.0800561797752809
0 0.5986842105263158 0.7626404494382022 0.21650717703349281 0.05337078651685393
0 0.8313397129186603 0.7879213483146067 0.07057416267942583 0.042134831460674156
0 0.34868421052631576 0.8539325842696629 0.2511961722488038 0.1151685393258427
0 0.7075358851674641 0.8469101123595506 0.25478468899521534 0.11235955056179775