0 0.7206325301204819 0.073 0.0391566265060241 0.042
0 0.7929216867469879 0.114 0.2740963855421687 0.044
0 0.5436746987951807 0.195 0.5707831325301205 0.064
0 0.5602409638554217 0.314 0.5150602409638554 0.082
0 0.5128012048192772 0.368 0.4066265060240964 0.078
0 0.42846385542168675 0.47 0.23493975903614459 0.086
0 0.7567771084337349 0.458 0.30873493975903615 0.08
0 0.4367469879518072 0.521 0.24096385542168675 0.082
0 0.7801204819277109 0.518 0.3539156626506024 0.074
0 0.5030120481927711 0.571 0.2680722891566265 0.06
0 0.16716867469879518 0.625 0.16716867469879518 0.076
0 0.4954819277108434 0.626 0.3644578313253012 0.088
0 0.5203313253012049 0.722 0.2876506024096386 0.08
0 0.45406626506024095 0.824 0.23795180722891565 0.06
0 0.8042168674698795 0.819 0.21234939759036145 0.078
0 0.45406626506024095 0.88 0.21084337349397592 0.074
0 0.4766566265060241 0.931 0.24397590361445784 0.078
0 0.49623493975903615 0.97 0.2816265060240964 0.06