0 0.404018691588785 0.044611398963730564 0.8041355140186917 0.037426597582038
0 0.4127803738317757 0.10506044905008635 0.8255373831775701 0.048929188255613126
0 0.41570093457943924 0.1648013816925734 0.8313785046728972 0.044611398963730564
0 0.3942757009345794 0.2266839378238342 0.7885514018691588 0.047495682210708115
0 0.39913551401869163 0.28569948186528493 0.7982943925233645 0.050379965457685666
0 0.4254205607476636 0.34469775474956826 0.8508644859813085 0.038860103626943004
0 0.4166588785046729 0.402279792746114 0.8333411214953271 0.050379965457685666
0 0.3952570093457944 0.4627288428324698 0.7904906542056075 0.047495682210708115
0 0.39621495327102807 0.5224525043177893 0.7924532710280374 0.04606217616580311
0 0.1022196261682243 0.5850604490500864 0.2044392523364486 0.035975820379965454
0 0.026285046728971962 0.6778929188255614 0.052570093457943924 0.020155440414507772
0 0.2336448598130841 0.7145941278065631 0.2063785046728972 0.047495682210708115
0 0.9857943925233645 0.9448704663212436 0.028434579439252337 0.012953367875647668