0 0.4910220994475138 0.05357142857142857 0.5863259668508287 0.08902691511387163
0 0.5089779005524862 0.14337474120082816 0.8812154696132597 0.09006211180124224
0 0.41332872928176795 0.22230848861283645 0.7265193370165746 0.08540372670807453
0 0.48273480662983426 0.29528985507246375 0.8404696132596685 0.08695652173913043
0 0.47306629834254144 0.3770703933747412 0.8604972375690608 0.10610766045548654
0 0.45407458563535913 0.42132505175983437 0.8314917127071824 0.07763975155279502
0 0.4613259668508287 0.494824016563147 0.824585635359116 0.08281573498964803
0 0.4903314917127072 0.5548654244306418 0.9357734806629834 0.09627329192546584
0 0.08770718232044199 0.6229296066252588 0.13674033149171272 0.06677018633540373
0 0.4350828729281768 0.6757246376811594 0.7955801104972375 0.13716356107660455
0 0.3701657458563536 0.739648033126294 0.6830110497237569 0.12629399585921325
0 0.48722375690607733 0.8141821946169773 0.9295580110497238 0.08799171842650104
0 0.4257596685082873 0.8757763975155279 0.8073204419889503 0.09420289855072464
0 0.4761740331491713 0.9345238095238095 0.8777624309392266 0.08592132505175984
0 0.481353591160221 0.9723084886128365 0.8950276243093923 0.05538302277432712