0 0.6554004854368931 0.06150058616647128 0.042730582524271844 0.022883939038686987
0 0.7195752427184465 0.08703399765533411 0.2250121359223301 0.021840562719812426
0 0.170121359223301 0.127936694021102 0.07271844660194175 0.03902696365767878
0 0.2012621359223301 0.15711606096131303 0.13770631067961164 0.043188745603751466
0 0.5824393203883496 0.13093786635404456 0.5596966019417475 0.04085580304806565
0 0.2115169902912621 0.19202813599062135 0.10425970873786407 0.04630715123094959
0 0.1875121359223301 0.22277842907385698 0.13716019417475728 0.0369284876905041
0 0.17389563106796116 0.25586166471277844 0.08026699029126214 0.038475967174677606
0 0.433992718446602 0.22512309495896834 0.24177184466019416 0.04786635404454865
0 0.6304490291262136 0.22303634232121922 0.08183252427184466 0.0311957796014068
0 0.6287014563106795 0.26355216881594373 0.07023058252427185 0.041348182883939044
0 0.6284344660194175 0.2936459554513482 0.06429611650485437 0.030656506447831182
0 0.6335558252427184 0.32048065650644786 0.07993932038834951 0.03430246189917937
0 0.5719174757281553 0.35383352872215706 0.5850485436893204 0.04053927315357561
0 0.5876941747572816 0.41506447831184057 0.5815412621359223 0.04834701055099649
0 0.36617718446601943 0.44593200468933175 0.14657766990291263 0.03296600234466589
0 0.16149271844660193 0.4744665885111372 0.0770266990291262 0.044173505275498244
0 0.15798543689320388 0.5372567409144197 0.08620145631067962 0.038417350527549826
0 0.14450242718446601 0.6956623681125439 0.03765776699029126 0.03422039859320047
0 0.17201456310679614 0.7656271981242674 0.11424757281553398 0.042801875732708085
0 0.19061893203883495 0.8284173505275498 0.14606796116504855 0.047479484173505275
0 0.5429247572815534 0.47772567409144195 0.5027912621359223 0.040257913247362255
0 0.4943932038834951 0.5110668229777257 0.41650485436893203 0.04859320046893318
0 0.521359223300971 0.5426025791324736 0.4704368932038835 0.0407620164126612
0 0.34109223300970876 0.5747713950762016 0.11260922330097088 0.04050410316529894
0 0.5442839805825243 0.5719109026963657 0.13334951456310679 0.026436107854630717
0 0.34177184466019417 0.6035638921453693 0.12203883495145632 0.03345838218053927
0 0.596868932038835 0.6073388042203985 0.22233009708737864 0.03893317702227433
0 0.6067111650485437 0.6352168815943728 0.293252427184466 0.040492379835873386
0 0.6594296116504854 0.67 0.36902912621359224 0.04126611957796014
0 0.5537135922330096 0.7019226260257914 0.5459466019417476 0.04255568581477139
0 0.5963228155339806 0.7290152403282533 0.49092233009708736 0.030046893317702227
0 0.3669781553398058 0.7602813599062134 0.07592233009708738 0.04463071512309496
0 0.6292354368932039 0.7654982415005862 0.3301941747572815 0.040457209847596716
0 0.37480582524271844 0.7899882766705745 0.0883373786407767 0.033153575615474794
0 0.6406917475728154 0.7915474794841736 0.3288470873786408 0.030035169988276673
0 0.5254004854368932 0.8282883939038687 0.4299878640776699 0.045134818288393906
0 0.5747451456310679 0.8917233294255569 0.5772208737864077 0.0511137162954279
0 0.5340291262135922 0.9525674091441969 0.4688228155339806 0.0414654161781946
0 0.5372694174757281 0.9831184056271981 0.4752912621359223 0.033774912075029306