0 0.048828125 0.05078125 0.06575520833333333 0.03369140625
0 0.4563802083333333 0.03759765625 0.7220052083333334 0.0751953125
0 0.3541666666666667 0.09228515625 0.5065104166666666 0.0595703125
0 0.12825520833333334 0.15771484375 0.05859375 0.0390625
0 0.5345052083333334 0.166015625 0.68359375 0.1259765625
0 0.134765625 0.20263671875 0.057291666666666664 0.03515625
0 0.4733072916666667 0.203125 0.32421875 0.046875
0 0.20833333333333334 0.25341796875 0.21158854166666666 0.0478515625
0 0.5279947916666666 0.29736328125 0.7740885416666666 0.04541015625
0 0.326171875 0.33984375 0.3782552083333333 0.0390625
0 0.4375 0.42138671875 0.6875 0.0556640625
0 0.2584635416666667 0.47265625 0.3333333333333333 0.0390625
0 0.5319010416666666 0.51416015625 0.7721354166666666 0.0546875
0 0.4095052083333333 0.55859375 0.5416666666666666 0.0439453125
0 0.23893229166666666 0.65380859375 0.296875 0.0390625
0 0.7213541666666666 0.63671875 0.2688802083333333 0.0390625
0 0.3411458333333333 0.69384765625 0.38671875 0.046875
0 0.787109375 0.6796875 0.3450520833333333 0.046875
0 0.3411458333333333 0.74267578125 0.3938802083333333 0.0478515625
0 0.22916666666666666 0.79052734375 0.16276041666666666 0.04150390625
0 0.7766927083333334 0.724609375 0.3209635416666667 0.0556640625
0 0.6985677083333334 0.7734375 0.15755208333333334 0.04150390625
0 0.7858072916666666 0.80859375 0.3385416666666667 0.0546875
0 0.701171875 0.86328125 0.14908854166666666 0.0439453125