0 0.27712609970674484 0.042600896860986545 0.3020527859237537 0.06614349775784753
0 0.32038123167155425 0.10538116591928251 0.5161290322580645 0.08744394618834081
0 0.47580645161290325 0.16423766816143498 0.4868035190615836 0.06278026905829596
0 0.48240469208211145 0.20739910313901344 0.501466275659824 0.06390134529147982
0 0.4010263929618768 0.2584080717488789 0.3093841642228739 0.06502242152466367
0 0.25513196480938416 0.3312780269058296 0.4237536656891496 0.06502242152466367
0 0.37976539589442815 0.39966367713004486 0.3064516129032258 0.07286995515695067
0 0.5212609970674487 0.44170403587443946 0.5527859237536656 0.07847533632286996
0 0.4743401759530792 0.49887892376681614 0.4736070381231672 0.08183856502242152
0 0.4479472140762463 0.5739910313901345 0.8636363636363636 0.10426008968609865
0 0.42008797653958946 0.6221973094170403 0.5351906158357771 0.07174887892376682
0 0.4846041055718475 0.6827354260089686 0.6935483870967742 0.08744394618834081
0 0.40982404692082114 0.7382286995515696 0.5498533724340176 0.08295964125560538