0 0.24805647840531564 0.1570796460176991 0.3167275747508305 0.054579646017699116
0 0.26191029900332224 0.19984513274336282 0.3222591362126246 0.05161504424778761
0 0.15614617940199335 0.23966814159292035 0.11074750830564785 0.05752212389380531
0 0.25194352159468436 0.3126769911504425 0.33111295681063124 0.04719026548672566
0 0.24197674418604648 0.3621017699115044 0.3111794019933555 0.0604646017699115
0 0.20930232558139536 0.4011725663716814 0.24141196013289037 0.056039823008849556
0 0.17275747508305647 0.44099557522123894 0.15946843853820597 0.05900442477876106
0 0.24529900332225912 0.5272787610619469 0.3222591362126246 0.05752212389380531
0 0.2558139534883721 0.5789159292035398 0.35659468438538205 0.06342920353982301
0 0.23808970099667776 0.6268362831858407 0.3100830564784053 0.06488938053097344
0 0.24473421926910302 0.6718362831858408 0.32558139534883723 0.06637168141592921
0 0.2547009966777409 0.7182964601769912 0.3366611295681063 0.06488938053097344
0 0.21207641196013288 0.7610619469026548 0.24696013289036542 0.07079646017699115
0 0.12181063122923588 0.8635619469026549 0.12624584717607973 0.06637168141592921
0 0.11682724252491694 0.922566371681416 0.08305647840531562 0.03982300884955752
0 0.4335548172757475 0.9085619469026549 0.09855481727574751 0.041305309734513275
0 0.4379900332225914 0.8598893805309735 0.04318936877076412 0.041305309734513275
0 0.5 0.1836283185840708 0.036544850498338874 0.042765486725663715
0 0.6572591362126247 0.16519911504424778 0.3377574750830565 0.1475
0 0.6522757475083056 0.20575221238938052 0.3100830564784053 0.14307522123893807
0 0.6312292358803987 0.24484513274336284 0.24584717607973422 0.1179867256637168
0 0.6760797342192691 0.28170353982300883 0.3554817275747508 0.1475
0 0.6561461794019934 0.3163716814159292 0.3067607973421927 0.14011061946902653
0 0.653936877076412 0.35398230088495575 0.23367109634551492 0.10619469026548672
0 0.7087541528239203 0.4314159292035398 0.3898172757475083 0.16077433628318585
0 0.7198172757475083 0.4682964601769911 0.37209302325581395 0.14307522123893807
0 0.7375415282392026 0.5125442477876105 0.3898172757475083 0.14307522123893807
0 0.7220431893687708 0.561216814159292 0.3543687707641196 0.13716814159292035