0 0.6771803278688524 0.02287484510532838 0.04286885245901639 0.017162329615861213
0 0.8846229508196721 0.015254027261462206 0.026475409836065573 0.013345724907063197
0 0.44324590163934424 0.07339529120198265 0.22572131147540983 0.036220570012391574
0 0.48675409836065575 0.13630731102850063 0.7238360655737706 0.05338289962825279
0 0.348672131147541 0.17252788104089217 0.37957377049180324 0.04574969021065676
0 0.3638032786885246 0.1996902106567534 0.44767213114754095 0.040991325898389094
0 0.30832786885245905 0.23306071871127634 0.3417377049180328 0.044795539033457246
0 0.2887704918032787 0.2606939281288724 0.26986885245901643 0.044795539033457246
0 0.4918032786885246 0.28643122676579924 0.6355573770491804 0.033358116480793065
0 0.6027704918032787 0.3207558859975217 0.6002459016393442 0.040991325898389094
0 0.5731475409836065 0.3498265179677819 0.5359344262295083 0.034312267657992564
0 0.5353114754098361 0.38223048327137543 0.46027868852459014 0.03240396530359355
0 0.4653278688524591 0.41607187112763316 0.3127377049180328 0.040991325898389094
0 0.24337704918032788 0.4399008674101611 0.17906557377049181 0.03717472118959108
0 0.30895081967213117 0.47278810408921934 0.33795081967213114 0.04384138785625775
0 0.3411147540983607 0.5018587360594795 0.372 0.0428996282527881
0 0.2099672131147541 0.5266418835192069 0.15511475409836067 0.03144981412639405
0 0.5037868852459016 0.5342627013630731 0.2686065573770492 0.0428996282527881
0 0.5453934426229509 0.561908302354399 0.1879016393442623 0.03526641883519207
0 0.24463934426229506 0.5828748451053284 0.16645901639344263 0.03526641883519207
0 0.23391803278688525 0.6162453531598513 0.21311475409836064 0.039083023543990084
0 0.3865081967213115 0.6519826517967782 0.4552295081967213 0.05147459727385378
0 0.47540983606557374 0.6863073110285006 0.6179016393442623 0.05909541511771995
0 0.45081967213114754 0.7177571251548946 0.3266065573770492 0.061003717472118954
0 0.21249180327868852 0.7306319702602231 0.14754098360655737 0.02955390334572491
0 0.4552295081967213 0.7768525402726145 0.5599016393442623 0.061003717472118954
0 0.35560655737704916 0.8030731102850063 0.35560655737704916 0.05242874845105329
0 0.2465245901639344 0.8211771995043371 0.17275409836065572 0.040991325898389094
0 0.5012622950819672 0.8707434944237918 0.6620491803278689 0.08292441140024784
0 0.319672131147541 0.9198389095415117 0.3064262295081967 0.05529120198265179
0 0.30075409836065575 0.8850433705080546 0.2660819672131148 0.05052044609665428