0 0.19463087248322147 0.007372654155495978 0.19798657718120805 0.014745308310991957
0 0.5813758389261745 0.011394101876675604 0.20469798657718122 0.022788203753351208
0 0.9379194630872483 0.015415549597855228 0.12416107382550336 0.020107238605898123
0 0.4320469798657718 0.1193029490616622 0.6040268456375839 0.1447721179624665
0 0.473993288590604 0.23994638069705093 0.9345637583892618 0.13672922252010725
0 0.45721476510067116 0.353887399463807 0.9110738255033557 0.1380697050938338
0 0.5008389261744967 0.4698391420911528 0.9983221476510067 0.1380697050938338
0 0.4303691275167785 0.5703753351206434 0.8557046979865772 0.15147453083109919
0 0.3901006711409396 0.6923592493297587 0.7802013422818792 0.1380697050938338
0 0.3934563758389262 0.796916890080429 0.7835570469798657 0.12734584450402145
0 0.48322147651006714 0.9162198391420912 0.9563758389261745 0.14343163538873996