0 0.18322475570032573 0.049132947976878616 0.26221498371335505 0.028901734104046242
0 0.8216612377850163 0.046242774566473986 0.11563517915309446 0.02601156069364162
0 0.46742671009771986 0.1119942196531792 0.8306188925081434 0.02167630057803468
0 0.46661237785016285 0.13222543352601157 0.8257328990228013 0.02167630057803468
0 0.46824104234527686 0.15245664739884393 0.8289902280130294 0.024566473988439308
0 0.46824104234527686 0.17413294797687862 0.8355048859934854 0.024566473988439308
0 0.43078175895765475 0.1972543352601156 0.750814332247557 0.024566473988439308
0 0.504071661237785 0.282514450867052 0.9071661237785016 0.05057803468208093
0 0.4812703583061889 0.35765895953757226 0.8615635179153095 0.05057803468208093
0 0.4804560260586319 0.4291907514450867 0.8697068403908795 0.05491329479768786
0 0.48697068403908794 0.5036127167630058 0.8827361563517915 0.044797687861271675
0 0.46986970684039087 0.5802023121387283 0.8452768729641694 0.0476878612716763
0 0.511400651465798 0.6510115606936416 0.9348534201954397 0.04190751445086705
0 0.506514657980456 0.7276011560693642 0.9348534201954397 0.05346820809248555
0 0.49348534201954397 0.8013005780346821 0.9022801302931596 0.04190751445086705
0 0.503257328990228 0.8771676300578035 0.9283387622149837 0.049132947976878616
0 0.2711726384364821 0.9479768786127167 0.46742671009771986 0.04335260115606936