0 0.28370786516853935 0.12698412698412698 0.19662921348314608 0.04365079365079365
0 0.41292134831460675 0.18055555555555555 0.5786516853932584 0.03968253968253968
0 0.5168539325842697 0.21031746031746032 0.8089887640449438 0.04365079365079365
0 0.28651685393258425 0.2361111111111111 0.1853932584269663 0.031746031746031744
0 0.5224719101123596 0.25793650793650796 0.7921348314606742 0.03968253968253968
0 0.5561797752808989 0.3134920634920635 0.8314606741573034 0.03571428571428571
0 0.5955056179775281 0.3412698412698413 0.8089887640449438 0.03968253968253968
0 0.5786516853932584 0.36904761904761907 0.7696629213483146 0.03571428571428571
0 0.28651685393258425 0.4226190476190476 0.1853932584269663 0.03571428571428571
0 0.5168539325842697 0.4742063492063492 0.797752808988764 0.03571428571428571
0 0.41292134831460675 0.503968253968254 0.4438202247191011 0.04365079365079365
0 0.5589887640449438 0.5277777777777778 0.8820224719101124 0.03968253968253968
0 0.29775280898876405 0.5535714285714286 0.21910112359550563 0.031746031746031744
0 0.5224719101123596 0.5813492063492064 0.7921348314606742 0.04365079365079365
0 0.2696629213483146 0.6091269841269841 0.15730337078651685 0.03571428571428571
0 0.5786516853932584 0.6607142857142857 0.7640449438202247 0.04365079365079365
0 0.5955056179775281 0.6884920634920635 0.8089887640449438 0.04365079365079365
0 0.5926966292134831 0.7162698412698413 0.8146067415730337 0.03571428571428571
0 0.3960674157303371 0.7916666666666666 0.39325842696629215 0.047619047619047616
0 0.45786516853932585 0.8492063492063492 0.6629213483146067 0.03968253968253968
0 0.31179775280898875 0.8829365079365079 0.3595505617977528 0.031746031746031744
0 0.5168539325842697 0.9345238095238095 0.7808988764044944 0.04365079365079365
0 0.28370786516853935 0.9662698412698413 0.3539325842696629 0.03968253968253968