0 0.3419753086419753 0.03951890034364261 0.10864197530864197 0.058419243986254296
0 0.3388888888888889 0.08676975945017182 0.11481481481481481 0.05670103092783505
0 0.5481481481481482 0.03350515463917526 0.13950617283950617 0.044673539518900345
0 0.5993827160493828 0.08247422680412371 0.21975308641975308 0.06013745704467354
0 0.6111111111111112 0.12371134020618557 0.29506172839506173 0.06701030927835051
0 0.6648148148148149 0.17268041237113402 0.37160493827160496 0.07388316151202749
0 0.14012345679012345 0.22250859106529208 0.03580246913580247 0.04982817869415808
0 0.17222222222222222 0.3281786941580756 0.11358024691358025 0.06529209621993128
0 0.18703703703703703 0.4175257731958763 0.14938271604938272 0.07731958762886598
0 0.1345679012345679 0.6030927835051546 0.02962962962962963 0.03608247422680412
0 0.13703703703703704 0.697594501718213 0.03209876543209877 0.05154639175257732
0 0.15123456790123457 0.8376288659793815 0.07901234567901234 0.05154639175257732
0 0.5839506172839506 0.2190721649484536 0.5049382716049383 0.06357388316151202
0 0.604320987654321 0.2603092783505155 0.5098765432098765 0.054982817869415807
0 0.3691358024691358 0.3161512027491409 0.08024691358024691 0.058419243986254296
0 0.6345679012345679 0.31529209621993126 0.33827160493827163 0.06872852233676977
0 0.37592592592592594 0.3556701030927835 0.09012345679012346 0.048109965635738834
0 0.6493827160493827 0.35309278350515466 0.33209876543209876 0.048109965635738834
0 0.532716049382716 0.4106529209621993 0.43703703703703706 0.07731958762886598
0 0.582716049382716 0.5017182130584192 0.5864197530864198 0.08762886597938144
0 0.5407407407407407 0.5919243986254296 0.4765432098765432 0.07216494845360824
0 0.5444444444444444 0.6443298969072165 0.48148148148148145 0.07560137457044673
0 0.45740740740740743 0.6915807560137457 0.2851851851851852 0.06013745704467354
0 0.6006172839506173 0.7302405498281787 0.5864197530864198 0.06701030927835051
0 0.35 0.7869415807560137 0.09259259259259259 0.058419243986254296
0 0.3790123456790123 0.8359106529209622 0.13703703703703704 0.058419243986254296
0 0.5469135802469136 0.8419243986254296 0.09506172839506173 0.10652920962199312
0 0.7654320987654321 0.8127147766323024 0.2345679012345679 0.06529209621993128
0 0.845679012345679 0.8651202749140894 0.050617283950617285 0.058419243986254296
0 0.8092592592592592 0.8668384879725086 0.07530864197530865 0.030927835051546393