0 0.4032258064516129 0.08064516129032258 0.6774193548387096 0.10080645161290322
0 0.4166666666666667 0.11895161290322581 0.5376344086021505 0.06854838709677419
0 0.4166666666666667 0.16733870967741934 0.7419354838709677 0.07661290322580645
0 0.3978494623655914 0.20362903225806453 0.6774193548387096 0.07258064516129033
0 0.17204301075268819 0.22983870967741934 0.22043010752688172 0.04435483870967742
0 0.489247311827957 0.2600806451612903 0.6182795698924731 0.06048387096774194
0 0.44623655913978494 0.3125 0.7526881720430108 0.07661290322580645
0 0.44623655913978494 0.35080645161290325 0.7473118279569892 0.07258064516129033
0 0.4543010752688172 0.3790322580645161 0.7795698924731183 0.07258064516129033
0 0.3978494623655914 0.40524193548387094 0.6559139784946236 0.06451612903225806
0 0.4650537634408602 0.43951612903225806 0.5591397849462365 0.07258064516129033
0 0.45698924731182794 0.4879032258064516 0.7956989247311828 0.07258064516129033
0 0.47043010752688175 0.5282258064516129 0.8118279569892473 0.06854838709677419
0 0.4731182795698925 0.5786290322580645 0.553763440860215 0.06451612903225806
0 0.32526881720430106 0.6108870967741935 0.10752688172043011 0.03225806451612903
0 0.4596774193548387 0.6653225806451613 0.7849462365591398 0.07258064516129033
0 0.1827956989247312 0.7056451612903226 0.20967741935483872 0.04032258064516129
0 0.45698924731182794 0.7600806451612904 0.478494623655914 0.07258064516129033