0 0.17362116991643453 0.04174946004319654 0.20983286908077994 0.04032397408207344
0 0.20891364902506965 0.09503239740820735 0.29896935933147634 0.02591792656587473
0 0.17919220055710305 0.1303023758099352 0.2395543175487465 0.02159827213822894
0 0.2562674094707521 0.17639308855291577 0.39367688022284125 0.02159827213822894
0 0.42805013927576596 0.2447732181425486 0.714958217270195 0.05183585313174946
0 0.3630362116991644 0.359244060475162 0.596100278551532 0.056155507559395246
0 0.42805013927576596 0.4838012958963283 0.7372423398328691 0.054708423326133904
0 0.41317548746518107 0.6054643628509719 0.688941504178273 0.0532829373650108
0 0.3398328690807799 0.7249892008639309 0.54966573816156 0.0532829373650108
0 0.22284122562674094 0.8336933045356372 0.3268245125348189 0.02591792656587473
0 0.1532033426183844 0.970475161987041 0.1986908077994429 0.020151187904967602
0 0.8625905292479109 0.9719222462203023 0.1615598885793872 0.017278617710583154