0 0.05337078651685393 0.029166666666666667 0.08426966292134831 0.058333333333333334
0 0.5112359550561798 0.07083333333333333 0.8146067415730337 0.09583333333333334
0 0.5365168539325843 0.1625 0.898876404494382 0.09583333333333334
0 0.5393258426966292 0.25625 0.9213483146067416 0.10416666666666667
0 0.5112359550561798 0.35 0.8764044943820225 0.1
0 0.5252808988764045 0.44375 0.8820224719101124 0.1
0 0.5365168539325843 0.5354166666666667 0.9269662921348315 0.10833333333333334
0 0.5 0.625 0.8539325842696629 0.1
0 0.5 0.7145833333333333 0.8539325842696629 0.09583333333333334
0 0.5224719101123596 0.80625 0.9101123595505618 0.09583333333333334
0 0.5056179775280899 0.9 0.8595505617977528 0.10833333333333334