0 0.47527142857142857 0.07325714285714285 0.6494571428571428 0.12015238095238095
0 0.4642857142857143 0.15165714285714288 0.6164857142857143 0.09523809523809523
0 0.46208571428571427 0.21685714285714286 0.6098857142857143 0.10257142857142858
0 0.46758571428571427 0.26885714285714285 0.6033000000000001 0.0805904761904762
0 0.45274285714285717 0.34579047619047615 0.5868142857142857 0.11135238095238095
0 0.45439999999999997 0.39194285714285715 0.5923142857142857 0.10988571428571428
0 0.23187142857142856 0.4886476190476191 0.15164285714285716 0.10403809523809524
0 0.6159285714285714 0.572152380952381 0.2560428571428571 0.0805904761904762
0 0.6670285714285714 0.7098857142857142 0.2791142857142857 0.14213333333333333
0 0.6708857142857143 0.8205142857142856 0.3044 0.11428571428571428
0 0.7033 0.8996380952380952 0.3978 0.12015238095238095
0 0.8868142857142857 0.949447619047619 0.16482857142857144 0.055676190476190476
0 0.8978 0.9663047619047619 0.07252857142857143 0.030761904761904758