0 0.4742245989304813 0.14048327137546468 0.6998930481283422 0.04483271375464684
0 0.46711229946524063 0.1842379182156134 0.7045989304812834 0.047026022304832715
0 0.4954545454545455 0.22579925650557622 0.7455080213903743 0.04483271375464684
0 0.48914438502673796 0.2695167286245353 0.7518181818181818 0.04263940520446097
0 0.4490374331550802 0.3094423791821561 0.6716042780748663 0.034981412639405206
0 0.48208556149732623 0.39360594795539033 0.7219251336898396 0.048104089219330855
0 0.4270053475935829 0.35260223048327133 0.6275401069518717 0.04263940520446097
0 0.48914438502673796 0.4302602230483271 0.7486631016042781 0.03390334572490706
0 0.47106951871657754 0.47561338289962823 0.6998930481283422 0.04591078066914498
0 0.47893048128342247 0.519368029739777 0.7187700534759358 0.04371747211895911
0 0.4702673796791444 0.5576208178438662 0.6983422459893048 0.04591078066914498
0 0.47106951871657754 0.6030111524163569 0.6936363636363637 0.04263940520446097
0 0.4970053475935829 0.6423420074349442 0.736096256684492 0.04483271375464684
0 0.46240641711229946 0.6784386617100372 0.682620320855615 0.03390334572490706