0 0.33705357142857145 0.07357859531772576 0.13169642857142858 0.038461538461538464
0 0.4263392857142857 0.13210702341137123 0.3950892857142857 0.09197324414715718
0 0.5011160714285714 0.3093645484949833 0.5379464285714286 0.11872909698996656
0 0.5256696428571429 0.3787625418060201 0.20535714285714285 0.038461538461538464
0 0.45982142857142855 0.5058528428093646 0.37723214285714285 0.12876254180602006
0 0.44642857142857145 0.6237458193979933 0.45089285714285715 0.13712374581939799
0 0.4732142857142857 0.7290969899665551 0.38839285714285715 0.08193979933110368
0 0.46651785714285715 0.5585284280936454 0.171875 0.046822742474916385
0 0.4185267857142857 0.8386287625418061 0.5 0.1488294314381271
0 0.7366071428571429 0.7399665551839465 0.10714285714285714 0.05351170568561873
0 0.71875 0.7867892976588629 0.10714285714285714 0.0451505016722408
0 0.7410714285714286 0.8361204013377926 0.078125 0.051839464882943144