0 0.3188976377952756 0.026984126984126985 0.21456692913385828 0.023809523809523808
0 0.8346456692913385 0.04126984126984127 0.10236220472440945 0.025396825396825397
0 0.547244094488189 0.08095238095238096 0.6732283464566929 0.03650793650793651
0 0.5492125984251969 0.09444444444444444 0.6692913385826772 0.0380952380952381
0 0.5452755905511811 0.1111111111111111 0.6712598425196851 0.03650793650793651
0 0.5442913385826772 0.1261904761904762 0.6712598425196851 0.0380952380952381
0 0.4507874015748031 0.14047619047619048 0.484251968503937 0.031746031746031744
0 0.5285433070866141 0.19603174603174603 0.655511811023622 0.07301587301587302
0 0.5078740157480315 0.25 0.6181102362204725 0.07936507936507936
0 0.5187007874015748 0.30396825396825394 0.6437007874015748 0.07301587301587302
0 0.5295275590551181 0.35714285714285715 0.6751968503937008 0.07777777777777778
0 0.5344488188976378 0.4142857142857143 0.7047244094488189 0.08095238095238096
0 0.5078740157480315 0.46825396825396826 0.6535433070866141 0.08253968253968254
0 0.5531496062992126 0.5222222222222223 0.7362204724409449 0.08412698412698413
0 0.5610236220472441 0.5801587301587302 0.7874015748031497 0.08412698412698413
0 0.5393700787401575 0.6333333333333333 0.7263779527559056 0.08095238095238096
0 0.4911417322834646 0.6841269841269841 0.6141732283464567 0.08412698412698413
0 0.265748031496063 0.7388888888888889 0.15748031496062992 0.05714285714285714
0 0.2106299212598425 0.8126984126984127 0.06299212598425197 0.01746031746031746