0 0.79375 0.030833333333333334 0.02 0.025
0 0.803125 0.06416666666666666 0.0325 0.028333333333333332
0 0.3475 0.115 0.15375 0.06
0 0.39 0.15833333333333333 0.23625 0.051666666666666666
0 0.42 0.20666666666666667 0.27875 0.06333333333333334
0 0.36125 0.25583333333333336 0.1375 0.06333333333333334
0 0.353125 0.2916666666666667 0.1225 0.043333333333333335
0 0.455625 0.345 0.32125 0.06833333333333333
0 0.5025 0.38916666666666666 0.1825 0.06166666666666667
0 0.409375 0.43416666666666665 0.1975 0.058333333333333334
0 0.353125 0.5308333333333334 0.14375 0.06333333333333334
0 0.555625 0.5716666666666667 0.5425 0.065
0 0.3475 0.62 0.12125 0.055
0 0.49125 0.6633333333333333 0.39875 0.06333333333333334
0 0.623125 0.7075 0.665 0.07333333333333333
0 0.3175 0.7591666666666667 0.085 0.051666666666666666
0 0.3475 0.8516666666666667 0.11625 0.07
0 0.55125 0.8941666666666667 0.48875 0.06833333333333333
0 0.464375 0.9458333333333333 0.31625 0.06
0 0.4625 0.9775 0.325 0.045