0 0.6951754385964912 0.034482758620689655 0.039473684210526314 0.02586206896551724
0 0.7748538011695907 0.03879310344827586 0.04678362573099415 0.022988505747126436
0 0.4678362573099415 0.10344827586206896 0.49853801169590645 0.07327586206896551
0 0.5562865497076024 0.14942528735632185 0.6652046783625731 0.07614942528735633
0 0.4093567251461988 0.19468390804597702 0.1301169590643275 0.07902298850574713
0 0.7010233918128655 0.18606321839080459 0.24853801169590642 0.041666666666666664
0 0.4027777777777778 0.3010057471264368 0.32456140350877194 0.05316091954022988
0 0.6213450292397661 0.3541666666666667 0.6535087719298246 0.07327586206896551
0 0.5672514619883041 0.39727011494252873 0.7748538011695907 0.07471264367816093
0 0.60453216374269 0.4367816091954023 0.6081871345029239 0.06752873563218391
0 0.14181286549707603 0.47844827586206895 0.18567251461988304 0.06896551724137931
0 0.13450292397660818 0.5280172413793104 0.17251461988304093 0.06896551724137931
0 0.3230994152046784 0.507183908045977 0.18567251461988304 0.04454022988505747
0 0.6527777777777778 0.5186781609195402 0.36988304093567254 0.06896551724137931
0 0.6498538011695907 0.5589080459770115 0.35964912280701755 0.0617816091954023
0 0.3223684210526316 0.555316091954023 0.19736842105263158 0.05316091954022988
0 0.3084795321637427 0.6293103448275862 0.03508771929824561 0.027298850574712645
0 0.52046783625731 0.6372126436781609 0.16666666666666666 0.05459770114942529
0 0.8289473684210527 0.6336206896551724 0.1388888888888889 0.04310344827586207
0 0.2646198830409357 0.6716954022988506 0.07894736842105263 0.04885057471264368
0 0.2850877192982456 0.7126436781609196 0.09064327485380116 0.05316091954022988
0 0.5146198830409356 0.7183908045977011 0.10964912280701754 0.05603448275862069
0 0.85453216374269 0.7147988505747126 0.17251461988304093 0.05172413793103448
0 0.2741228070175439 0.7543103448275862 0.07602339181286549 0.035919540229885055
0 0.543859649122807 0.7521551724137931 0.1608187134502924 0.04310344827586207
0 0.8399122807017544 0.7636494252873564 0.10818713450292397 0.05459770114942529
0 0.4649122807017544 0.8397988505747126 0.45321637426900585 0.07614942528735633
0 0.8399122807017544 0.8362068965517241 0.26169590643274854 0.0617816091954023
0 0.4780701754385965 0.8864942528735632 0.44298245614035087 0.07902298850574713
0 0.6016081871345029 0.9475574712643678 0.695906432748538 0.09770114942528736
0 0.35014619883040937 0.9806034482758621 0.1915204678362573 0.03735632183908046