0 0.47554347826086957 0.036585365853658534 0.5815217391304348 0.07317073170731707
0 0.5027173913043478 0.12195121951219512 0.8804347826086957 0.07723577235772358
0 0.40217391304347827 0.1991869918699187 0.7282608695652174 0.07317073170731707
0 0.4782608695652174 0.2682926829268293 0.8315217391304348 0.09349593495934959
0 0.47554347826086957 0.3556910569105691 0.8532608695652174 0.10975609756097561
0 0.453804347826087 0.3983739837398374 0.8206521739130435 0.07723577235772358
0 0.47282608695652173 0.4735772357723577 0.8206521739130435 0.08536585365853659
0 0.5027173913043478 0.524390243902439 0.9402173913043478 0.1016260162601626
0 0.10597826086956522 0.6056910569105691 0.1358695652173913 0.06504065040650407
0 0.45652173913043476 0.6504065040650406 0.7934782608695652 0.13414634146341464
0 0.3858695652173913 0.7195121951219512 0.6847826086956522 0.13008130081300814
0 0.5081521739130435 0.7865853658536586 0.9239130434782609 0.08536585365853659
0 0.453804347826087 0.8475609756097561 0.8043478260869565 0.09349593495934959
0 0.5081521739130435 0.9065040650406504 0.875 0.09349593495934959
0 0.49184782608695654 0.9573170731707317 0.8641304347826086 0.08536585365853659