0 0.13272 0.009053156146179402 0.26546 0.018122923588039866
0 0.10364 0.029451827242524917 0.20728 0.028687707641196013
0 0.0891 0.05888704318936878 0.17818 0.021146179401993356
0 0.49 0.04606312292358804 0.49636 0.04378737541528239
0 0.26089999999999997 0.09287375415282391 0.42363999999999996 0.04078073089700997
0 0.6891 0.0958970099667774 0.09818 0.028687707641196013
0 0.31089999999999995 0.13817275747508306 0.5127200000000001 0.05588039867109635
0 0.25 0.17290697674418606 0.39818000000000003 0.0317109634551495
0 0.15546000000000001 0.21141196013289035 0.21272 0.027176079734219268
0 0.18 0.2529401993355482 0.15272 0.07098006644518272
0 0.16546 0.3110797342192691 0.14182 0.024169435215946847
0 0.15728 0.34053156146179403 0.27454 0.04378737541528239
0 0.5791000000000001 0.21066445182724253 0.30363999999999997 0.025664451827242522
0 0.59364 0.24011627906976746 0.63454 0.051345514950166114
0 0.44089999999999996 0.2733388704318937 0.33636 0.051345514950166114
0 0.8054600000000001 0.2967441860465116 0.14546 0.04378737541528239
0 0.47636 0.3858305647840532 0.15636000000000003 0.04378737541528239
0 0.47728 0.42887043189368773 0.13636 0.03926910299003322
0 0.45546 0.4771926910299003 0.41636 0.0543687707641196
0 0.49454000000000004 0.5209966777408638 0.6109 0.05739202657807309
0 0.48272000000000004 0.5640365448504984 0.47454 0.05285714285714286
0 0.49 0.6093355481727575 0.59454 0.05588039867109635
0 0.61454 0.6448172757475084 0.11272 0.03926910299003322
0 0.93 0.9800664451827242 0.1291 0.024169435215946847