0 0.41814432989690725 0.0855625 0.8061119293078056 0.0960625
0 0.44668630338733434 0.15901041666666668 0.6606774668630339 0.08875000000000001
0 0.8684388807069219 0.124625 0.1234756995581738 0.13667708333333334
0 0.479440353460972 0.24105208333333333 0.9397496318114875 0.08613541666666666
0 0.16505154639175257 0.3101979166666667 0.32568483063328424 0.08064583333333333
0 0.4728129602356407 0.38090625 0.9412223858615612 0.07204166666666666
0 0.48717231222385865 0.46098958333333334 0.974359351988218 0.08634375
0 0.4402356406480118 0.5356145833333333 0.8797349042709868 0.09596874999999999
0 0.4897496318114875 0.6124375000000001 0.9750957290132548 0.08292708333333333
0 0.4934315169366716 0.68315625 0.9677319587628866 0.08473958333333333
0 0.1843740795287187 0.75503125 0.33120765832106036 0.07638541666666666
0 0.4980412371134021 0.83434375 0.9879823269513992 0.08705208333333332
0 0.4840500736377025 0.9062187500000001 0.9600000000000001 0.08911458333333333
0 0.1621060382916053 0.96678125 0.2608836524300442 0.06644791666666666