0 0.5895833333333333 0.028698979591836735 0.6305555555555555 0.04336734693877551
0 0.6923611111111111 0.056760204081632654 0.5111111111111111 0.03316326530612245
0 0.5701388888888889 0.10140306122448979 0.17777777777777778 0.058673469387755105
0 0.7805555555555556 0.09502551020408163 0.11944444444444445 0.03188775510204082
0 0.47847222222222224 0.15943877551020408 0.3680555555555556 0.04336734693877551
0 0.34930555555555554 0.19706632653061223 0.14305555555555555 0.04591836734693878
0 0.6798611111111111 0.1951530612244898 0.4444444444444444 0.047193877551020405
0 0.5236111111111111 0.22512755102040816 0.14444444444444443 0.03826530612244898
0 0.4111111111111111 0.25956632653061223 0.3472222222222222 0.04081632653061224
0 0.7020833333333333 0.25956632653061223 0.14027777777777778 0.04081632653061224
0 0.42916666666666664 0.29464285714285715 0.10555555555555556 0.039540816326530615
0 0.44722222222222224 0.32334183673469385 0.1361111111111111 0.03316326530612245
0 0.5201388888888889 0.36033163265306123 0.10277777777777777 0.036989795918367346
0 0.42916666666666664 0.3960459183673469 0.2638888888888889 0.044642857142857144
0 0.1486111111111111 0.430484693877551 0.16111111111111112 0.044642857142857144
0 0.6 0.4375 0.6361111111111111 0.04846938775510204
0 0.5486111111111112 0.47512755102040816 0.5513888888888889 0.04591836734693878
0 0.14791666666666667 0.46619897959183676 0.1625 0.042091836734693876
0 0.1375 0.49808673469387754 0.14305555555555555 0.03443877551020408
0 0.14652777777777778 0.5357142857142857 0.14583333333333334 0.04081632653061224
0 0.3145833333333333 0.5688775510204082 0.5180555555555556 0.04336734693877551
0 0.6694444444444444 0.5778061224489796 0.018055555555555554 0.02295918367346939
0 0.7902777777777777 0.5809948979591837 0.16111111111111112 0.05229591836734694
0 0.8479166666666667 0.6116071428571429 0.08611111111111111 0.02295918367346939
0 0.7319444444444444 0.8303571428571429 0.25416666666666665 0.026785714285714284
0 0.1451388888888889 0.8743622448979592 0.16527777777777777 0.042091836734693876
0 0.48125 0.8794642857142857 0.3486111111111111 0.05102040816326531
0 0.6201388888888889 0.9139030612244898 0.6277777777777778 0.05612244897959184
0 0.45069444444444445 0.9470663265306123 0.29444444444444445 0.04846938775510204
0 0.6111111111111112 0.9783163265306123 0.6305555555555555 0.04336734693877551
0 0.37569444444444444 0.9948979591836735 0.1625 0.01020408163265306
0 0.1076388888888889 0.9725765306122449 0.04027777777777778 0.03188775510204082