0 0.484375 0.030612244897959183 0.8680555555555556 0.061224489795918366
0 0.5026041666666666 0.05357142857142857 0.96875 0.06377551020408163
0 0.4774305555555556 0.08737244897959184 0.8993055555555556 0.06377551020408163
0 0.5078125 0.11352040816326531 0.9565972222222222 0.07142857142857142
0 0.4895833333333333 0.14221938775510204 0.921875 0.058673469387755105
0 0.4939236111111111 0.1747448979591837 0.9045138888888888 0.05994897959183673
0 0.4418402777777778 0.20408163265306123 0.7847222222222222 0.0548469387755102
0 0.5486111111111112 0.22321428571428573 0.8524305555555556 0.0663265306122449
0 0.5008680555555556 0.25510204081632654 0.9097222222222222 0.05229591836734694
0 0.5217013888888888 0.2869897959183674 0.9479166666666666 0.06887755102040816
0 0.5060763888888888 0.3169642857142857 0.9114583333333334 0.0663265306122449
0 0.5052083333333334 0.34311224489795916 0.8975694444444444 0.06505102040816327
0 0.18489583333333334 0.38392857142857145 0.2465277777777778 0.03826530612244898
0 0.5703125 0.399234693877551 0.8524305555555556 0.07142857142857142
0 0.5095486111111112 0.4292091836734694 0.9791666666666666 0.07270408163265306
0 0.515625 0.45918367346938777 0.9652777777777778 0.061224489795918366
0 0.5069444444444444 0.48788265306122447 0.9392361111111112 0.06377551020408163
0 0.5017361111111112 0.5153061224489796 0.9322916666666666 0.05994897959183673
0 0.4869791666666667 0.5459183673469388 0.8802083333333334 0.05994897959183673
0 0.5269097222222222 0.5746173469387755 0.9461805555555556 0.06505102040816327
0 0.46875 0.6052295918367347 0.7604166666666666 0.0663265306122449
0 0.5529513888888888 0.6568877551020408 0.8263888888888888 0.05739795918367347
0 0.4826388888888889 0.6875 0.8854166666666666 0.0548469387755102
0 0.5234375 0.7193877551020408 0.953125 0.058673469387755105
0 0.53125 0.7461734693877551 0.9375 0.06887755102040816
0 0.5407986111111112 0.7748724489795918 0.9097222222222222 0.0625
0 0.5347222222222222 0.8061224489795918 0.921875 0.0663265306122449
0 0.2777777777777778 0.8392857142857143 0.4010416666666667 0.042091836734693876
0 0.578125 0.8864795918367347 0.84375 0.06887755102040816
0 0.5243055555555556 0.9228316326530612 0.890625 0.07142857142857142
0 0.5381944444444444 0.9489795918367347 0.9236111111111112 0.061224489795918366
0 0.5390625 0.9751275510204082 0.921875 0.04974489795918367