0 0.12323475046210722 0.0625 0.1478743068391867 0.0333375
0 0.3799630314232902 0.17291250000000002 0.18073937153419595 0.054162499999999995
0 0.07702402957486137 0.26875 0.08421441774491682 0.029162499999999997
0 0.27110905730129387 0.26875 0.08626617375231053 0.026387499999999998
0 0.4610720887245841 0.26945 0.08421441774491682 0.027774999999999998
0 0.6510536044362293 0.26875 0.08626617375231053 0.029162499999999997
0 0.8451386321626618 0.27013750000000003 0.08421441774491682 0.029162499999999997
0 0.07907578558225509 0.35555 0.08421441774491682 0.027774999999999998
0 0.27110905730129387 0.35555 0.08626617375231053 0.027774999999999998
0 0.46210720887245843 0.35486249999999997 0.08626617375231053 0.026387499999999998
0 0.6500369685767098 0.35625 0.08421441774491682 0.029162499999999997
0 0.8451386321626618 0.35625 0.08009242144177449 0.029162499999999997
0 0.07804066543438078 0.44097499999999995 0.0821441774491682 0.029162499999999997
0 0.2700739371534196 0.44097499999999995 0.08421441774491682 0.026387499999999998
0 0.46005545286506466 0.44097499999999995 0.0821441774491682 0.029162499999999997
0 0.6490018484288356 0.440275 0.0821441774491682 0.027774999999999998
0 0.843086876155268 0.44097499999999995 0.08831792975970425 0.029162499999999997
0 0.38713493530499077 0.6020875 0.1909981515711645 0.05695
0 0.0821441774491682 0.7013875 0.0944731977818854 0.03055
0 0.2752125693160813 0.7006999999999999 0.09036968576709797 0.029162499999999997
0 0.46210720887245843 0.6993 0.08626617375231053 0.029162499999999997
0 0.6541404805914972 0.7006999999999999 0.09652495378927911 0.026387499999999998
0 0.8492421441774491 0.6986125 0.09242144177449169 0.03055
0 0.08523105360443622 0.7854125000000001 0.08831792975970425 0.026387499999999998
0 0.2752125693160813 0.784725 0.08626617375231053 0.027774999999999998
0 0.46210720887245843 0.784725 0.0821441774491682 0.025
0 0.6561922365988909 0.7861125 0.08831792975970425 0.025
0 0.8502772643253235 0.7833374999999999 0.09036968576709797 0.027774999999999998
0 0.08523105360443622 0.8708374999999999 0.08831792975970425 0.027774999999999998
0 0.27726432532347506 0.871525 0.09036968576709797 0.029162499999999997
0 0.4651940850277264 0.8708374999999999 0.08831792975970425 0.027774999999999998
0 0.6561922365988909 0.871525 0.08421441774491682 0.026387499999999998
0 0.8513123844731978 0.871525 0.08831792975970425 0.026387499999999998