0 0.46418539325842695 0.06269757639620653 0.5941011235955056 0.0827186512118019
0 0.4845505617977528 0.15384615384615385 0.8946629213483146 0.08008429926238145
0 0.3890449438202247 0.23551106427818758 0.7373595505617978 0.07744994731296101
0 0.461376404494382 0.3087460484720759 0.8532303370786517 0.07744994731296101
0 0.45365168539325845 0.39199157007376184 0.8728932584269663 0.0964172813487882
0 0.4353932584269663 0.43730242360379346 0.8441011235955056 0.06796628029504742
0 0.44452247191011235 0.512118018967334 0.8370786516853933 0.0732349841938883
0 0.47542134831460675 0.5727081138040042 0.949438202247191 0.08535300316122234
0 0.06811797752808989 0.6475237091675448 0.13623595505617977 0.06638566912539515
0 0.4220505617977528 0.6965226554267651 0.8061797752808989 0.1290832455216017
0 0.3574438202247191 0.7623814541622761 0.6917134831460674 0.11959957850368809
0 0.4782303370786517 0.8366701791359326 0.9438202247191011 0.07744994731296101
0 0.41713483146067415 0.9004214963119073 0.8188202247191011 0.08535300316122234
0 0.46980337078651685 0.9594309799789252 0.8911516853932584 0.07586933614330875
0 0.4764747191011236 0.987881981032666 0.9094101123595506 0.02423603793466807