0 0.1820388349514563 0.05785123966942149 0.06796116504854369 0.02066115702479339
0 0.5388349514563107 0.27479338842975204 0.33495145631067963 0.05785123966942149
0 0.5388349514563107 0.3409090909090909 0.7330097087378641 0.06198347107438017
0 0.5024271844660194 0.44834710743801653 0.6796116504854369 0.06198347107438017
0 0.5 0.5557851239669421 0.6650485436893204 0.06611570247933884
0 0.4830097087378641 0.6673553719008265 0.6456310679611651 0.05785123966942149
0 0.21844660194174756 0.7644628099173554 0.1650485436893204 0.028925619834710745
0 0.3786407766990291 0.8223140495867769 0.44660194174757284 0.06198347107438017
0 0.21844660194174756 0.9462809917355371 0.17475728155339806 0.024793388429752067
0 0.7985436893203883 0.9566115702479339 0.11165048543689321 0.01652892561983471
0 0.9004854368932039 0.9545454545454546 0.038834951456310676 0.028925619834710745