0 0.49335548172757476 0.005833333333333334 0.18272425249169436 0.011666666666666667
0 0.9318936877076412 0.019166666666666665 0.08305647840531562 0.011666666666666667
0 0.6885382059800664 0.055 0.5714285714285714 0.03833333333333333
0 0.6835548172757475 0.07 0.5664451827242525 0.04
0 0.6868770764119602 0.10333333333333333 0.5714285714285714 0.041666666666666664
0 0.446843853820598 0.11083333333333334 0.09136212624584718 0.021666666666666667
0 0.6835548172757475 0.1825 0.5647840531561462 0.085
0 0.6636212624584718 0.2475 0.5332225913621262 0.08333333333333333
0 0.675249169435216 0.3016666666666667 0.5598006644518272 0.085
0 0.6785714285714286 0.3541666666666667 0.5764119601328903 0.085
0 0.6503322259136213 0.4083333333333333 0.5282392026578073 0.08
0 0.6528239202657807 0.4691666666666667 0.5348837209302325 0.08666666666666667
0 0.6735880398671097 0.5275 0.584717607973422 0.085
0 0.6503322259136213 0.5866666666666667 0.5398671096345515 0.09333333333333334
0 0.6602990033222591 0.6433333333333333 0.5664451827242525 0.07166666666666667
0 0.48006644518272423 0.6941666666666667 0.2026578073089701 0.07166666666666667
0 0.40448504983388706 0.8191666666666667 0.053156146179401995 0.021666666666666667