0 0.228296875 0.05396728016359918 0.0850625 0.060204498977505114
0 0.39582812500000003 0.07498977505112475 0.095484375 0.06588957055214724
0 0.528640625 0.0687321063394683 0.1024375 0.08521472392638037
0 0.6853281250000001 0.057382413087934556 0.13974999999999999 0.05566462167689162
0 0.412765625 0.14429447852760738 0.146703125 0.07952965235173824
0 0.407546875 0.2198364008179959 0.322046875 0.06476482617586912
0 0.079 0.29936605316973414 0.0381875 0.06249488752556237
0 0.09721874999999999 0.4618200408997955 0.0243125 0.060204498977505114
0 0.083765625 0.6259918200408998 0.05121875 0.06361963190184049
0 0.107640625 0.7907361963190185 0.10590625000000001 0.06588957055214724
0 0.170140625 0.953762781186094 0.217015625 0.06249488752556237