0 0.499113475177305 0.07579787234042554 0.7287234042553191 0.15159574468085107
0 0.4654255319148936 0.21077127659574468 0.5088652482269503 0.047872340425531915
0 0.4769503546099291 0.24933510638297873 0.6276595744680851 0.041223404255319146
0 0.45567375886524825 0.29055851063829785 0.5035460992907801 0.041223404255319146
0 0.5363475177304965 0.3357712765957447 0.8351063829787234 0.057180851063829786
0 0.549645390070922 0.37566489361702127 0.7198581560283688 0.05452127659574468
0 0.5372340425531915 0.42021276595744683 0.7943262411347518 0.05585106382978723
0 0.4397163120567376 0.4587765957446808 0.5195035460992907 0.041223404255319146
0 0.5044326241134752 0.5019946808510638 0.7943262411347518 0.05851063829787234
0 0.44148936170212766 0.5511968085106383 0.5531914893617021 0.05452127659574468
0 0.46808510638297873 0.5917553191489362 0.7163120567375887 0.05851063829787234
0 0.4033687943262411 0.6329787234042553 0.49822695035460995 0.05053191489361702
0 0.42730496453900707 0.6781914893617021 0.6790780141843972 0.05452127659574468
0 0.4521276595744681 0.7207446808510638 0.599290780141844 0.05319148936170213
0 0.4875886524822695 0.7712765957446809 0.8031914893617021 0.061170212765957445
0 0.39184397163120566 0.817154255319149 0.48226950354609927 0.05452127659574468
0 0.40425531914893614 0.8623670212765957 0.6613475177304965 0.05585106382978723