0 0.04635258358662614 0.013526119402985074 0.0845997973657548 0.027052238805970148
0 0.23961499493414387 0.08395522388059702 0.43667679837892603 0.08115671641791045
0 0.7368287740628167 0.10074626865671642 0.4376899696048632 0.08955223880597014
0 0.2069402228976697 0.18050373134328357 0.38551165146909827 0.07276119402985075
0 0.7532928064842959 0.19076492537313433 0.4579533941236069 0.08768656716417911
0 0.44452887537993924 0.37406716417910446 0.8515704154002026 0.12686567164179105
0 0.16767983789260385 0.466884328358209 0.2806484295845998 0.09421641791044776
0 0.41033434650455924 0.6464552238805971 0.7786220871327254 0.13712686567164178
0 0.4652988855116515 0.7467350746268657 0.7801418439716312 0.1296641791044776
0 0.6846504559270516 0.8404850746268657 0.38095238095238093 0.10541044776119403
0 0.6912360688956434 0.9300373134328358 0.3839918946301925 0.10634328358208955