0 0.42 0.02666666666666667 0.8266666666666667 0.05333333333333334
0 0.11416666666666667 0.07333333333333333 0.13 0.12222222222222222
0 0.34 0.18333333333333332 0.6416666666666667 0.15555555555555556
0 0.2925 0.2633333333333333 0.31666666666666665 0.10666666666666667
0 0.5 0.35777777777777775 1 0.15555555555555556
0 0.48083333333333333 0.45444444444444443 0.9616666666666667 0.18888888888888888
0 0.5 0.58 1 0.18666666666666668
0 0.49916666666666665 0.6577777777777778 0.9983333333333333 0.19555555555555557
0 0.49833333333333335 0.7588888888888888 0.9966666666666667 0.1711111111111111
0 0.4975 0.8733333333333333 0.995 0.21333333333333335
0 0.49083333333333334 0.9411111111111111 0.9816666666666667 0.11777777777777777