0 0.3593350383631714 0.08704735376044569 0.21739130434782608 0.03064066852367688
0 0.8580562659846548 0.09610027855153204 0.09846547314578005 0.03064066852367688
0 0.579923273657289 0.15389972144846797 0.6572890025575447 0.0403899721448468
0 0.5786445012787724 0.17479108635097493 0.6560102301790282 0.04178272980501393
0 0.5792838874680307 0.19220055710306408 0.6572890025575447 0.037604456824512536
0 0.5786445012787724 0.21239554317548748 0.6560102301790282 0.0403899721448468
0 0.42327365728900257 0.23119777158774374 0.3375959079283887 0.033426183844011144
0 0.5914322250639387 0.31058495821727017 0.6726342710997443 0.057103064066852366
0 0.5888746803069054 0.3850974930362117 0.6943734015345269 0.057103064066852366
0 0.5869565217391305 0.4554317548746518 0.6930946291560103 0.055710306406685235
0 0.5818414322250639 0.525766016713092 0.6854219948849105 0.054317548746518104
0 0.6042199488491049 0.5967966573816156 0.7365728900255755 0.054317548746518104
0 0.571611253196931 0.6706128133704735 0.6662404092071611 0.06128133704735376
0 0.5466751918158568 0.7423398328690808 0.6483375959079284 0.055710306406685235
0 0.55306905370844 0.8126740947075209 0.6534526854219949 0.055710306406685235
0 0.5447570332480819 0.887883008356546 0.6317135549872123 0.06963788300835655
0 0.3727621483375959 0.9512534818941504 0.29028132992327366 0.04178272980501393