0 0.47000000000000003 0.21324 0.8396391752577319 0.12608
0 0.4988659793814433 0.30457999999999996 0.49876288659793816 0.04204
0 0.5057216494845361 0.38272 0.8423969072164949 0.061759999999999995
0 0.33618556701030927 0.44151999999999997 0.07373711340206185 0.03214
0 0.5098711340206186 0.443 0.06716494845360825 0.037219999999999996
0 0.6839175257731959 0.44112 0.06819587628865979 0.03562
0 0.5442268041237114 0.51366 0.8368814432989691 0.07188
0 0.4475 0.5614 0.6125257731958763 0.0564
0 0.5962886597938145 0.61168 0.7932474226804123 0.06518
0 0.2782731958762887 0.66742 0.14005154639175257 0.05504
0 0.6239432989690722 0.70648 0.721417525773196 0.0649
0 0.38239690721649483 0.75822 0.23144329896907215 0.05742
0 0.6280670103092784 0.8021 0.6197164948453608 0.06834
0 0.6324742268041237 0.8545 0.7350515463917525 0.062200000000000005
0 0.3720876288659794 0.90238 0.1970876288659794 0.04912
0 0.5409536082474227 0.94104 0.42832474226804124 0.07312