0 0.3567073170731707 0.060393258426966294 0.026422764227642278 0.047752808988764044
0 0.13211382113821138 0.1306179775280899 0.026422764227642278 0.047752808988764044
0 0.133130081300813 0.20224719101123595 0.03048780487804878 0.042134831460674156
0 0.13109756097560976 0.273876404494382 0.034552845528455285 0.047752808988764044
0 0.12804878048780488 0.3398876404494382 0.032520325203252036 0.042134831460674156
0 0.12703252032520326 0.41151685393258425 0.03048780487804878 0.05337078651685393
0 0.12601626016260162 0.47752808988764045 0.032520325203252036 0.042134831460674156
0 0.12398373983739837 0.5575842696629213 0.032520325203252036 0.03932584269662921
0 0.125 0.6235955056179775 0.03048780487804878 0.047752808988764044
0 0.12296747967479675 0.6910112359550562 0.028455284552845527 0.047752808988764044
0 0.12195121951219512 0.7640449438202247 0.03048780487804878 0.0449438202247191
0 0.11890243902439024 0.8314606741573034 0.032520325203252036 0.0449438202247191
0 0.11890243902439024 0.9044943820224719 0.03048780487804878 0.047752808988764044
0 0.5386178861788617 0.08286516853932584 0.25203252032520324 0.0898876404494382
0 0.4898373983739837 0.15589887640449437 0.6016260162601627 0.10112359550561797
0 0.5071138211382114 0.22893258426966293 0.6443089430894309 0.10955056179775281
0 0.5304878048780488 0.300561797752809 0.6910569105691057 0.10393258426966293
0 0.483739837398374 0.37219101123595505 0.5975609756097561 0.11235955056179775
0 0.42886178861788615 0.44241573033707865 0.4959349593495935 0.10674157303370786
0 0.5264227642276422 0.5126404494382022 0.6869918699186992 0.09550561797752809
0 0.4095528455284553 0.5814606741573034 0.4634146341463415 0.10112359550561797
0 0.5 0.6558988764044944 0.6382113821138211 0.10955056179775281
0 0.4217479674796748 0.7219101123595506 0.4878048780487805 0.09550561797752809
0 0.4613821138211382 0.7935393258426966 0.5670731707317073 0.09550561797752809
0 0.4420731707317073 0.8665730337078652 0.532520325203252 0.10955056179775281
0 0.5050813008130082 0.9339887640449438 0.6605691056910569 0.12078651685393259