0 0.4873417721518987 0.8446428571428571 0.12658227848101267 0.02857142857142857
0 0.49050632911392406 0.7535714285714286 0.0379746835443038 0.03214285714285714
0 0.07278481012658228 0.9232142857142858 0.14556962025316456 0.03214285714285714
0 0.24050632911392406 0.45714285714285713 0.34177215189873417 0.05357142857142857
0 0.4525316455696203 0.15 0.7848101265822784 0.06785714285714285
0 0.028481012658227847 0.0375 0.03164556962025317 0.02142857142857143
0 0.0379746835443038 0.05714285714285714 0.05063291139240506 0.017857142857142856
0 0.5189873417721519 0.21964285714285714 0.9177215189873418 0.05714285714285714
0 0.47151898734177217 0.26071428571428573 0.8354430379746836 0.05357142857142857
0 0.5253164556962026 0.32321428571428573 0.9493670886075949 0.05357142857142857
0 0.5284810126582279 0.35714285714285715 0.9430379746835443 0.05714285714285714
0 0.2848101265822785 0.38571428571428573 0.43037974683544306 0.04285714285714286