0 0.1433625 0.08785379568884723 0.11851874999999999 0.031012183692596066
0 0.39228124999999997 0.08879100281162136 0.11634375000000001 0.026466729147141516
0 0.6329812499999999 0.08825679475164011 0.119175 0.02753514526710403
0 0.87546875 0.08879100281162136 0.11843125 0.026466729147141516
0 0.14095625 0.9306279287722586 0.11904999999999999 0.021733833177132147
0 0.390225 0.9272727272727272 0.11759375 0.025754451733833176
0 0.627625 0.9290159325210872 0.11560625 0.024948453608247424
0 0.87225 0.9299531396438613 0.11914374999999999 0.02682286785379569
0 0.4990375 0.2591002811621368 0.8441500000000001 0.167825679475164
0 0.53680625 0.4805716963448922 0.7714687499999999 0.2229522024367385
0 0.52564375 0.7357825679475164 0.73665 0.24270852858481726