0 0.12103448275862069 0.03125 0.12482758620689655 0.0625
0 0.5303448275862069 0.10677083333333333 0.9213793103448276 0.13020833333333334
0 0.2944827586206897 0.16145833333333334 0.5296551724137931 0.10625
0 0.506896551724138 0.259375 0.9393103448275862 0.14479166666666668
0 0.5051724137931034 0.3255208333333333 0.9682758620689655 0.13854166666666667
0 0.5144827586206897 0.40625 0.9710344827586207 0.14375
0 0.05586206896551724 0.4546875 0.08 0.06979166666666667
0 0.5086206896551724 0.553125 0.9813793103448276 0.140625
0 0.5055172413793103 0.6322916666666667 0.9841379310344828 0.140625
0 0.5024137931034482 0.7083333333333334 0.9868965517241379 0.14791666666666667
0 0.3451724137931034 0.784375 0.6903448275862069 0.14166666666666666
0 0.044137931034482755 0.8515625 0.06758620689655172 0.078125