0 0.5783333333333334 0.03355704697986577 0.37 0.050335570469798654
0 0.585 0.07550335570469799 0.295 0.04530201342281879
0 0.5533333333333333 0.10822147651006711 0.15833333333333333 0.03859060402684564
0 0.5491666666666667 0.14848993288590603 0.53 0.04697986577181208
0 0.46 0.18624161073825504 0.3516666666666667 0.03859060402684564
0 0.5808333333333333 0.2256711409395973 0.5133333333333333 0.05704697986577181
0 0.5675 0.2676174496644295 0.57 0.06040268456375839
0 0.5491666666666667 0.3053691275167785 0.54 0.05704697986577181
0 0.5741666666666667 0.3464765100671141 0.5983333333333334 0.06208053691275168
0 0.5608333333333333 0.3926174496644295 0.565 0.0587248322147651
0 0.3675 0.436241610738255 0.185 0.050335570469798654
0 0.6 0.4672818791946309 0.5433333333333333 0.07214765100671142
0 0.45916666666666667 0.5192953020134228 0.37166666666666665 0.053691275167785234
0 0.5766666666666667 0.5578859060402684 0.5116666666666667 0.0587248322147651
0 0.5216666666666666 0.6065436241610739 0.495 0.06040268456375839
0 0.5708333333333333 0.6510067114093959 0.5883333333333334 0.06711409395973154
0 0.415 0.7021812080536913 0.27666666666666667 0.05704697986577181
0 0.3383333333333333 0.74748322147651 0.275 0.07214765100671142
0 0.5558333333333333 0.7315436241610739 0.10666666666666667 0.0587248322147651
0 0.7433333333333333 0.7466442953020134 0.325 0.06040268456375839
0 0.29333333333333333 0.8137583892617449 0.25833333333333336 0.08892617449664429
0 0.3775 0.8464765100671141 0.37166666666666665 0.06879194630872483
0 0.5241666666666667 0.787751677852349 0.125 0.053691275167785234
0 0.7816666666666666 0.7860738255033557 0.23833333333333334 0.050335570469798654
0 0.7133333333333334 0.8464765100671141 0.24166666666666667 0.087248322147651
0 0.7483333333333333 0.9001677852348994 0.275 0.10906040268456375
0 0.2575 0.9295302013422819 0.21666666666666667 0.10906040268456375
0 0.4766666666666667 0.9395973154362416 0.175 0.10906040268456375