0 0.4501779359430605 0.045023696682464455 0.8896797153024911 0.09004739336492891
0 0.48665480427046265 0.08649289099526067 0.9217081850533808 0.0924170616113744
0 0.45729537366548045 0.1481042654028436 0.8754448398576512 0.0971563981042654
0 0.4386120996441281 0.2037914691943128 0.8131672597864769 0.1066350710900474
0 0.4786476868327402 0.2559241706161137 0.8736654804270463 0.1018957345971564
0 0.31316725978647686 0.29739336492890994 0.1708185053380783 0.061611374407582936
0 0.46619217081850534 0.36018957345971564 0.8843416370106761 0.0995260663507109
0 0.46174377224199287 0.4075829383886256 0.8718861209964412 0.08056872037914692
0 0.45462633451957296 0.471563981042654 0.8612099644128114 0.0995260663507109
0 0.47686832740213525 0.5213270142180095 0.8896797153024911 0.08767772511848342
0 0.45462633451957296 0.580568720379147 0.8612099644128114 0.10426540284360189
0 0.07651245551601424 0.6078199052132701 0.09608540925266904 0.061611374407582936
0 0.6201067615658363 0.7132701421800948 0.11387900355871886 0.04028436018957346
0 0.6183274021352313 0.7535545023696683 0.2099644128113879 0.052132701421800945
0 0.5587188612099644 0.8732227488151659 0.20462633451957296 0.14454976303317535
0 0.6921708185053381 0.9561611374407583 0.3238434163701068 0.08767772511848342