0 0.6959459459459459 0.008849557522123894 0.04054054054054054 0.017699115044247787
0 0.7777777777777778 0.009587020648967551 0.04804804804804805 0.019174041297935103
0 0.46621621621621623 0.0855457227138643 0.512012012012012 0.0752212389380531
0 0.5585585585585585 0.1290560471976401 0.6831831831831832 0.07817109144542773
0 0.4091591591591592 0.18067846607669616 0.13363363363363365 0.08112094395280237
0 0.7087087087087087 0.16224188790560473 0.2552552552552553 0.04277286135693215
0 0.40615615615615613 0.28982300884955753 0.3333333333333333 0.05457227138643068
0 0.6328828828828829 0.33702064896755163 0.6711711711711712 0.0752212389380531
0 0.5788288288288288 0.3827433628318584 0.7957957957957958 0.07669616519174041
0 0.6178678678678678 0.4218289085545723 0.6246246246246246 0.06932153392330384
0 0.1448948948948949 0.48156342182890854 0.1906906906906907 0.07079646017699115
0 0.13963963963963963 0.532448377581121 0.17717717717717718 0.07079646017699115
0 0.33183183183183185 0.5051622418879056 0.1906906906906907 0.045722713864306784
0 0.6704204204204204 0.504424778761062 0.37987987987987987 0.07079646017699115
0 0.6696696696696697 0.5464601769911505 0.36936936936936937 0.06342182890855458
0 0.3333333333333333 0.553834808259587 0.20270270270270271 0.05457227138643068
0 0.3213213213213213 0.6305309734513275 0.036036036036036036 0.028023598820058997
0 0.5397897897897898 0.6312684365781711 0.17117117117117117 0.05604719764011799
0 0.8558558558558559 0.616519174041298 0.14264264264264265 0.04424778761061947
0 0.27852852852852855 0.6755162241887905 0.08108108108108109 0.05014749262536873
0 0.3003003003003003 0.7168141592920354 0.09309309309309309 0.05457227138643068
0 0.536036036036036 0.7146017699115044 0.11261261261261261 0.05752212389380531
0 0.8851351351351351 0.6991150442477876 0.17717717717717718 0.05309734513274336
0 0.2905405405405405 0.7595870206489675 0.07807807807807808 0.03687315634218289
0 0.5675675675675675 0.7477876106194691 0.16516516516516516 0.04424778761061947
0 0.8723723723723724 0.7492625368731564 0.1111111111111111 0.05604719764011799
0 0.49024024024024027 0.8407079646017699 0.46546546546546547 0.07817109144542773
0 0.8693693693693694 0.8222713864306784 0.26126126126126126 0.06342182890855458
0 0.5045045045045045 0.887905604719764 0.45495495495495497 0.08112094395280237
0 0.6336336336336337 0.946165191740413 0.7147147147147147 0.10029498525073746
0 0.3761261261261261 0.9845132743362832 0.1966966966966967 0.030973451327433628