0 0.057065217391304345 0.021153846153846155 0.11413043478260869 0.04230769230769231
0 0.48641304347826086 0.019230769230769232 0.4076086956521739 0.038461538461538464
0 0.4592391304347826 0.07692307692307693 0.8858695652173914 0.057692307692307696
0 0.45652173913043476 0.14423076923076922 0.8967391304347826 0.06923076923076923
0 0.47554347826086957 0.21346153846153845 0.9347826086956522 0.06153846153846154
0 0.5027173913043478 0.27884615384615385 0.9945652173913043 0.06153846153846154
0 0.47554347826086957 0.35192307692307695 0.9402173913043478 0.05384615384615385
0 0.46467391304347827 0.41346153846153844 0.8967391304347826 0.057692307692307696
0 0.5027173913043478 0.48846153846153845 0.9728260869565217 0.057692307692307696
0 0.49184782608695654 0.5557692307692308 0.9565217391304348 0.06538461538461539
0 0.49728260869565216 0.625 0.9619565217391305 0.06538461538461539
0 0.47282608695652173 0.6903846153846154 0.8967391304347826 0.06538461538461539
0 0.453804347826087 0.7557692307692307 0.875 0.05
0 0.48097826086956524 0.8307692307692308 0.9619565217391305 0.05
0 0.4945652173913043 0.9057692307692308 0.9891304347826086 0.06538461538461539
0 0.17391304347826086 0.9596153846153846 0.14673913043478262 0.03076923076923077
0 0.8967391304347826 0.9634615384615385 0.19021739130434784 0.03461538461538462