0 0.22715289982425307 0.0765993265993266 0.421792618629174 0.08080808080808081
0 0.7429701230228472 0.0563973063973064 0.2627416520210896 0.06734006734006734
0 0.24033391915641475 0.2255892255892256 0.4806678383128295 0.13131313131313133
0 0.2100175746924429 0.41245791245791247 0.37785588752196836 0.13468013468013468
0 0.19551845342706503 0.6498316498316499 0.38400702987697716 0.1111111111111111
0 0.17530755711775045 0.8754208754208754 0.3224956063268893 0.14309764309764308
0 0.7429701230228472 0.2281144781144781 0.4086115992970123 0.1531986531986532
0 0.7543936731107206 0.3114478114478115 0.3374340949033392 0.12457912457912458
0 0.7122144112478032 0.3998316498316498 0.2557117750439367 0.12289562289562289
0 0.7130931458699473 0.4797979797979798 0.18541300527240773 0.09427609427609428
0 0.7508787346221442 0.6195286195286195 0.4121265377855888 0.08922558922558922
0 0.7245166959578208 0.7045454545454546 0.28558875219683655 0.08585858585858586
0 0.6915641476274165 0.7887205387205387 0.2539543057996485 0.0723905723905724
0 0.6898066783831283 0.8762626262626263 0.21353251318101935 0.07575757575757576