0 0.356763925729443 0.011126564673157162 0.44562334217506633 0.022253129346314324
0 0.4946949602122016 0.09040333796940195 0.76657824933687 0.0584144645340751
0 0.48143236074270557 0.16689847009735745 0.726790450928382 0.04450625869262865
0 0.5311671087533156 0.2426981919332406 0.8554376657824934 0.05702364394993046
0 0.523209549071618 0.32127955493741306 0.8209549071618037 0.04728789986091794
0 0.5424403183023873 0.39707927677329624 0.8461538461538461 0.043115438108484005
0 0.5 0.4756606397774687 0.7718832891246684 0.061196105702364396
0 0.5152519893899205 0.5514603616133519 0.8076923076923077 0.05146036161335188
0 0.5119363395225465 0.6300417246175244 0.7931034482758621 0.0584144645340751
0 0.5251989389920424 0.7037552155771906 0.7957559681697612 0.05006954102920723
0 0.490053050397878 0.7767732962447844 0.7201591511936339 0.054242002781641166