0 0.5483870967741935 0.05555555555555555 0.46236559139784944 0.027777777777777776
0 0.5053763440860215 0.0875 0.02867383512544803 0.03333333333333333
0 0.5555555555555556 0.1388888888888889 0.6236559139784946 0.05
0 0.5017921146953405 0.18125 0.7491039426523297 0.04583333333333333
0 0.5340501792114696 0.22013888888888888 0.8136200716845878 0.04027777777777778
0 0.5197132616487455 0.2708333333333333 0.7777777777777778 0.05
0 0.5161290322580645 0.3104166666666667 0.7670250896057348 0.04583333333333333
0 0.5232974910394266 0.35138888888888886 0.7849462365591398 0.04722222222222222
0 0.5412186379928315 0.3951388888888889 0.8279569892473119 0.05416666666666667
0 0.507168458781362 0.4395833333333333 0.7562724014336918 0.05138888888888889
0 0.5815412186379928 0.47638888888888886 0.6720430107526881 0.03333333333333333
0 0.5376344086021505 0.5229166666666667 0.8315412186379928 0.04583333333333333
0 0.532258064516129 0.5680555555555555 0.8100358422939068 0.05555555555555555
0 0.4659498207885305 0.6055555555555555 0.6666666666666666 0.04722222222222222