0 0.11257309941520467 0.05970149253731343 0.20760233918128654 0.0955223880597015
0 0.35891812865497075 0.0664179104477612 0.23830409356725146 0.10895522388059702
0 0.6103801169590644 0.06044776119402985 0.22953216374269006 0.10895522388059702
0 0.8720760233918129 0.06119402985074627 0.24707602339181287 0.11044776119402985
0 0.11330409356725146 0.17388059701492536 0.20321637426900585 0.09701492537313433
0 0.358187134502924 0.17537313432835822 0.23976608187134502 0.10895522388059702
0 0.6154970760233918 0.1746268656716418 0.24853801169590642 0.10746268656716418
0 0.8735380116959064 0.17686567164179104 0.17982456140350878 0.1
0 0.1154970760233918 0.27761194029850744 0.22514619883040934 0.08358208955223881
0 0.3530701754385965 0.2865671641791045 0.2412280701754386 0.09850746268656717
0 0.6140350877192983 0.2828358208955224 0.24269005847953215 0.09104477611940298
0 0.8698830409356725 0.28432835820895525 0.24269005847953215 0.1
0 0.1154970760233918 0.3895522388059702 0.21929824561403508 0.10149253731343283
0 0.3603801169590643 0.39552238805970147 0.24707602339181287 0.10746268656716418
0 0.6140350877192983 0.39552238805970147 0.23976608187134502 0.09850746268656717
0 0.8662280701754386 0.3925373134328358 0.2412280701754386 0.11044776119402985
0 0.489766081871345 0.48582089552238805 0.3216374269005848 0.028358208955223882
0 0.4853801169590643 0.564179104477612 0.6198830409356725 0.07164179104477612
0 0.47441520467836257 0.664179104477612 0.6067251461988304 0.09850746268656717
0 0.489766081871345 0.7313432835820896 0.17543859649122806 0.029850746268656716
0 0.2595029239766082 0.8082089552238806 0.20906432748538012 0.07313432835820896
0 0.6052631578947368 0.8007462686567164 0.2982456140350877 0.07313432835820896
0 0.5942982456140351 0.9097014925373135 0.24707602339181287 0.07014925373134329
0 0.24853801169590642 0.914179104477612 0.15789473684210525 0.06716417910447761
0 0.48830409356725146 0.9880597014925373 0.19883040935672514 0.023880597014925373