0 0.5375939849624061 0.050347222222222224 0.8012889366272825 0.10069444444444445
0 0.4167561761546724 0.09722222222222222 0.7373791621911923 0.12251984126984126
0 0.5236305048335124 0.16517857142857142 0.9527389903329753 0.1359126984126984
0 0.34962406015037595 0.2152777777777778 0.6047261009667024 0.11656746031746032
0 0.5214822771213748 0.28869047619047616 0.9570354457572503 0.13095238095238096
0 0.14688506981740065 0.3273809523809524 0.1970998925886144 0.06746031746031746
0 0.5617615467239527 0.4045138888888889 0.8764769065520945 0.1284722222222222
0 0.5257787325456499 0.48487103174603174 0.939312567132116 0.13690476190476192
0 0.43850698174006447 0.564484126984127 0.7583243823845328 0.15128968253968253
0 0.5421589688506981 0.6785714285714286 0.24650912996777657 0.10515873015873016
0 0.6192266380236305 0.7574404761904762 0.617078410311493 0.12797619047619047
0 0.526047261009667 0.8368055555555556 0.21267454350161116 0.10962301587301587
0 0.7682599355531686 0.9255952380952381 0.20247046186895812 0.1488095238095238