0 0.33134722222222224 0.05878125 0.48809722222222224 0.09969791666666666
0 0.3968194444444444 0.15030208333333334 0.49206944444444445 0.09523958333333334
0 0.5525833333333333 0.2723229166666667 0.7043611111111111 0.16071875
0 0.4236111111111111 0.4538645833333333 0.4821388888888889 0.05059375
0 0.48412499999999997 0.4813958333333333 0.7698472222222221 0.049104166666666664
0 0.43948611111111113 0.5178541666666666 0.5138888888888888 0.041666666666666664
0 0.46329166666666666 0.5528229166666667 0.7242083333333332 0.04315625
0 0.4870972222222222 0.5915208333333334 0.5972222222222222 0.049104166666666664
0 0.4265833333333333 0.6242604166666667 0.6626944444444445 0.04315625
0 0.4593194444444444 0.6510416666666666 0.5495972222222222 0.03719791666666667
0 0.4017916666666667 0.6793125 0.6130972222222222 0.03719791666666667
0 0.43352777777777773 0.7120520833333334 0.5059583333333334 0.03719791666666667
0 0.4652777777777778 0.7455312500000001 0.7242083333333332 0.041666666666666664
0 0.4305555555555556 0.7700937499999999 0.5039722222222223 0.03719791666666667
0 0.4345277777777778 0.8028229166666667 0.6785694444444444 0.046135416666666665
0 0.45337500000000003 0.8296145833333333 0.09722222222222222 0.034229166666666665
0 0.4513888888888889 0.8616041666666666 0.5416666666666666 0.041666666666666664
0 0.4861111111111111 0.8921145833333333 0.765875 0.04315625
0 0.42559722222222224 0.9211354166666667 0.49008333333333337 0.041666666666666664
0 0.4672638888888889 0.9508958333333334 0.7281805555555555 0.041666666666666664
0 0.42559722222222224 0.9784270833333333 0.49801388888888887 0.040177083333333335