0 0.1267605633802817 0.05985915492957746 0.2535211267605634 0.02112676056338028
0 0.7429577464788732 0.05897887323943662 0.11502347417840375 0.022887323943661973
0 0.4014084507042254 0.11091549295774648 0.8004694835680751 0.01936619718309859
0 0.4014084507042254 0.12588028169014084 0.8028169014084507 0.01936619718309859
0 0.4014084507042254 0.1426056338028169 0.8028169014084507 0.02112676056338028
0 0.40023474178403756 0.1602112676056338 0.7981220657276995 0.01936619718309859
0 0.24882629107981222 0.17781690140845072 0.49295774647887325 0.02112676056338028
0 0.3814553990610329 0.23151408450704225 0.7629107981220657 0.04753521126760563
0 0.41901408450704225 0.2632042253521127 0.8380281690140845 0.051056338028169015
0 0.40023474178403756 0.2984154929577465 0.8004694835680751 0.040492957746478875
0 0.38615023474178406 0.3415492957746479 0.7723004694835681 0.0528169014084507
0 0.35093896713615025 0.3670774647887324 0.7018779342723005 0.03697183098591549
0 0.3485915492957746 0.4040492957746479 0.6971830985915493 0.04753521126760563
0 0.34976525821596244 0.44014084507042256 0.6995305164319249 0.0528169014084507
0 0.4096244131455399 0.4823943661971831 0.8145539906103286 0.058098591549295774
0 0.3673708920187793 0.528169014084507 0.7253521126760564 0.07394366197183098
0 0.035211267605633804 0.926056338028169 0.06807511737089202 0.01584507042253521