0 0.29297994269340977 0.028446389496717725 0.32521489971346706 0.05689277899343545
0 0.5286532951289399 0.10940919037199125 0.9111747851002865 0.11925601750547046
0 0.1812320916905444 0.17286652078774617 0.13896848137535817 0.05689277899343545
0 0.3989971346704871 0.24562363238512036 0.3538681948424069 0.09846827133479212
0 0.5150429799426934 0.31017505470459517 0.7994269340974212 0.1050328227571116
0 0.38968481375358166 0.36159737417943105 0.36962750716332377 0.07221006564551423
0 0.48567335243553006 0.43326039387308535 0.7363896848137536 0.11050328227571116
0 0.4820916905444126 0.4863238512035011 0.8724928366762178 0.10393873085339168
0 0.46275071633237824 0.5426695842450766 0.7492836676217765 0.10940919037199125
0 0.22277936962750716 0.588074398249453 0.31805157593123207 0.06673960612691467
0 0.4032951289398281 0.6701312910284464 0.5558739255014327 0.1050328227571116
0 0.5916905444126075 0.7407002188183808 0.6762177650429799 0.09299781181619256
0 0.39326647564469913 0.7806345733041575 0.38108882521489973 0.07549234135667396