0 0.3055555555555556 0.05738522954091816 0.16925064599483206 0.018962075848303395
0 0.3359173126614987 0.1317365269461078 0.06718346253229975 0.03093812375249501
0 0.4728682170542636 0.14221556886227546 0.07493540051679587 0.03293413173652695
0 0.6130490956072352 0.1377245508982036 0.09043927648578812 0.041916167664670656
0 0.7474160206718347 0.1377245508982036 0.0710594315245478 0.018962075848303395
0 0.5665374677002584 0.17115768463073852 0.14470284237726097 0.031936127744510975
0 0.3372093023255814 0.1686626746506986 0.01808785529715762 0.01996007984031936
0 0.6343669250645995 0.24451097804391217 0.3423772609819121 0.08782435129740519
0 0.6382428940568475 0.3248502994011976 0.5025839793281653 0.046906187624750496
0 0.522609819121447 0.35778443113772457 0.35271317829457366 0.028942115768463075
0 0.6537467700258398 0.3932135728542914 0.5335917312661499 0.03293413173652695
0 0.6421188630490956 0.43812375249500995 0.5839793281653747 0.04590818363273453
0 0.4140826873385013 0.843313373253493 0.5116279069767442 0.029940119760479042
0 0.42958656330749356 0.8842315369261478 0.47674418604651164 0.04291417165668663