0 0.7323076923076923 0.05542725173210162 0.04153846153846154 0.021939953810623556
0 0.18384615384615385 0.09353348729792148 0.18 0.03926096997690531
0 0.556923076923077 0.13568129330254042 0.8215384615384616 0.053117782909930716
0 0.12384615384615384 0.15993071593533487 0.052307692307692305 0.02424942263279446
0 0.21076923076923076 0.19630484988452657 0.2076923076923077 0.04157043879907621
0 0.5523076923076923 0.22921478060046188 0.7769230769230769 0.03926096997690531
0 0.15307692307692308 0.2546189376443418 0.09692307692307692 0.03233256351039261
0 0.25769230769230766 0.3169745958429561 0.2846153846153846 0.03579676674364896
0 0.3630769230769231 0.3827944572748268 0.5015384615384615 0.03579676674364896
0 0.3069230769230769 0.4133949191685912 0.2969230769230769 0.04503464203233257
0 0.5461538461538461 0.4745958429561201 0.8261538461538461 0.042725173210161664
0 0.21461538461538462 0.504041570438799 0.2153846153846154 0.03810623556581986
0 0.2684615384615385 0.5658198614318707 0.3169230769230769 0.04387990762124711
0 0.38769230769230767 0.6021939953810623 0.5384615384615384 0.04503464203233257
0 0.2453846153846154 0.6362586605080831 0.21076923076923076 0.04041570438799076
0 0.37846153846153846 0.6599307159353349 0.5169230769230769 0.050808314087759814
0 0.33384615384615385 0.6928406466512702 0.4169230769230769 0.04734411085450346
0 0.536923076923077 0.7205542725173211 0.8384615384615385 0.053117782909930716
0 0.2469230769230769 0.7603926096997691 0.2815384615384615 0.04387990762124711
0 0.23307692307692307 0.8204387990762124 0.17384615384615384 0.04157043879907621
0 0.44384615384615383 0.8429561200923787 0.5323076923076923 0.05889145496535797
0 0.24769230769230768 0.8891454965357968 0.19384615384615383 0.050808314087759814
0 0.25076923076923074 0.9116628175519631 0.08307692307692308 0.03464203233256351
0 0.25769230769230766 0.9451501154734411 0.08 0.03117782909930716
0 0.5046153846153846 0.898960739030023 0.19076923076923077 0.04157043879907621
0 0.556923076923077 0.9278290993071594 0.11538461538461539 0.04387990762124711
0 0.8353846153846154 0.8891454965357968 0.25384615384615383 0.042725173210161664
0 0.92 0.9168591224018475 0.13230769230769232 0.04041570438799076
0 0.9215384615384615 0.9486143187066974 0.10615384615384615 0.03117782909930716