0 0.5317460317460317 0.08423913043478261 0.6746031746031746 0.08152173913043478
0 0.49074074074074076 0.1453804347826087 0.8677248677248677 0.06793478260869565
0 0.07275132275132275 0.20923913043478262 0.1455026455026455 0.059782608695652176
0 0.47883597883597884 0.2826086956521739 0.8359788359788359 0.07608695652173914
0 0.43915343915343913 0.3423913043478261 0.8783068783068783 0.06521739130434782
0 0.44576719576719576 0.4171195652173913 0.8888888888888888 0.07065217391304347
0 0.4365079365079365 0.48233695652173914 0.873015873015873 0.07336956521739131
0 0.45634920634920634 0.5502717391304348 0.9047619047619048 0.07336956521739131
0 0.4497354497354497 0.6168478260869565 0.8994708994708994 0.07065217391304347
0 0.458994708994709 0.6807065217391305 0.917989417989418 0.07336956521739131
0 0.458994708994709 0.748641304347826 0.917989417989418 0.06793478260869565
0 0.44841269841269843 0.8165760869565217 0.8968253968253969 0.07336956521739131
0 0.22486772486772486 0.8804347826086957 0.4497354497354497 0.07608695652173914
0 0.46825396825396826 0.9510869565217391 0.8333333333333334 0.07065217391304347