0 0.28434065934065933 0.0712890625 0.4340659340659341 0.029296875
0 0.8722527472527473 0.115234375 0.08791208791208792 0.017578125
0 0.885989010989011 0.1328125 0.10989010989010989 0.017578125
0 0.4793956043956044 0.1279296875 0.17307692307692307 0.03515625
0 0.5027472527472527 0.1865234375 0.510989010989011 0.0546875
0 0.4368131868131868 0.2236328125 0.510989010989011 0.052734375
0 0.4766483516483517 0.259765625 0.5934065934065934 0.0546875
0 0.5054945054945055 0.2900390625 0.6318681318681318 0.05078125
0 0.49862637362637363 0.326171875 0.6510989010989011 0.0625
0 0.4739010989010989 0.36328125 0.5851648351648352 0.0546875
0 0.46703296703296704 0.396484375 0.5714285714285714 0.048828125
0 0.46703296703296704 0.4326171875 0.5714285714285714 0.064453125
0 0.4876373626373626 0.46484375 0.6071428571428571 0.05859375
0 0.4766483516483517 0.4921875 0.5686813186813187 0.060546875
0 0.4807692307692308 0.5224609375 0.5906593406593407 0.052734375
0 0.4642857142857143 0.5546875 0.5714285714285714 0.05078125
0 0.4684065934065934 0.5888671875 0.5879120879120879 0.060546875
0 0.4766483516483517 0.615234375 0.5989010989010989 0.048828125
0 0.260989010989011 0.6533203125 0.16758241758241757 0.03125
0 0.5343406593406593 0.6884765625 0.47802197802197804 0.0546875
0 0.45467032967032966 0.72265625 0.5439560439560439 0.048828125
0 0.4793956043956044 0.75 0.6016483516483516 0.048828125
0 0.4519230769230769 0.78125 0.5631868131868132 0.05078125
0 0.4848901098901099 0.8173828125 0.6236263736263736 0.064453125
0 0.47115384615384615 0.8466796875 0.5851648351648352 0.05078125
0 0.489010989010989 0.87109375 0.6318681318681318 0.052734375
0 0.2554945054945055 0.904296875 0.2032967032967033 0.01953125
0 0.22802197802197802 0.91796875 0.14560439560439561 0.017578125
0 0.6826923076923077 0.908203125 0.17307692307692307 0.025390625
0 0.7032967032967034 0.923828125 0.21978021978021978 0.029296875