0 0.5048803827751196 0.04863070539419087 0.9701435406698564 0.08585062240663902
0 0.4833971291866029 0.10232365145228216 0.9470334928229666 0.06726141078838174
0 0.49578947368421056 0.1516597510373444 0.968468899521531 0.06867219917012449
0 0.32669856459330143 0.20605809128630703 0.6500478468899522 0.07153526970954356
0 0.4652631578947368 0.3054771784232365 0.9140191387559808 0.07871369294605808
0 0.46114832535885164 0.353402489626556 0.9090909090909091 0.08012448132780083
0 0.1155023923444976 0.39991701244813277 0.2310047846889952 0.04721991701244813
0 0.4199043062200957 0.4957676348547718 0.8266028708133971 0.05294605809128631
0 0.42980861244019136 0.5573029045643154 0.8166985645933015 0.08726141078838175
0 0.40339712918660287 0.6073858921161825 0.7144019138755981 0.07298755186721992
0 0.4504306220095694 0.6560165975103734 0.8513397129186603 0.07871369294605808
0 0.3835885167464115 0.6946473029045643 0.6912918660287081 0.06439834024896265
0 0.4380382775119617 0.7554771784232365 0.82 0.08298755186721991
0 0.41 0.8148547717842324 0.8034928229665073 0.09298755186721992
0 0.3654545454545454 0.865643153526971 0.6649282296650718 0.08585062240663902
0 0.1361244019138756 0.9565145228215768 0.19631578947368422 0.07012448132780083