0 0.5124113475177305 0.13297872340425532 0.7872340425531915 0.0598404255319149
0 0.5726950354609929 0.16954787234042554 0.7695035460992907 0.05186170212765957
0 0.5053191489361702 0.20545212765957446 0.7074468085106383 0.041223404255319146
0 0.3546099290780142 0.24002659574468085 0.4326241134751773 0.047872340425531915
0 0.4671985815602837 0.3025265957446808 0.6631205673758865 0.0625
0 0.525709219858156 0.34574468085106386 0.625886524822695 0.041223404255319146
0 0.5460992907801419 0.3803191489361702 0.6932624113475178 0.034574468085106384
0 0.5336879432624113 0.41356382978723405 0.725177304964539 0.043882978723404256
0 0.40868794326241137 0.47938829787234044 0.5585106382978723 0.0598404255319149
0 0.45478723404255317 0.5159574468085106 0.5549645390070922 0.0398936170212766
0 0.5407801418439716 0.555186170212766 0.7464539007092199 0.05319148936170213
0 0.4157801418439716 0.613031914893617 0.5833333333333334 0.05186170212765957
0 0.49113475177304966 0.6555851063829787 0.6134751773049646 0.043882978723404256
0 0.525709219858156 0.6954787234042553 0.7322695035460993 0.04521276595744681
0 0.5070921985815603 0.7526595744680851 0.7641843971631206 0.05452127659574468
0 0.5460992907801419 0.7898936170212766 0.650709219858156 0.03723404255319149
0 0.5106382978723404 0.831781914893617 0.6418439716312057 0.03856382978723404
0 0.5088652482269503 0.8736702127659575 0.6595744680851063 0.0598404255319149