0 0.11785714285714285 0.13333333333333333 0.12321428571428572 0.06666666666666667
0 0.76875 0.0035714285714285713 0.026785714285714284 0.007142857142857143
0 0.7776785714285714 0.0380952380952381 0.04285714285714286 0.02857142857142857
0 0.5517857142857143 0.18571428571428572 0.8517857142857143 0.10714285714285714
0 0.5125 0.23809523809523808 0.8803571428571428 0.1
0 0.5339285714285714 0.3011904761904762 0.9267857142857143 0.11428571428571428
0 0.5348214285714286 0.3630952380952381 0.9303571428571429 0.12142857142857143
0 0.12142857142857143 0.4857142857142857 0.09285714285714286 0.06904761904761905
0 0.54375 0.525 0.9125 0.10714285714285714
0 0.5196428571428572 0.5928571428571429 0.9178571428571428 0.10238095238095238
0 0.375 0.6452380952380953 0.6321428571428571 0.0880952380952381
0 0.11785714285714285 0.7714285714285715 0.09285714285714286 0.06666666666666667
0 0.5366071428571428 0.8333333333333334 0.8767857142857143 0.09285714285714286
0 0.5205357142857143 0.9023809523809524 0.9571428571428572 0.09047619047619047
0 0.5098214285714285 0.9607142857142857 0.9232142857142858 0.07857142857142857