0 0.17897727272727273 0.029605263157894735 0.2159090909090909 0.043859649122807015
0 0.21448863636363635 0.08333333333333333 0.3068181818181818 0.03070175438596491
0 0.18323863636363635 0.11951754385964912 0.24431818181818182 0.02412280701754386
0 0.2599431818181818 0.16666666666666666 0.4005681818181818 0.02631578947368421
0 0.43323863636363635 0.23903508771929824 0.7301136363636364 0.06140350877192982
0 0.3650568181818182 0.3541666666666667 0.6079545454545454 0.06578947368421052
0 0.4289772727272727 0.48135964912280704 0.7528409090909091 0.06578947368421052
0 0.41051136363636365 0.6052631578947368 0.7045454545454546 0.06359649122807018
0 0.33238636363636365 0.7247807017543859 0.5625 0.06140350877192982
0 0.21164772727272727 0.8333333333333334 0.3352272727272727 0.03070175438596491
0 0.13636363636363635 0.9714912280701754 0.20170454545454544 0.02412280701754386
0 0.8607954545454546 0.9824561403508771 0.16477272727272727 0.019736842105263157