0 0.3310580204778157 0.10686015831134564 0.07508532423208192 0.03430079155672823
0 0.4709897610921502 0.11939313984168866 0.08191126279863481 0.03825857519788918
0 0.5878839590443686 0.11807387862796834 0.08703071672354949 0.04221635883905013
0 0.7056313993174061 0.11807387862796834 0.08020477815699659 0.025065963060686015
0 0.21160409556313994 0.1437994722955145 0.14505119453924914 0.036939313984168866
0 0.5238907849829352 0.19063324538258575 0.46757679180887374 0.05408970976253298
0 0.5255972696245734 0.23153034300791556 0.7866894197952219 0.06068601583113457
0 0.5 0.2717678100263852 0.8156996587030717 0.0633245382585752
0 0.23378839590443687 0.30606860158311344 0.2883959044368601 0.05013192612137203
0 0.20051194539249148 0.3766490765171504 0.1296928327645051 0.036939313984168866
0 0.31569965870307165 0.7684696569920845 0.3703071672354949 0.052770448548812667
0 0.38993174061433444 0.804089709762533 0.48976109215017066 0.04221635883905013
0 0.4735494880546075 0.9215039577836411 0.027303754266211604 0.01978891820580475