0 0.4905268022181146 0.056002691790040374 0.17660813308687615 0.025800807537012114
0 0.057467652495378926 0.11792732166890983 0.05355822550831793 0.04193808882907133
0 0.08841959334565619 0.26423956931359355 0.04339186691312385 0.037335127860026913
0 0.08638632162661737 0.3734051144010767 0.04302218114602588 0.031655450874831764
0 0.09156192236598891 0.9496366083445492 0.04597966728280961 0.03395693135935397
0 0.26059149722735675 0.11685060565275908 0.204731977818854 0.04409152086137281
0 0.39476894639556376 0.2662584118438762 0.39176524953789277 0.0521399730820996
0 0.41713493530499074 0.2995020188425303 0.4253974121996303 0.04755047106325706
0 0.3785120147874307 0.3392193808882907 0.35183918669131237 0.05158815612382234
0 0.3750924214417745 0.40853297442799463 0.3024953789279113 0.03946164199192463
0 0.4890388170055453 0.4437954239569314 0.284547134935305 0.049676985195154774
0 0.2987615526802218 0.5168909825033647 0.1683086876155268 0.040780619111709285
0 0.49468576709796674 0.5136608344549125 0.1461090573012939 0.03647375504710633
0 0.16485212569316082 0.15695827725437417 0.020646950092421443 0.023082099596231493
0 0.32102587800369686 0.15588156123822342 0.25536968576709795 0.051090174966352625
0 0.1650369685767098 0.19425302826379545 0.01731977818853974 0.0265814266487214
0 0.33119223659889097 0.1864333781965007 0.27939001848428835 0.036810228802153434
0 0.1672550831792976 0.23637954239569314 0.021756007393715342 0.03114401076716016
0 0.36335489833641405 0.22965006729475101 0.3289279112754159 0.049999999999999996
0 0.19766173752310537 0.3785195154777927 0.028964879852125692 0.026810228802153436
0 0.3560536044362292 0.3712516823687752 0.2533271719038817 0.03596231493943472
0 0.1929482439926063 0.484185733512786 0.028040665434380777 0.03352624495289368
0 0.36224584103512014 0.48553162853297444 0.2601663585951941 0.04698519515477792
0 0.30680221811460257 0.5567294751009421 0.18623844731977818 0.04722745625841185
0 0.26280961182994456 0.5902557200538358 0.17959334565619223 0.03672947510094213
0 0.34718114602587796 0.6278061911170928 0.29473197781885396 0.045060565275908473
0 0.2902587800369686 0.6602422611036339 0.14391866913123844 0.036716016150740244
0 0.20477818853974122 0.7020995962314939 0.026561922365988908 0.02566621803499327
0 0.33083179297597043 0.7026379542395692 0.17514787430683917 0.046123822341857336
0 0.32269870609981516 0.7419515477792732 0.16627541589648798 0.053660834454912515
0 0.20265249537892793 0.8056123822341859 0.027855822550831792 0.025908479138627188
0 0.3557763401109057 0.8054777927321669 0.21395563770794823 0.045033647375504714
0 0.42711645101663587 0.8415477792732167 0.38621072088724584 0.04825033647375505
0 0.285822550831793 0.8777658142664871 0.10547134935304991 0.043122476446837144
0 0.2072735674676525 0.9532705248990578 0.06296672828096118 0.045531628532974426
0 0.29062846580406654 0.9466756393001345 0.0411460258780037 0.023728129205921936
0 0.4029112754158965 0.9465410497981157 0.06054528650646951 0.03207267833109017
0 0.2886876155268022 0.9838358008075371 0.031719038817005545 0.02480484522207268
0 0.40217190388170054 0.9835666218034993 0.05906654343807763 0.030726783310901746