0 0.08743169398907104 0.06930693069306931 0.05191256830601093 0.07920792079207921
0 0.6830601092896175 0.05816831683168317 0.09562841530054644 0.022277227722772276
0 0.2718579234972678 0.09653465346534654 0.20218579234972678 0.05693069306930693
0 0.5027322404371585 0.19554455445544555 0.6994535519125683 0.07425742574257425
0 0.5204918032786885 0.25123762376237624 0.7049180327868853 0.05693069306930693
0 0.5355191256830601 0.31435643564356436 0.7213114754098361 0.0594059405940594
0 0.5409836065573771 0.38613861386138615 0.7158469945355191 0.06930693069306931
0 0.01639344262295082 0.2784653465346535 0.030054644808743168 0.04950495049504951
0 0.028688524590163935 0.40222772277227725 0.04371584699453552 0.04702970297029703
0 0.03415300546448088 0.5358910891089109 0.05737704918032787 0.04455445544554455
0 0.5628415300546448 0.452970297029703 0.7431693989071039 0.06188118811881188
0 0.5245901639344263 0.5210396039603961 0.6666666666666666 0.06188118811881188
0 0.5560109289617486 0.5977722772277227 0.7486338797814208 0.06930693069306931
0 0.5833333333333334 0.6745049504950495 0.76775956284153 0.06435643564356436
0 0.592896174863388 0.7512376237623762 0.7595628415300546 0.07178217821782178
0 0.6133879781420765 0.8353960396039604 0.7349726775956285 0.07425742574257425