0 0.47630030959752323 0.03849843587069865 0.8573529411764707 0.06897810218978102
0 0.46617647058823525 0.09023983315954119 0.8394891640866872 0.06978102189781023
0 0.46975232198142414 0.1383628779979145 0.8656811145510837 0.06978102189781023
0 0.25839009287925696 0.17927007299270073 0.4548761609907121 0.06497393117831074
0 0.47749226006191947 0.268310740354536 0.22623839009287927 0.058550573514077164
0 0.4709442724458205 0.3188425443169969 0.21075851393188855 0.07459854014598541
0 0.45308049535603717 0.36776850886339935 0.8609133126934985 0.06817518248175182
0 0.25244582043343655 0.41509906152241915 0.466780185758514 0.06657977059436913
0 0.29708978328173374 0.4628258602711158 0.5536996904024768 0.06897810218978102
0 0.2381578947368421 0.5109489051094891 0.4382043343653251 0.06417101147028154
0 0.233390092879257 0.5538581856100104 0.4453405572755418 0.058550573514077164
0 0.2792260061919505 0.6059958289885297 0.5322755417956657 0.06497393117831074
0 0.2798297213622291 0.6529197080291971 0.5358359133126934 0.05935349322210636
0 0.4506965944272445 0.7078727841501564 0.8752012383900929 0.0778102189781022
0 0.1988544891640867 0.7547966631908238 0.3858049535603715 0.06738269030239834
0 0.4435603715170279 0.8045255474452554 0.8656811145510837 0.08663190823774765
0 0.28934984520123835 0.8458289885297184 0.5644272445820433 0.06497393117831074
0 0.47391640866873064 0.9023774765380604 0.8668730650154799 0.0994577685088634
0 0.2631578947368421 0.9440875912408759 0.5144117647058823 0.06256517205422316
0 0.07681114551083591 0.9928988529718458 0.10120743034055726 0.014202294056308655