0 0.5420353982300885 0.05808080808080808 0.7035398230088495 0.07323232323232323
0 0.5154867256637168 0.11237373737373738 0.5265486725663717 0.06565656565656566
0 0.5553097345132744 0.16792929292929293 0.6902654867256637 0.07575757575757576
0 0.5221238938053098 0.21085858585858586 0.5221238938053098 0.06060606060606061
0 0.5221238938053098 0.2689393939393939 0.672566371681416 0.07828282828282829
0 0.5221238938053098 0.32196969696969696 0.5353982300884956 0.07828282828282829
0 0.5265486725663717 0.369949494949495 0.18584070796460178 0.0707070707070707
0 0.5176991150442478 0.4166666666666667 0.6991150442477876 0.0707070707070707
0 0.5022123893805309 0.4734848484848485 0.6415929203539823 0.0707070707070707
0 0.5 0.5214646464646465 0.6637168141592921 0.06565656565656566
0 0.5265486725663717 0.5757575757575758 0.7123893805309734 0.07323232323232323
0 0.5353982300884956 0.6237373737373737 0.5398230088495575 0.06818181818181818
0 0.5398230088495575 0.672979797979798 0.4247787610619469 0.06565656565656566
0 0.5331858407079646 0.7272727272727273 0.33185840707964603 0.06565656565656566
0 0.5221238938053098 0.7815656565656566 0.2920353982300885 0.06565656565656566
0 0.5088495575221239 0.8345959595959596 0.252212389380531 0.06818181818181818
0 0.504424778761062 0.8901515151515151 0.19911504424778761 0.06060606060606061
0 0.49336283185840707 0.9381313131313131 0.1504424778761062 0.06565656565656566