0 0.15463917525773196 0.01327433628318584 0.07216494845360824 0.017699115044247787
0 0.5463917525773195 0.2345132743362832 0.3556701030927835 0.061946902654867256
0 0.5489690721649485 0.3075221238938053 0.7783505154639175 0.06637168141592921
0 0.5128865979381443 0.4225663716814159 0.7216494845360825 0.06637168141592921
0 0.5154639175257731 0.5376106194690266 0.7061855670103093 0.07079646017699115
0 0.5051546391752577 0.6570796460176991 0.6855670103092784 0.061946902654867256
0 0.2268041237113402 0.7699115044247787 0.17525773195876287 0.030973451327433628
0 0.39948453608247425 0.827433628318584 0.4742268041237113 0.06637168141592921
0 0.23711340206185566 0.9646017699115044 0.18556701030927836 0.02654867256637168
0 0.8505154639175257 0.9579646017699115 0.11855670103092783 0.017699115044247787
0 0.9587628865979382 0.9513274336283186 0.041237113402061855 0.030973451327433628