0 0.8934108527131783 0.016666666666666666 0.04844961240310078 0.010526315789473684
0 0.5658914728682171 0.04298245614035088 0.7635658914728682 0.08596491228070176
0 0.24806201550387597 0.10087719298245613 0.31007751937984496 0.07719298245614035
0 0.41375968992248063 0.2043859649122807 0.6337209302325582 0.10701754385964912
0 0.34108527131782945 0.2412280701754386 0.49806201550387597 0.07894736842105263
0 0.5135658914728682 0.2982456140350877 0.8372093023255814 0.11052631578947368
0 0.3624031007751938 0.3368421052631579 0.5135658914728682 0.08421052631578947
0 0.20736434108527133 0.3780701754385965 0.2054263565891473 0.05789473684210526
0 0.48255813953488375 0.3894736842105263 0.187984496124031 0.056140350877192984
0 0.5930232558139535 0.44649122807017544 0.436046511627907 0.06666666666666667
0 0.6637596899224806 0.49736842105263157 0.5794573643410853 0.07368421052631578
0 0.34593023255813954 0.5236842105263158 0.45930232558139533 0.08070175438596491
0 0.4011627906976744 0.5736842105263158 0.5523255813953488 0.06491228070175438
0 0.43023255813953487 0.625438596491228 0.6162790697674418 0.07719298245614035
0 0.47189922480620156 0.6780701754385965 0.7015503875968992 0.08596491228070176
0 0.28972868217054265 0.7684210526315789 0.4321705426356589 0.0912280701754386
0 0.45348837209302323 0.8649122807017544 0.75 0.09473684210526316
0 0.21996124031007752 0.9131578947368421 0.2771317829457364 0.07368421052631578
0 0.5145348837209303 0.9535087719298245 0.8352713178294574 0.09298245614035087