0 0.44011600928074246 0.04731462925851703 0.7991879350348028 0.05020040080160321
0 0.4390255220417633 0.11785571142284569 0.8063109048723898 0.058737474949899796
0 0.44011600928074246 0.18386773547094187 0.8115545243619489 0.06032064128256513
0 0.4575870069605568 0.25268537074148295 0.8310440835266821 0.05897795591182365
0 0.45619489559164733 0.3221643286573146 0.8313457076566125 0.05895791583166333
0 0.44011600928074246 0.3932464929859719 0.8115545243619489 0.0557314629258517
0 0.4408816705336427 0.45456913827655315 0.8223897911832946 0.047975951903807615
0 0.4382598607888631 0.5297995991983968 0.7954756380510442 0.05517034068136273
0 0.45187935034802784 0.5983366733466934 0.822691415313225 0.05969939879759519
0 0.33696055684454757 0.6639478957915832 0.6021577726218097 0.05408817635270541
0 0.0774477958236659 0.8329659318637274 0.06454756380510442 0.017975951903807616
0 0.711276102088167 0.8794589178356714 0.38556844547563807 0.06392785571142284