0 0.08432835820895522 0.04893617021276596 0.16865671641791044 0.05106382978723404
0 0.28432835820895525 0.05106382978723404 0.13582089552238805 0.04680851063829787
0 0.45746268656716416 0.04734042553191489 0.1328358208955224 0.052127659574468084
0 0.6216417910447761 0.045744680851063826 0.11940298507462686 0.045744680851063826
0 0.808955223880597 0.04468085106382979 0.1626865671641791 0.043617021276595745
0 0.12313432835820895 0.1601063829787234 0.18507462686567164 0.07446808510638298
0 0.3283582089552239 0.1829787234042553 0.18507462686567164 0.07765957446808511
0 0.5708955223880597 0.16702127659574467 0.20746268656716418 0.0574468085106383
0 0.8305970149253732 0.16329787234042553 0.2 0.059574468085106386
0 0.0873134328358209 0.2904255319148936 0.1746268656716418 0.05319148936170213
0 0.33134328358208953 0.29414893617021276 0.1791044776119403 0.04680851063829787
0 0.5843283582089552 0.2904255319148936 0.17313432835820897 0.052127659574468084
0 0.841044776119403 0.2872340425531915 0.1746268656716418 0.052127659574468084
0 0.2291044776119403 0.40904255319148936 0.3492537313432836 0.06382978723404255
0 0.682089552238806 0.40585106382978725 0.3641791044776119 0.06063829787234042
0 0.08955223880597014 0.5313829787234042 0.1791044776119403 0.052127659574468084
0 0.3664179104477612 0.5106382978723404 0.1 0.08829787234042553
0 0.5208955223880597 0.6324468085106383 0.7373134328358208 0.09148936170212765
0 0.09253731343283582 0.7734042553191489 0.1791044776119403 0.04893617021276596
0 0.32611940298507464 0.775 0.14776119402985075 0.0425531914893617
0 0.5798507462686567 0.7696808510638298 0.15522388059701492 0.05319148936170213
0 0.832089552238806 0.7718085106382979 0.14925373134328357 0.04893617021276596
0 0.2291044776119403 0.872872340425532 0.3716417910447761 0.08617021276595745
0 0.7350746268656716 0.8888297872340426 0.4791044776119403 0.052127659574468084