0 0.41887905604719766 0.08541666666666667 0.8067846607669616 0.09583333333333334
0 0.4476401179941003 0.15885416666666666 0.6622418879056047 0.08854166666666667
0 0.8694690265486725 0.12447916666666667 0.12389380530973451 0.13645833333333332
0 0.48008849557522126 0.24114583333333334 0.9410029498525073 0.08645833333333333
0 0.16519174041297935 0.3104166666666667 0.32595870206489674 0.08020833333333334
0 0.47345132743362833 0.3807291666666667 0.9424778761061947 0.071875
0 0.48746312684365783 0.46041666666666664 0.9749262536873157 0.08541666666666667
0 0.4410029498525074 0.5354166666666667 0.8805309734513275 0.09583333333333334
0 0.49041297935103245 0.6125 0.976401179941003 0.08333333333333333
0 0.4941002949852507 0.6833333333333333 0.9690265486725663 0.084375
0 0.18436578171091444 0.7552083333333334 0.33185840707964603 0.07604166666666666
0 0.49852507374631266 0.834375 0.9896755162241888 0.0875
0 0.48451327433628316 0.90625 0.9616519174041298 0.08958333333333333
0 0.16150442477876106 0.9666666666666667 0.2610619469026549 0.06666666666666667