0 0.5944814340588989 0.05 0.7609346991037131 0.05429
0 0.23778489116517287 0.08714 0.42070422535211266 0.04857
0 0.6731241997439181 0.09 0.03291933418693982 0.0028599999999999997
0 0.3127912932138284 0.13 0.5560691421254802 0.04857
0 0.4947887323943662 0.17143 0.7993469910371318 0.04571
0 0.5203969270166453 0.22286 0.9346991037131882 0.05429
0 0.4746606914212548 0.26286000000000004 0.854212548015365 0.05143
0 0.5185659411011524 0.3 0.9237259923175416 0.05429
0 0.5139948783610756 0.33714 0.9365300896286811 0.05429
0 0.5194750320102433 0.37786000000000003 0.9365300896286811 0.05571
0 0.531101152368758 0.415 0.9377976952624839 0.044289999999999996
0 0.5274391805377721 0.46 0.9451216389244558 0.05429
0 0.5237772087067861 0.50286 0.9524455825864276 0.04571
0 0.499359795134443 0.54286 0.8926248399487836 0.05143
0 0.5185659411011524 0.5807100000000001 0.912752880921895 0.05857
0 0.4033290653008963 0.6264299999999999 0.7371446862996159 0.05286
0 0.56247119078105 0.67357 0.8432394366197183 0.05571
0 0.528629961587708 0.7207100000000001 0.910921895006402 0.06714
0 0.47101152368758004 0.76214 0.6054545454545455 0.06143
0 0.5423431498079385 0.83143 0.4627784891165173 0.04571