0 0.22433774834437087 0.0075 0.17052980132450332 0.015
0 0.6233443708609272 0.019375 0.5049668874172185 0.03875
0 0.20943708609271522 0.050625 0.13245033112582782 0.05
0 0.6465231788079471 0.05125 0.5910596026490066 0.06625
0 0.8253311258278145 0.091875 0.32450331125827814 0.05625
0 0.43625827814569534 0.125 0.15894039735099338 0.04
0 0.32450331125827814 0.160625 0.34602649006622516 0.05875
0 0.38990066225165565 0.19625 0.4917218543046358 0.06875
0 0.5397350993377483 0.23 0.6837748344370861 0.06375
0 0.4379139072847682 0.269375 0.3741721854304636 0.05875
0 0.5331125827814569 0.295 0.5529801324503312 0.07375
0 0.44370860927152317 0.336875 0.4966887417218543 0.06125
0 0.445364238410596 0.37375 0.38079470198675497 0.05625
0 0.6076158940397351 0.421875 0.7052980132450332 0.11
0 0.8402317880794702 0.46875 0.15397350993377484 0.0475
0 0.5008278145695364 0.51375 0.5894039735099338 0.075
0 0.4503311258278146 0.5825 0.41887417218543044 0.105
0 0.24668874172185432 0.6825 0.05132450331125828 0.03125
0 0.35844370860927155 0.679375 0.03642384105960265 0.02125
0 0.5024834437086093 0.674375 0.046357615894039736 0.0325
0 0.6572847682119205 0.673125 0.039735099337748346 0.0325
0 0.8799668874172185 0.6725 0.15728476821192053 0.03875
0 0.30711920529801323 0.711875 0.1456953642384106 0.03
0 0.24420529801324503 0.744375 0.026490066225165563 0.02875
0 0.23758278145695363 0.778125 0.03145695364238411 0.03375
0 0.23841059602649006 0.8125 0.026490066225165563 0.02875
0 0.353476821192053 0.745 0.09105960264900662 0.0275
0 0.35513245033112584 0.775 0.09933774834437085 0.0275
0 0.31456953642384106 0.816875 0.06788079470198675 0.03625
0 0.6647350993377483 0.70625 0.039735099337748346 0.025
0 0.6672185430463576 0.741875 0.039735099337748346 0.02625
0 0.6705298013245033 0.77625 0.04304635761589404 0.0275
0 0.6730132450331126 0.8075 0.04304635761589404 0.02875
0 0.24751655629139072 0.878125 0.13741721854304637 0.03875
0 0.3973509933774834 0.909375 0.37251655629139074 0.05625
0 0.3526490066225166 0.96 0.22847682119205298 0.07875
0 0.847682119205298 0.9825 0.11920529801324503 0.02125