0 0.21600311041990666 0.08576502732240437 0.24883359253499224 0.02883879781420765
0 0.8251321928460341 0.08499999999999999 0.11231726283048211 0.0273224043715847
0 0.4881648522550544 0.14420765027322405 0.7897045101088647 0.0212568306010929
0 0.48643856920684286 0.16469945355191257 0.7897045101088647 0.02580601092896175
0 0.48643856920684286 0.18366120218579235 0.7931570762052877 0.0242896174863388
0 0.48729393468118193 0.20415300546448087 0.7914307931570762 0.02277322404371585
0 0.3758475894245723 0.22617486338797815 0.5719751166407464 0.0242896174863388
0 0.4596578538102644 0.30206284153005464 0.7672317262830481 0.036434426229508196
0 0.5045723172628305 0.3718852459016394 0.8501866251944011 0.045532786885245896
0 0.4976671850699845 0.4401912568306011 0.8570917573872473 0.039467213114754096
0 0.524447900466563 0.5115300546448087 0.8968429237947122 0.039467213114754096
0 0.514945567651633 0.5828825136612023 0.8985692068429237 0.045532786885245896
0 0.5253188180404355 0.6542213114754099 0.9020217729393468 0.042499999999999996
0 0.4829860031104199 0.7248087431693988 0.8311664074650078 0.037950819672131146
0 0.48729393468118193 0.791584699453552 0.8363608087091757 0.037950819672131146
0 0.5002643856920684 0.8659699453551912 0.8553654743390358 0.047049180327868846
0 0.28771384136858474 0.9319945355191257 0.43718506998444795 0.042499999999999996