0 0.5531645569620253 0.015765765765765764 0.1518987341772152 0.03153153153153153
0 0.3620253164556962 0.2747747747747748 0.0670886075949367 0.03153153153153153
0 0.3594936708860759 0.30405405405405406 0.10126582278481013 0.04279279279279279
0 0.5569620253164557 0.33783783783783783 0.2772151898734177 0.09234234234234234
0 0.5569620253164557 0.39864864864864863 0.1240506329113924 0.05855855855855856
0 0.3341772151898734 0.5585585585585585 0.06455696202531645 0.033783783783783786
0 0.47151898734177217 0.5641891891891891 0.17341772151898735 0.08333333333333333
0 0.6411392405063291 0.5619369369369369 0.056962025316455694 0.036036036036036036
0 0.3329113924050633 0.6002252252252253 0.06329113924050633 0.038288288288288286
0 0.47025316455696203 0.5934684684684685 0.1569620253164557 0.06531531531531531
0 0.4259493670886076 0.6385135135135135 0.25443037974683547 0.05630630630630631
0 0.6120253164556962 0.6396396396396397 0.0949367088607595 0.05630630630630631
0 0.7430379746835443 0.6486486486486487 0.10886075949367088 0.07207207207207207
0 0.36835443037974686 0.6813063063063063 0.09873417721518987 0.06981981981981981
0 0.4873417721518987 0.6734234234234234 0.09367088607594937 0.05855855855855856
0 0.5512658227848102 0.7545045045045045 0.5164556962025316 0.07882882882882883
0 0.30949367088607593 0.8006756756756757 0.03670886075949367 0.0472972972972973
0 0.3556962025316456 0.795045045045045 0.02531645569620253 0.038288288288288286
0 0.43924050632911393 0.7961711711711712 0.08227848101265822 0.0472972972972973
0 0.5563291139240506 0.7984234234234234 0.08227848101265822 0.04279279279279279
0 0.3848101265822785 0.8445945945945946 0.1911392405063291 0.04954954954954955
0 0.41455696202531644 0.8862612612612613 0.17468354430379746 0.07882882882882883
0 0.6341772151898735 0.8772522522522522 0.1759493670886076 0.06756756756756757
0 0.3430379746835443 0.9234234234234234 0.07468354430379746 0.05405405405405406
0 0.46392405063291137 0.9335585585585585 0.10126582278481013 0.07657657657657657
0 0.5987341772151898 0.9324324324324325 0.10506329113924051 0.07657657657657657
0 0.7455696202531645 0.9234234234234234 0.11392405063291139 0.06531531531531531
0 0.9867088607594937 0.5259009009009009 0.026582278481012658 0.0472972972972973
0 0.1810126582278481 0.04504504504504504 0.0189873417721519 0.036036036036036036
0 0.23417721518987342 0.04842342342342342 0.012658227848101266 0.04504504504504504
0 0.09367088607594937 0.13175675675675674 0.05949367088607595 0.03153153153153153
0 0.18227848101265823 0.13063063063063063 0.02278481012658228 0.038288288288288286
0 0.07088607594936709 0.21846846846846846 0.030379746835443037 0.038288288288288286
0 0.20759493670886076 0.22297297297297297 0.021518987341772152 0.033783783783783786
0 0.05886075949367089 0.31981981981981983 0.02531645569620253 0.033783783783783786
0 0.14050632911392405 0.32207207207207206 0.017721518987341773 0.036036036036036036
0 0.08924050632911393 0.04391891891891892 0.017721518987341773 0.02927927927927928