0 0.12382075471698113 0.03800675675675676 0.24764150943396226 0.02533783783783784
0 0.7370283018867925 0.03209459459459459 0.11556603773584906 0.02364864864864865
0 0.39858490566037735 0.08530405405405406 0.7971698113207547 0.028716216216216218
0 0.4009433962264151 0.10135135135135136 0.8018867924528302 0.030405405405405407
0 0.4009433962264151 0.11824324324324324 0.8018867924528302 0.030405405405405407
0 0.4056603773584906 0.13429054054054054 0.8113207547169812 0.02533783783783784
0 0.20518867924528303 0.15287162162162163 0.41037735849056606 0.02195945945945946
0 0.3738207547169811 0.21537162162162163 0.7452830188679245 0.08277027027027027
0 0.41037735849056606 0.27449324324324326 0.8183962264150944 0.05912162162162162
0 0.4091981132075472 0.33868243243243246 0.8113207547169812 0.07263513513513513
0 0.40212264150943394 0.3935810810810811 0.8042452830188679 0.0777027027027027
0 0.4009433962264151 0.4535472972972973 0.7900943396226415 0.07601351351351351
0 0.4233490566037736 0.5118243243243243 0.8466981132075472 0.08445945945945946
0 0.36674528301886794 0.5641891891891891 0.7287735849056604 0.05405405405405406
0 0.4268867924528302 0.6241554054054054 0.8490566037735849 0.07094594594594594
0 0.4233490566037736 0.6824324324324325 0.8278301886792453 0.07432432432432433
0 0.41627358490566035 0.7407094594594594 0.8018867924528302 0.08277027027027027
0 0.15330188679245282 0.8048986486486487 0.25235849056603776 0.05912162162162162
0 0.05306603773584906 0.8775337837837838 0.07311320754716981 0.02195945945945946