0 0.6187407407407407 0.05025 0.49674074074074076 0.0906875
0 0.25707407407407407 0.19424999999999998 0.31807407407407406 0.04779166666666667
0 0.18737037037037038 0.22977083333333334 0.17866666666666667 0.038
0 0.37907407407407406 0.26164583333333336 0.535962962962963 0.0404375
0 0.4444444444444444 0.31189583333333337 0.37474074074074076 0.04779166666666667
0 0.23637037037037037 0.37622916666666667 0.14596296296296296 0.041666666666666664
0 0.6176296296296296 0.3860208333333333 0.5294074074074074 0.051479166666666666
0 0.22003703703703703 0.424625 0.07844444444444444 0.057604166666666665
0 0.5871481481481482 0.41789583333333336 0.4727777777777778 0.0465625
0 0.4106666666666666 0.43995833333333334 0.10674074074074075 0.03185416666666666
0 0.49018518518518517 0.5024583333333333 0.6405185185185185 0.041666666666666664
0 0.3834444444444444 0.5343125000000001 0.42700000000000005 0.03920833333333333
0 0.6644814814814815 0.7279375 0.07407407407407407 0.019604166666666666