0 0.555 0.14292035398230088 0.14555555555555555 0.04070796460176991
0 0.55 0.19690265486725664 0.3211111111111111 0.049557522123893805
0 0.545 0.25442477876106195 0.5188888888888888 0.05663716814159292
0 0.5522222222222222 0.31150442477876106 0.11333333333333333 0.03893805309734513
0 0.5472222222222223 0.3752212389380531 0.7311111111111112 0.06902654867256637
0 0.55 0.43097345132743364 0.33111111111111113 0.04513274336283186
0 0.5061111111111111 0.48097345132743363 0.7677777777777778 0.07964601769911504
0 0.4911111111111111 0.5247787610619469 0.7666666666666667 0.08495575221238938
0 0.4766666666666667 0.5610619469026549 0.76 0.08230088495575222
0 0.49666666666666665 0.5942477876106195 0.8133333333333334 0.09557522123893805
0 0.5238888888888888 0.6269911504424779 0.88 0.09823008849557523
0 0.13444444444444445 0.6570796460176991 0.10888888888888888 0.04070796460176991
0 0.5188888888888888 0.6915929203539823 0.8666666666666667 0.09026548672566372
0 0.4911111111111111 0.7331858407079646 0.8322222222222222 0.09646017699115045
0 0.5105555555555555 0.7663716814159292 0.89 0.09292035398230089
0 0.3438888888888889 0.8048672566371682 0.5755555555555556 0.08761061946902655
0 0.2511111111111111 0.8438053097345133 0.36 0.07964601769911504
0 0.2538888888888889 0.8725663716814159 0.37444444444444447 0.07168141592920355
0 0.275 0.9256637168141593 0.41444444444444445 0.08230088495575222
0 0.2011111111111111 0.9606194690265487 0.2544444444444444 0.06017699115044248
0 0.745 0.8761061946902655 0.33444444444444443 0.24778761061946902