0 0.1422976501305483 0.04903846153846154 0.08485639686684072 0.05
0 0.3727154046997389 0.04038461538461539 0.09399477806788512 0.05
0 0.6018276762402088 0.0375 0.07963446475195822 0.05
0 0.8276762402088773 0.02980769230769231 0.08485639686684072 0.05
0 0.20757180156657964 0.23942307692307693 0.3133159268929504 0.06346153846153846
0 0.2565274151436031 0.2980769230769231 0.4177545691906005 0.0673076923076923
0 0.26240208877284593 0.41923076923076924 0.21148825065274152 0.06153846153846154
0 0.741514360313316 0.3317307692307692 0.14882506527415143 0.06153846153846154
0 0.7460835509138382 0.38846153846153847 0.18798955613577023 0.057692307692307696
0 0.2793733681462141 0.48173076923076924 0.4046997389033943 0.06538461538461539
0 0.7480417754569191 0.46826923076923077 0.2545691906005222 0.06346153846153846
0 0.26827676240208875 0.6019230769230769 0.4281984334203655 0.06346153846153846
0 0.1370757180156658 0.7846153846153846 0.15796344647519583 0.057692307692307696
0 0.4660574412532637 0.7778846153846154 0.4425587467362924 0.06923076923076923
0 0.881201044386423 0.95 0.11096605744125326 0.057692307692307696