0 0.1717171717171717 0.06160458452722063 0.2727272727272727 0.02865329512893983
0 0.8333333333333334 0.05873925501432665 0.12121212121212122 0.02865329512893983
0 0.46380471380471383 0.12464183381088825 0.8535353535353535 0.022922636103151862
0 0.4654882154882155 0.14541547277936961 0.8535353535353535 0.024355300859598854
0 0.4671717171717172 0.1654727793696275 0.8569023569023569 0.024355300859598854
0 0.4663299663299663 0.18481375358166188 0.8552188552188552 0.022922636103151862
0 0.10521885521885523 0.20916905444126074 0.132996632996633 0.02005730659025788
0 0.4983164983164983 0.29369627507163326 0.9124579124579124 0.05157593123209169
0 0.5058922558922558 0.3646131805157593 0.9276094276094277 0.044412607449856735
0 0.5033670033670034 0.44126074498567336 0.9326599326599326 0.04871060171919771
0 0.49242424242424243 0.5121776504297995 0.9208754208754208 0.044412607449856735
0 0.4713804713804714 0.583810888252149 0.8686868686868687 0.03868194842406877
0 0.48148148148148145 0.6611747851002865 0.898989898989899 0.04727793696275072
0 0.4823232323232323 0.7342406876790831 0.8905723905723906 0.044412607449856735
0 0.4831649831649832 0.8065902578796562 0.9124579124579124 0.045845272206303724
0 0.2281144781144781 0.8775071633237822 0.37542087542087543 0.04727793696275072