0 0.5618 0.020377777777777776 0.15 0.04073333333333333
0 0.3697875 0.2753111111111111 0.065975 0.029622222222222223
0 0.3670125 0.30493333333333333 0.0993 0.039511111111111115
0 0.5614625 0.3438222222222222 0.2729125 0.08271111111111111
0 0.5611125 0.4037111111111111 0.122225 0.054311111111111116
0 0.33923749999999997 0.5549333333333333 0.0632 0.030866666666666667
0 0.475 0.5641999999999999 0.17083749999999998 0.07653333333333333
0 0.6427124999999999 0.5679111111111111 0.05625 0.03457777777777778
0 0.3375 0.5956888888888889 0.0625 0.0358
0 0.4736125 0.5938222222222223 0.1541625 0.05926666666666667
0 0.4291625 0.6364222222222222 0.25138750000000004 0.04815555555555556
0 0.6132 0.6432 0.09305 0.05184444444444444
0 0.7420125 0.6561777777777777 0.10625 0.0679111111111111
0 0.372225 0.6765333333333333 0.097225 0.06666666666666667
0 0.4895875 0.6728444444444444 0.0916625 0.054311111111111116
0 0.5517375 0.7549333333333333 0.5090250000000001 0.06295555555555556
0 0.3125 0.7926000000000001 0.0361125 0.044444444444444446
0 0.35833750000000003 0.7888888888888889 0.025 0.03704444444444445
0 0.440625 0.7919777777777778 0.08125 0.0432
0 0.5566 0.7987555555555556 0.08125 0.039511111111111115
0 0.3868 0.8388888888888889 0.1888875 0.0432
0 0.415625 0.8808666666666667 0.171525 0.07284444444444445
0 0.6326375 0.8784 0.17361249999999998 0.060488888888888884
0 0.34445 0.9154222222222222 0.0736125 0.05062222222222223
0 0.46423749999999997 0.9290222222222222 0.0993 0.07284444444444445
0 0.597225 0.9314888888888889 0.102775 0.07284444444444445
0 0.7423625 0.9277777777777778 0.1125 0.060488888888888884
0 0.9861125 0.5438222222222222 0.027774999999999998 0.04568888888888888
0 0.1934 0.0432 0.01875 0.03457777777777778
0 0.24548749999999997 0.04815555555555556 0.0118 0.044444444444444446
0 0.10625 0.12653333333333333 0.0583375 0.028399999999999998
0 0.1934 0.12840000000000001 0.021525 0.03704444444444445
0 0.0829875 0.21173333333333333 0.0298625 0.0358
0 0.21771249999999998 0.21975555555555557 0.021525 0.03208888888888889
0 0.0701375 0.31048888888888887 0.025 0.03333333333333333
0 0.15035 0.31604444444444446 0.0173625 0.03457777777777778
0 0.102425 0.04013333333333333 0.0173625 0.028399999999999998