0 0.17762222222222224 0.046104928457869634 0.24266666666666667 0.02012718600953895
0 0.7590222222222223 0.04744038155802862 0.10766666666666667 0.020651828298887124
0 0.4342 0.09356120826709062 0.7602666666666666 0.017456279809220987
0 0.4368 0.10891891891891893 0.761 0.01850556438791733
0 0.4356888888888889 0.12483306836248012 0.7632222222222222 0.018489666136724963
0 0.4427111111111111 0.14073131955484897 0.7669333333333334 0.01424483306836248
0 0.25322222222222224 0.15503974562798092 0.3883555555555555 0.015294117647058823
0 0.4116222222222222 0.21573926868044513 0.7017555555555556 0.06880763116057234
0 0.4456888888888889 0.2713990461049285 0.7698888888888888 0.046502384737678856
0 0.4427111111111111 0.3318282988871224 0.7639555555555555 0.05918918918918918
0 0.4345777777777778 0.3837678855325914 0.7565555555555555 0.06340222575516694
0 0.43235555555555555 0.43969793322734496 0.7432222222222222 0.06284578696343403
0 0.45235555555555557 0.49694753577106515 0.8009777777777778 0.06917329093799682
0 0.39717777777777774 0.5438632750397456 0.6862222222222223 0.04211446740858505
0 0.45235555555555557 0.6013672496025437 0.8009777777777778 0.05745627980922099
0 0.4475333333333333 0.6557074721780604 0.7780222222222223 0.06007949125596184
0 0.4401333333333333 0.7105723370429252 0.7543333333333333 0.06799682034976152
0 0.1906 0.7675516693163752 0.23746666666666666 0.05259141494435612
0 0.09468888888888889 0.8348807631160572 0.0679111111111111 0.019697933227344994