0 0.506 0.07515337423312883 0.568 0.0950920245398773
0 0.502 0.1579754601226994 0.934 0.16257668711656442
0 0.469 0.2361963190184049 0.938 0.15337423312883436
0 0.456 0.3159509202453988 0.912 0.147239263803681
0 0.505 0.3895705521472393 0.94 0.13803680981595093
0 0.496 0.46932515337423314 0.992 0.1411042944785276
0 0.483 0.553680981595092 0.966 0.1441717791411043
0 0.402 0.6457055214723927 0.8 0.1411042944785276
0 0.518 0.7223926380368099 0.964 0.1441717791411043
0 0.503 0.8144171779141104 0.994 0.15644171779141106
0 0.504 0.8941717791411042 0.992 0.13803680981595093
0 0.491 0.9570552147239264 0.962 0.08588957055214724