0 0.2731728045325779 0.030118918918918918 0.3197025495750708 0.06022702702702703
0 0.5089093484419264 0.10887567567567567 0.8964022662889518 0.09420540540540541
0 0.1689660056657224 0.1806918918918919 0.13556657223796034 0.05250810810810811
0 0.3874929178470255 0.24633513513513516 0.3460198300283286 0.08803243243243244
0 0.50485835694051 0.30734054054054055 0.7871246458923513 0.0833945945945946
0 0.38344192634560903 0.3613945945945946 0.36219546742209635 0.061772972972972975
0 0.48158640226628896 0.42934054054054055 0.7244050991501416 0.08957837837837838
0 0.48058073654390937 0.4818486486486486 0.8599716713881019 0.08031351351351353
0 0.463371104815864 0.5382270270270271 0.7365439093484419 0.08803243243243244
0 0.22865439093484421 0.5891891891891892 0.311614730878187 0.05714594594594594
0 0.41076487252124644 0.6656324324324324 0.5463314447592068 0.08957837837837838
0 0.599957507082153 0.7304972972972973 0.6657223796033994 0.07412972972972973
0 0.40570821529745044 0.7752864864864865 0.37434844192634564 0.06486486486486487