0 0.5 0.04791666666666667 0.601123595505618 0.09166666666666666
0 0.5224719101123596 0.14166666666666666 0.9101123595505618 0.07916666666666666
0 0.41292134831460675 0.21875 0.7528089887640449 0.075
0 0.4887640449438202 0.2916666666666667 0.8595505617977528 0.09583333333333334
0 0.4803370786516854 0.37916666666666665 0.8820224719101124 0.1125
0 0.45786516853932585 0.425 0.848314606741573 0.07916666666666666
0 0.47191011235955055 0.5 0.848314606741573 0.0875
0 0.5 0.5541666666666667 0.9719101123595506 0.10416666666666667
0 0.08707865168539326 0.6270833333333333 0.1404494382022472 0.06666666666666667
0 0.44662921348314605 0.68125 0.8202247191011236 0.1375
0 0.3707865168539326 0.75 0.7078651685393258 0.13333333333333333
0 0.4943820224719101 0.8229166666666666 0.9550561797752809 0.0875
0 0.4353932584269663 0.8854166666666666 0.8314606741573034 0.09583333333333334
0 0.4887640449438202 0.94375 0.9044943820224719 0.09583333333333334
0 0.4691011235955056 0.9770833333333333 0.8932584269662921 0.04583333333333333