0 0.17292746113989638 0.014184397163120567 0.09196891191709844 0.028368794326241134
0 0.3536269430051813 0.02127659574468085 0.20207253886010362 0.0425531914893617
0 0.5854922279792746 0.022458628841607566 0.172279792746114 0.037825059101654845
0 0.17551813471502592 0.047872340425531915 0.09326424870466321 0.037825059101654845
0 0.5343264248704663 0.05260047281323877 0.5751295336787565 0.07328605200945626
0 0.34585492227979275 0.08569739952718676 0.19430051813471502 0.04491725768321513
0 0.7331606217616581 0.09042553191489362 0.12305699481865284 0.03900709219858156
0 0.42487046632124353 0.11702127659574468 0.35751295336787564 0.0508274231678487
0 0.1716321243523316 0.13829787234042554 0.09844559585492228 0.034278959810874705
0 0.16191709844559585 0.17375886524822695 0.09844559585492228 0.04609929078014184
0 0.3477979274611399 0.1483451536643026 0.18652849740932642 0.04609929078014184
0 0.37823834196891193 0.1731678486997636 0.24870466321243523 0.03546099290780142
0 0.8562176165803109 0.15484633569739953 0.08290155440414508 0.04373522458628842
0 0.32189119170984454 0.20981087470449172 0.14248704663212436 0.04491725768321513
0 0.33419689119170987 0.2990543735224586 0.3238341968911917 0.05319148936170213
0 0.6146373056994818 0.30319148936170215 0.08031088082901554 0.030732860520094562
0 0.34520725388601037 0.3628841607565012 0.20984455958549222 0.04964539007092199
0 0.3238341968911917 0.39184397163120566 0.16709844559585493 0.04491725768321513
0 0.5906735751295337 0.3628841607565012 0.14378238341968913 0.03309692671394799
0 0.591321243523316 0.39066193853427894 0.1567357512953368 0.037825059101654845
0 0.7856217616580311 0.32860520094562645 0.031088082901554404 0.024822695035460994
0 0.7791450777202072 0.37056737588652483 0.10362694300518134 0.030732860520094562
0 0.7849740932642487 0.3947990543735225 0.11787564766839378 0.031914893617021274
0 0.564119170984456 0.4219858156028369 0.027202072538860103 0.018912529550827423
0 0.8238341968911918 0.42730496453900707 0.02461139896373057 0.018912529550827423
0 0.3173575129533679 0.4562647754137116 0.14248704663212436 0.04491725768321513
0 0.28821243523316065 0.48817966903073284 0.09067357512953368 0.04018912529550828
0 0.5790155440414507 0.45685579196217496 0.14378238341968913 0.034278959810874705
0 0.5660621761658031 0.4858156028368794 0.11787564766839378 0.027186761229314422
0 0.7823834196891192 0.4651300236406619 0.11139896373056994 0.037825059101654845
0 0.7830310880829016 0.48936170212765956 0.133419689119171 0.031914893617021274