0 0.9220647773279352 0.07214285714285715 0.12955465587044535 0.02142857142857143
0 0.06275303643724696 0.08214285714285714 0.08097165991902834 0.018571428571428572
0 0.06983805668016195 0.10214285714285715 0.06275303643724696 0.024285714285714285
0 0.7125506072874493 0.09857142857142857 0.23481781376518218 0.027142857142857142
0 0.6933198380566802 0.11571428571428571 0.14979757085020243 0.024285714285714285
0 0.521255060728745 0.175 0.38461538461538464 0.037142857142857144
0 0.25 0.22142857142857142 0.38461538461538464 0.02857142857142857
0 0.444331983805668 0.32857142857142857 0.7793522267206477 0.09571428571428571
0 0.4190283400809717 0.41714285714285715 0.742914979757085 0.07428571428571429
0 0.3805668016194332 0.5221428571428571 0.6680161943319838 0.08285714285714285
0 0.24190283400809717 0.6428571428571429 0.4008097165991903 0.03142857142857143
0 0.09109311740890688 0.9807142857142858 0.18218623481781376 0.02142857142857143
0 0.7955465587044535 0.9935714285714285 0.3603238866396761 0.012857142857142857