0 0.3475308641975309 0.03536878216123499 0.10780246913580246 0.05644939965694682
0 0.34382716049382717 0.08274442538593482 0.11369135802469137 0.05406518010291595
0 0.5542716049382715 0.0351114922813036 0.13949382716049383 0.041132075471698115
0 0.6043086419753086 0.0851286449399657 0.21867901234567902 0.05457975986277873
0 0.6157037037037038 0.12643224699828473 0.2946543209876543 0.059056603773584904
0 0.6688765432098766 0.17656946826758146 0.37061728395061727 0.06432246998284734
0 0.14393827160493827 0.2132590051457976 0.03488888888888889 0.049022298456260716
0 0.1746172839506173 0.3196054888507719 0.113320987654321 0.0632418524871355
0 0.18828395061728395 0.4093481989708405 0.1482716049382716 0.07379073756432247
0 0.13330864197530864 0.593156089193825 0.028814814814814814 0.03600343053173242
0 0.13444444444444445 0.687770154373928 0.031098765432098767 0.04996569468267581
0 0.1469753086419753 0.8279073756432247 0.07895061728395063 0.049416809605488846
0 0.5875925925925926 0.22037735849056603 0.5043333333333333 0.05060034305317324
0 0.6075308641975309 0.26274442538593484 0.5100246913580248 0.04240137221269297
0 0.3714691358024691 0.31222984562607203 0.07969135802469135 0.05691252144082333
0 0.6369753086419754 0.3182847341337907 0.3371975308641975 0.06060034305317324
0 0.37764197530864196 0.3520754716981132 0.09013580246913581 0.0458147512864494
0 0.6512222222222223 0.35643224699828474 0.3314938271604938 0.039742710120068615
0 0.5335555555555556 0.4106689536878216 0.4361481481481481 0.06586620926243568
0 0.5826419753086419 0.5026415094339624 0.5856172839506173 0.07243567753001715
0 0.5393456790123456 0.5915780445969125 0.4762222222222222 0.06029159519725557
0 0.5428641975308642 0.6439622641509434 0.481358024691358 0.063704974271012
0 0.4550246913580247 0.6890909090909091 0.2847901234567901 0.05260720411663808
0 0.5978395061728395 0.7313207547169811 0.5856172839506173 0.05260720411663808
0 0.34630864197530864 0.7819897084048028 0.09203703703703703 0.056809605488850765
0 0.37507407407407406 0.8317324185248713 0.13628395061728396 0.05495711835334477
0 0.5428765432098765 0.8416466552315609 0.09391358024691357 0.10471698113207546
0 0.7612839506172839 0.8178902229845626 0.23443209876543208 0.058919382504288166
0 0.8407654320987654 0.8717152658662092 0.049629629629629635 0.056792452830188675
0 0.8047777777777778 0.8725214408233276 0.07450617283950617 0.02881646655231561