0 0.9494949494949495 0.12385321100917432 0.10101010101010101 0.05504587155963303
0 0.49747474747474746 0.1720183486238532 0.6464646464646465 0.11467889908256881
0 0.5378787878787878 0.26605504587155965 0.9242424242424242 0.12844036697247707
0 0.5176767676767676 0.3119266055045872 0.9191919191919192 0.11467889908256881
0 0.51010101010101 0.3623853211009174 0.7474747474747475 0.11926605504587157
0 0.5303030303030303 0.44495412844036697 0.9292929292929293 0.11926605504587157
0 0.23232323232323232 0.4954128440366973 0.1111111111111111 0.06422018348623854
0 0.5227272727272727 0.5344036697247706 0.9545454545454546 0.11926605504587157
0 0.5808080808080808 0.5871559633027523 0.8333333333333334 0.0963302752293578
0 0.3106060606060606 0.6376146788990825 0.30303030303030304 0.07339449541284404
0 0.5151515151515151 0.7201834862385321 0.9595959595959596 0.11467889908256881
0 0.2222222222222222 0.768348623853211 0.13131313131313133 0.045871559633027525
0 0.51010101010101 0.8119266055045872 0.9545454545454546 0.10550458715596331
0 0.5580808080808081 0.8646788990825688 0.8535353535353535 0.10091743119266056
0 0.5505050505050505 0.9151376146788991 0.8434343434343434 0.10550458715596331
0 0.5606060606060606 0.9518348623853211 0.8383838383838383 0.0963302752293578
0 0.31565656565656564 0.9793577981651376 0.3686868686868687 0.04128440366972477