0 0.36003236245954695 0.06153846153846154 0.7200647249190939 0.06153846153846154
0 0.4320388349514563 0.11758241758241758 0.8640776699029126 0.07692307692307693
0 0.22572815533980584 0.16703296703296702 0.45145631067961167 0.07252747252747253
0 0.09304207119741101 0.20604395604395603 0.18608414239482202 0.04945054945054945
0 0.4911003236245955 0.27307692307692305 0.7362459546925566 0.06703296703296703
0 0.46601941747572817 0.3208791208791209 0.9320388349514563 0.07472527472527472
0 0.4692556634304207 0.37252747252747254 0.9385113268608414 0.07692307692307693
0 0.26294498381877024 0.4225274725274725 0.5258899676375405 0.07362637362637363
0 0.4684466019417476 0.5236263736263737 0.21844660194174756 0.06263736263736264
0 0.4546925566343042 0.5703296703296703 0.20388349514563106 0.07032967032967033
0 0.4457928802588997 0.6236263736263736 0.8042071197411004 0.06923076923076923
0 0.1610032362459547 0.667032967032967 0.3220064724919094 0.04835164835164835
0 0.46763754045307443 0.7258241758241758 0.9352750809061489 0.06483516483516484
0 0.4749190938511327 0.7747252747252747 0.9498381877022654 0.06373626373626373
0 0.43042071197411 0.8274725274725274 0.86084142394822 0.07252747252747253
0 0.44983818770226536 0.8758241758241758 0.8996763754045307 0.07692307692307693
0 0.18932038834951456 0.9280219780219781 0.3786407766990291 0.06923076923076923
0 0.4587378640776699 0.9697802197802198 0.9174757281553398 0.06043956043956044