0 0.46801872074882994 0.04124156545209177 0.7939001560062402 0.02249662618083671
0 0.46628705148205923 0.06072874493927125 0.7939001560062402 0.02249662618083671
0 0.4671450858034321 0.08021592442645074 0.7956318252730109 0.02249662618083671
0 0.46628705148205923 0.09821862348178138 0.7939001560062402 0.02249662618083671
0 0.4671450858034321 0.11846153846153847 0.7956318252730109 0.023994601889338732
0 0.37614664586583463 0.13870445344129556 0.6170982839313572 0.02249662618083671
0 0.47755070202808114 0.21592442645074225 0.7990951638065523 0.05697705802968961
0 0.48622464898595946 0.2856545209176788 0.8233697347893916 0.04948717948717949
0 0.5278159126365054 0.3471255060728745 0.91003120124805 0.04948717948717949
0 0.5286895475819032 0.41910931174089067 0.9325741029641185 0.05847503373819163
0 0.5104836193447738 0.48808367071524966 0.9031045241809672 0.043481781376518217
0 0.5130889235569422 0.5600539811066126 0.9082995319812793 0.04647773279352226
0 0.49054602184087365 0.6282860998650472 0.8528393135725428 0.05098515519568151
0 0.5000936037441498 0.691255060728745 0.8823088923556941 0.05398110661268556
0 0.49488299531981284 0.7594871794871795 0.8753666146645867 0.043481781376518217
0 0.5182839313572544 0.8329554655870446 0.9429641185647427 0.05547908232118758
0 0.4194851794071763 0.8959379217273954 0.7419032761310452 0.05547908232118758
0 0.10400936037441498 0.9784075573549258 0.06586583463338533 0.02249662618083671