0 0.06887755102040816 0.08677685950413223 0.07653061224489796 0.0371900826446281
0 0.44387755102040816 0.08884297520661157 0.41836734693877553 0.0743801652892562
0 0.8724489795918368 0.1012396694214876 0.11224489795918367 0.04132231404958678
0 0.7193877551020408 0.10950413223140495 0.08673469387755102 0.0371900826446281
0 0.7244897959183674 0.13636363636363635 0.12755102040816327 0.04132231404958678
0 0.7244897959183674 0.1590909090909091 0.061224489795918366 0.028925619834710745
0 0.40816326530612246 0.14049586776859505 0.45408163265306123 0.0743801652892562
0 0.49489795918367346 0.2024793388429752 0.8367346938775511 0.08264462809917356
0 0.4719387755102041 0.23553719008264462 0.7704081632653061 0.06611570247933884
0 0.4923469387755102 0.2644628099173554 0.8163265306122449 0.07024793388429752
0 0.48214285714285715 0.2975206611570248 0.7857142857142857 0.06611570247933884
0 0.5051020408163265 0.32644628099173556 0.8418367346938775 0.07851239669421488
0 0.3010204081632653 0.35330578512396693 0.4336734693877551 0.05785123966942149
0 0.30357142857142855 0.41115702479338845 0.4030612244897959 0.06611570247933884
0 0.4846938775510204 0.4731404958677686 0.7193877551020408 0.0743801652892562
0 0.5051020408163265 0.5103305785123967 0.6938775510204082 0.06611570247933884
0 0.5204081632653061 0.5371900826446281 0.7040816326530612 0.07024793388429752
0 0.4923469387755102 0.5640495867768595 0.6632653061224489 0.06198347107438017
0 0.5 0.5950413223140496 0.673469387755102 0.06198347107438017
0 0.49744897959183676 0.6301652892561983 0.6785714285714286 0.0743801652892562
0 0.5 0.6570247933884298 0.6683673469387755 0.06611570247933884
0 0.46938775510204084 0.6900826446280992 0.6275510204081632 0.06198347107438017
0 0.21428571428571427 0.7128099173553719 0.12244897959183673 0.04132231404958678
0 0.29336734693877553 0.7747933884297521 0.3877551020408163 0.06611570247933884
0 0.4770408163265306 0.8367768595041323 0.7091836734693877 0.07024793388429752
0 0.28316326530612246 0.8657024793388429 0.25 0.045454545454545456