0 0.19561068702290077 0.10973282442748092 0.11259541984732824 0.02480916030534351
0 0.1946564885496183 0.12786259541984732 0.1049618320610687 0.02099236641221374
0 0.5887404580152672 0.019083969465648856 0.3950381679389313 0.03816793893129771
0 0.7519083969465649 0.03625954198473282 0.07633587786259542 0.026717557251908396
0 0.4770992366412214 0.3463740458015267 0.6297709923664122 0.20229007633587787
0 0.4083969465648855 0.49236641221374045 0.06679389312977099 0.03816793893129771
0 0.4732824427480916 0.5248091603053435 0.07633587786259542 0.1450381679389313
0 0.48091603053435117 0.6574427480916031 0.08778625954198473 0.03625954198473282
0 0.35782442748091603 0.791030534351145 0.07442748091603053 0.04007633587786259
0 0.22519083969465647 0.9780534351145038 0.04389312977099236 0.04389312977099236
0 0.3530534351145038 0.9933206106870229 0.2099236641221374 0.013358778625954198
0 0.3568702290076336 0.825381679389313 0.04007633587786259 0.03244274809160305
0 0.39408396946564883 0.8559160305343512 0.08778625954198473 0.03244274809160305
0 0.4255725190839695 0.8912213740458015 0.08587786259541985 0.030534351145038167