0 0.4 0.019014084507042252 0.7702702702702703 0.038028169014084505
0 0.4135135135135135 0.04295774647887324 0.7878378378378378 0.0676056338028169
0 0.13513513513513514 0.10704225352112676 0.19864864864864865 0.0676056338028169
0 0.05810810810810811 0.15140845070422534 0.03783783783783784 0.036619718309859155
0 0.2141891891891892 0.14788732394366197 0.17162162162162162 0.04366197183098591
0 0.45135135135135135 0.2323943661971831 0.6635135135135135 0.061971830985915494
0 0.24054054054054055 0.31690140845070425 0.42702702702702705 0.056338028169014086
0 0.4243243243243243 0.35845070422535213 0.7621621621621621 0.06056338028169014
0 0.15 0.4 0.25 0.04929577464788732
0 0.24864864864864866 0.43591549295774645 0.40135135135135136 0.04225352112676056
0 0.4006756756756757 0.4753521126760563 0.7067567567567568 0.061971830985915494
0 0.34459459459459457 0.5528169014084507 0.5824324324324325 0.0676056338028169
0 0.4101351351351351 0.6366197183098592 0.7337837837837838 0.07605633802816901
0 0.09662162162162162 0.6816901408450704 0.16756756756756758 0.04929577464788732
0 0.4283783783783784 0.754225352112676 0.7391891891891892 0.08309859154929577
0 0.05202702702702703 0.7971830985915493 0.06351351351351352 0.03943661971830986
0 0.34256756756756757 0.8767605633802817 0.6432432432432432 0.07323943661971831
0 0.3878378378378378 0.9204225352112676 0.7202702702702702 0.09014084507042254
0 0.3452702702702703 0.9584507042253522 0.6256756756756757 0.07746478873239436
0 0.3013513513513513 0.9845070422535211 0.3567567567567568 0.030985915492957747