0 0.75 0.187015503875969 0.2661971830985915 0.03875968992248062
0 0.2661971830985915 0.2451550387596899 0.23943661971830985 0.0562015503875969
0 0.5338028169014084 0.311046511627907 0.8718309859154929 0.09689922480620156
0 0.3190140845070423 0.3633720930232558 0.3408450704225352 0.07364341085271318
0 0.4964788732394366 0.4166666666666667 0.8028169014084507 0.08527131782945736
0 0.45422535211267606 0.4631782945736434 0.7323943661971831 0.0872093023255814
0 0.4 0.5193798449612403 0.4915492957746479 0.08527131782945736
0 0.45774647887323944 0.5668604651162791 0.7450704225352113 0.0872093023255814
0 0.7281690140845071 0.6337209302325582 0.27887323943661974 0.08139534883720931
0 0.10140845070422536 0.6511627906976745 0.0323943661971831 0.03682170542635659
0 0.36971830985915494 0.7141472868217055 0.3929577464788732 0.07751937984496124
0 0.5464788732394367 0.8178294573643411 0.7577464788732394 0.09883720930232558
0 0.44647887323943664 0.8934108527131783 0.1 0.08139534883720931
0 0.6605633802816901 0.9021317829457365 0.15492957746478872 0.046511627906976744
0 0.6330985915492958 0.9728682170542635 0.17887323943661973 0.05426356589147287