0 0.10341666666666666 0.10244444444444445 0.20681666666666668 0.14717460317460318
0 0.5136333333333334 0.07431746031746032 0.15758333333333333 0.09666666666666666
0 0.5231 0.19768253968253968 0.8856 0.16739682539682538
0 0.48219999999999996 0.2929206349206349 0.9128833333333334 0.13276190476190478
0 0.13863333333333336 0.36723809523809525 0.22425000000000003 0.08225396825396826
0 0.5087166666666667 0.4747619047619048 0.8628833333333333 0.13853968253968255
0 0.47764999999999996 0.5656507936507936 0.9052999999999999 0.15295238095238095
0 0.49961666666666665 0.6673968253968253 0.9447000000000001 0.12555555555555556
0 0.5011333333333333 0.7633333333333333 0.94015 0.14717460317460318
0 0.4905333333333333 0.8557142857142858 0.9128833333333334 0.1212063492063492
0 0.4818166666666666 0.9372380952380953 0.9 0.12555555555555556