0 0.031512605042016806 0.024193548387096774 0.06302521008403361 0.016129032258064516
0 0.01050420168067227 0.09032258064516129 0.02100840336134454 0.03225806451612903
0 0.07352941176470588 0.09032258064516129 0.02661064425770308 0.035483870967741936
0 0.13935574229691877 0.08709677419354839 0.04481792717086835 0.035483870967741936
0 0.20448179271708683 0.08548387096774193 0.05322128851540616 0.03225806451612903
0 0.8830532212885154 0.05967741935483871 0.029411764705882353 0.02903225806451613
0 0.946078431372549 0.056451612903225805 0.0350140056022409 0.041935483870967745
0 0.988795518207283 0.0532258064516129 0.015406162464985995 0.035483870967741936
0 0.24299719887955182 0.22096774193548388 0.46078431372549017 0.11935483870967742
0 0.49859943977591037 0.4032258064516129 0.9621848739495799 0.24516129032258063
0 0.06512605042016807 0.47419354838709676 0.13025210084033614 0.12258064516129032
0 0.4964985994397759 0.6258064516129033 0.9663865546218487 0.22580645161290322
0 0.4810924369747899 0.7387096774193549 0.9593837535014006 0.2032258064516129
0 0.5035014005602241 0.853225806451613 0.9635854341736695 0.23548387096774193
0 0.4733893557422969 0.9306451612903226 0.9019607843137255 0.13870967741935483