0 0.5285571142284569 0.05037593984962406 0.9168336673346693 0.10075187969924812
0 0.20040080160320642 0.10827067669172932 0.3226452905811623 0.09398496240601503
0 0.5130260521042084 0.181203007518797 0.9739478957915831 0.11127819548872181
0 0.21793587174348697 0.25338345864661654 0.250501002004008 0.0924812030075188
0 0.5225450901803608 0.31992481203007517 0.9549098196392786 0.12857142857142856
0 0.16983967935871744 0.4026315789473684 0.24749498997995992 0.08270676691729323
0 0.4819639278557114 0.44398496240601504 0.9639278557114228 0.14661654135338345
0 0.15130260521042085 0.5203007518796993 0.24949899799599198 0.07894736842105263
0 0.4879759519038076 0.5586466165413534 0.9759519038076152 0.11879699248120301
0 0.1718436873747495 0.6176691729323308 0.29158316633266534 0.07819548872180451
0 0.49298597194388777 0.6533834586466165 0.9859719438877755 0.14285714285714285
0 0.10821643286573146 0.7218045112781954 0.21643286573146292 0.06917293233082707
0 0.48597194388777554 0.7676691729323308 0.9719438877755511 0.11278195488721804
0 0.12775551102204408 0.8281954887218045 0.24749498997995992 0.07819548872180451
0 0.47394789579158314 0.8838345864661654 0.9478957915831663 0.11052631578947368
0 0.17935871743486975 0.9417293233082706 0.3587174348697395 0.07894736842105263
0 0.15881763527054107 0.975187969924812 0.31763527054108215 0.0406015037593985