0 0.2922636103151863 0.03736263736263736 0.29512893982808025 0.06483516483516484
0 0.335243553008596 0.0989010989010989 0.504297994269341 0.08571428571428572
0 0.4871060171919771 0.1565934065934066 0.47564469914040114 0.06153846153846154
0 0.49355300859598855 0.19945054945054946 0.4899713467048711 0.06263736263736264
0 0.4140401146131805 0.24945054945054945 0.3022922636103152 0.06373626373626373
0 0.2714899713467049 0.3208791208791209 0.4140401146131805 0.06373626373626373
0 0.39326647564469913 0.3873626373626374 0.2994269340974212 0.07142857142857142
0 0.5315186246418339 0.42857142857142855 0.5401146131805158 0.07692307692307693
0 0.48567335243553006 0.48516483516483516 0.46275071633237824 0.08021978021978023
0 0.45988538681948427 0.5582417582417583 0.8438395415472779 0.1021978021978022
0 0.4326647564469914 0.6054945054945055 0.5229226361031518 0.07032967032967033
0 0.49570200573065903 0.6653846153846154 0.6776504297994269 0.08571428571428572
0 0.42263610315186245 0.7197802197802198 0.5372492836676218 0.08131868131868132