0 0.27750809061488674 0.10880829015544041 0.37216828478964403 0.09326424870466321
0 0.6990291262135923 0.11139896373056994 0.37540453074433655 0.09326424870466321
0 0.32928802588996764 0.2914507772020725 0.4967637540453074 0.10621761658031088
0 0.7920711974110033 0.29404145077720206 0.3592233009708738 0.09844559585492228
0 0.28883495145631066 0.46243523316062174 0.3964401294498382 0.09585492227979274
0 0.6763754045307443 0.4689119170984456 0.3220064724919094 0.08808290155440414
0 0.26294498381877024 0.6463730569948186 0.34951456310679613 0.09326424870466321
0 0.6488673139158576 0.6502590673575129 0.37540453074433655 0.09326424870466321
0 0.30016181229773464 0.844559585492228 0.41423948220064727 0.14248704663212436
0 0.7281553398058253 0.8419689119170984 0.38673139158576053 0.13212435233160622
0 0.5339805825242718 0.48575129533678757 0.48220064724919093 0.5647668393782384