0 0.49 0.04956896551724138 0.98 0.09913793103448276
0 0.4725 0.10129310344827586 0.945 0.08189655172413793
0 0.485 0.15301724137931033 0.97 0.08189655172413793
0 0.3175 0.21336206896551724 0.635 0.08189655172413793
0 0.4575 0.3146551724137931 0.915 0.09482758620689655
0 0.455 0.3620689655172414 0.91 0.09482758620689655
0 0.0975 0.4202586206896552 0.195 0.05603448275862069
0 0.415 0.5150862068965517 0.83 0.06465517241379311
0 0.42 0.5775862068965517 0.835 0.10344827586206896
0 0.385 0.6336206896551724 0.75 0.08620689655172414
0 0.44 0.6788793103448276 0.875 0.09482758620689655
0 0.365 0.7219827586206896 0.72 0.08189655172413793
0 0.4275 0.7866379310344828 0.845 0.09913793103448276
0 0.41 0.8469827586206896 0.805 0.10775862068965517
0 0.35 0.8987068965517241 0.685 0.09482758620689655
0 0.11 0.9806034482758621 0.2 0.03879310344827586