0 0.06703703703703703 0.0349438202247191 0.11994708994708995 0.0599250936329588
0 0.4938095238095238 0.04119850187265917 0.3950793650793651 0.04243445692883895
0 0.46386243386243386 0.09737827715355805 0.8641798941798943 0.0549438202247191
0 0.4603174603174603 0.16355805243445692 0.8712698412698412 0.06741573033707865
0 0.47973544973544974 0.2297003745318352 0.91005291005291 0.0599250936329588
0 0.5043915343915344 0.2946441947565543 0.9665079365079364 0.0599250936329588
0 0.47793650793650794 0.3658052434456929 0.9135978835978835 0.052434456928838954
0 0.46735449735449736 0.4244569288389513 0.8712698412698412 0.0549438202247191
0 0.5061904761904762 0.49812734082397003 0.9488359788359789 0.057415730337078655
0 0.4938095238095238 0.5630337078651686 0.9312169312169312 0.062434456928838956
0 0.4991005291005291 0.6304494382022472 0.9347619047619047 0.062434456928838956
0 0.47619047619047616 0.6953932584269662 0.8747619047619049 0.062434456928838956
0 0.4585714285714286 0.759063670411985 0.8535978835978837 0.0499250936329588
0 0.48502645502645503 0.8314606741573034 0.9347619047619047 0.0499250936329588
0 0.4991005291005291 0.9051310861423221 0.9700000000000001 0.062434456928838956
0 0.18518518518518517 0.9562921348314607 0.1446031746031746 0.0299625468164794
0 0.8888888888888888 0.9613108614232211 0.18343915343915346 0.0349438202247191