0 0.4123641304347826 0.029347826086956522 0.4633152173913043 0.058695652173913045
0 0.5197010869565217 0.07934782608695652 0.5679347826086957 0.13695652173913042
0 0.4429347826086957 0.16521739130434782 0.30434782608695654 0.13043478260869565
0 0.5815217391304348 0.27717391304347827 0.8274456521739131 0.18043478260869567
0 0.5495923913043478 0.3793478260869565 0.8940217391304348 0.16304347826086957
0 0.5285326086956522 0.48478260869565215 0.8573369565217391 0.16521739130434782
0 0.5427989130434783 0.5858695652173913 0.8967391304347826 0.17173913043478262
0 0.5258152173913043 0.691304347826087 0.8709239130434783 0.1608695652173913
0 0.5251358695652174 0.7945652173913044 0.8709239130434783 0.1565217391304348
0 0.5129076086956522 0.9043478260869565 0.8586956521739131 0.15
0 0.5244565217391305 0.9728260869565217 0.8097826086956522 0.05434782608695652