0 0.4995352323838081 0.4896923076923077 0.24788605697151425 0.15827692307692307
0 0.24025487256371814 0.09153846153846154 0.029160419790104947 0.0663076923076923
0 0.757856071964018 0.09058461538461539 0.02532233883058471 0.060153846153846155
0 0.23737631184407798 0.2902153846153846 0.3467316341829086 0.0783076923076923
0 0.6694602698650675 0.26639999999999997 0.13014992503748127 0.06707692307692308
0 0.1527736131934033 0.4795384615384615 0.1749175412293853 0.08227692307692307
0 0.6979010494752623 0.4801846153846154 0.18325337331334332 0.08363076923076923
0 0.1595502248875562 0.693723076923077 0.19368815592203897 0.08464615384615386
0 0.6744827586206896 0.693723076923077 0.12845577211394305 0.08464615384615386
0 0.14743628185907046 0.9033846153846155 0.17205397301349326 0.08006153846153846
0 0.7689955022488755 0.8583076923076923 0.34092953523238384 0.08193846153846153
0 0.7010794602698651 0.9376307692307693 0.2024887556221889 0.07578461538461538
0 0.4530584707646177 0.9363076923076924 0.4743328335832084 0.10519999999999999