0 0.15655339805825244 0.034545454545454546 0.2621359223300971 0.025454545454545455
0 0.7936893203883495 0.042727272727272725 0.11893203883495146 0.025454545454545455
0 0.4381067961165049 0.09181818181818181 0.8276699029126213 0.03090909090909091
0 0.4381067961165049 0.10818181818181818 0.8325242718446602 0.03090909090909091
0 0.4381067961165049 0.12545454545454546 0.8325242718446602 0.03272727272727273
0 0.4368932038834951 0.14363636363636365 0.8252427184466019 0.03090909090909091
0 0.2803398058252427 0.15818181818181817 0.5097087378640777 0.02727272727272727
0 0.41383495145631066 0.21636363636363637 0.7961165048543689 0.05818181818181818
0 0.45024271844660196 0.25 0.8737864077669902 0.06363636363636363
0 0.42961165048543687 0.2863636363636364 0.837378640776699 0.05272727272727273
0 0.41383495145631066 0.33 0.8106796116504854 0.06545454545454546
0 0.3762135922330097 0.3563636363636364 0.7378640776699029 0.04727272727272727
0 0.375 0.39454545454545453 0.7281553398058253 0.05818181818181818
0 0.37014563106796117 0.4309090909090909 0.7378640776699029 0.06363636363636363
0 0.4381067961165049 0.47545454545454546 0.8422330097087378 0.07090909090909091
0 0.39441747572815533 0.5218181818181818 0.7524271844660194 0.08545454545454545
0 0.0412621359223301 0.9290909090909091 0.0703883495145631 0.01818181818181818