0 0.5039432176656151 0.0134928716904277 0.5977917981072555 0.0269857433808554
0 0.458596214511041 0.029276985743380855 0.40930599369085174 0.04378818737270876
0 0.4152208201892745 0.08223014256619145 0.2949526813880126 0.045824847250509164
0 0.1975552050473186 0.11914460285132383 0.14905362776025236 0.04124236252545825
0 0.415615141955836 0.13925661914460286 0.5102523659305994 0.03971486761710794
0 0.4278391167192429 0.1705702647657841 0.5212933753943217 0.04837067209775967
0 0.27681388012618297 0.19882892057026477 0.3438485804416404 0.03767820773930754
0 0.4037854889589905 0.225050916496945 0.5993690851735016 0.045824847250509164
0 0.794558359621451 0.05066191446028513 0.23659305993690852 0.029531568228105907
0 0.817429022082019 0.06797352342158859 0.0804416403785489 0.0269857433808554
0 0.8268927444794952 0.09317718940936863 0.18138801261829654 0.032586558044806514
0 0.49842271293375395 0.2510183299389002 0.8596214511041009 0.06008146639511202
0 0.5047318611987381 0.28080448065173114 0.8391167192429022 0.0539714867617108
0 0.4960567823343849 0.3070264765784114 0.8280757097791798 0.05804480651731161
0 0.3919558359621451 0.33783095723014256 0.6033123028391167 0.0539714867617108
0 0.542981072555205 0.3620162932790224 0.7862776025236593 0.050407331975560084
0 0.49881703470031546 0.3910386965376782 0.8406940063091483 0.054989816700611
0 0.5185331230283912 0.4215885947046843 0.8438485804416404 0.05957230142566192
0 0.5035488958990536 0.4475560081466395 0.8107255520504731 0.05295315682281059
0 0.4996056782334385 0.4775967413441955 0.7941640378548895 0.0554989816700611
0 0.5082807570977917 0.504837067209776 0.8391167192429022 0.056517311608961306
0 0.1754731861198738 0.5384419551934827 0.14826498422712933 0.0280040733197556
0 0.5315457413249212 0.5608452138492872 0.7815457413249212 0.05295315682281059
0 0.5181388012618297 0.584775967413442 0.8288643533123028 0.0539714867617108
0 0.5212933753943217 0.6135437881873728 0.8533123028391167 0.057535641547861505
0 0.5228706624605678 0.6425661914460286 0.8446372239747634 0.0539714867617108
0 0.5141955835962145 0.6713340122199593 0.8201892744479495 0.051934826883910386
0 0.2779968454258675 0.7026476578411406 0.34542586750788645 0.04175152749490835
0 0.5524447949526814 0.7255600814663951 0.7839116719242902 0.05957230142566192
0 0.513801261829653 0.7522912423625254 0.8225552050473186 0.04786150712830957
0 0.5402208201892744 0.780295315682281 0.8698738170347003 0.054480651731160894
0 0.5398264984227129 0.8098268839103869 0.8438485804416404 0.0560081466395112
0 0.48264984227129337 0.8360488798370672 0.723186119873817 0.04786150712830957
0 0.7149053627760252 0.869653767820774 0.32334384858044163 0.04429735234215886
0 0.706230283911672 0.8953665987780041 0.18217665615141956 0.031568228105906315
0 0.708596214511041 0.9411914460285132 0.10173501577287067 0.040224032586558045
0 0.694794952681388 0.9758146639511202 0.22476340694006308 0.04531568228105906