0 0.20963541666666666 0.18421052631578946 0.08072916666666667 0.05964912280701754
0 0.43359375 0.20614035087719298 0.09635416666666667 0.05964912280701754
0 0.6158854166666666 0.19912280701754387 0.109375 0.07719298245614035
0 0.77734375 0.19649122807017544 0.09375 0.03333333333333333
0 0.4778645833333333 0.27017543859649124 0.19791666666666666 0.0824561403508772
0 0.3971354166666667 0.32894736842105265 0.036458333333333336 0.054385964912280704
0 0.5162760416666666 0.40789473684210525 0.5950520833333334 0.07192982456140351
0 0.5149739583333334 0.47982456140350876 0.5885416666666666 0.06842105263157895
0 0.5377604166666666 0.5561403508771929 0.6328125 0.08421052631578947
0 0.5364583333333334 0.6280701754385964 0.6302083333333334 0.07894736842105263
0 0.5162760416666666 0.6956140350877194 0.5950520833333334 0.07017543859649122
0 0.517578125 0.7675438596491229 0.58984375 0.06666666666666667
0 0.5260416666666666 0.8412280701754385 0.6041666666666666 0.0824561403508772
0 0.525390625 0.9140350877192982 0.6080729166666666 0.08070175438596491