0 0.5655619596541787 0.016129032258064516 0.07348703170028818 0.03225806451612903
0 0.6880403458213257 0.021889400921658985 0.053314121037463975 0.04377880184331797
0 0.9236311239193083 0.014976958525345621 0.14121037463976946 0.029953917050691243
0 0.35662824207492794 0.1532258064516129 0.08069164265129683 0.06682027649769585
0 0.8314121037463977 0.14746543778801843 0.329971181556196 0.07834101382488479
0 0.37103746397694526 0.3087557603686636 0.14697406340057637 0.18202764976958524
0 0.7759365994236311 0.3087557603686636 0.37752161383285304 0.23732718894009217
0 0.19380403458213258 0.6117511520737328 0.08069164265129683 0.08064516129032258
0 0.5871757925072046 0.7361751152073732 0.8256484149855908 0.14055299539170507
0 0.5547550432276657 0.8352534562211982 0.7867435158501441 0.1313364055299539
0 0.579971181556196 0.9320276497695853 0.840057636887608 0.1359447004608295
0 0.27593659942363113 0.9896313364055299 0.22910662824207492 0.020737327188940093