0 0.4252021563342318 0.055 0.408355795148248 0.0625
0 0.7035040431266847 0.076875 0.24663072776280323 0.02875
0 0.0889487870619946 0.164375 0.0660377358490566 0.03125
0 0.4508086253369272 0.120625 0.3867924528301887 0.03875
0 0.566711590296496 0.158125 0.6778975741239892 0.06
0 0.28706199460916443 0.2 0.11725067385444744 0.05
0 0.11725067385444744 0.263125 0.12264150943396226 0.04
0 0.13948787061994608 0.3 0.13611859838274934 0.0525
0 0.12533692722371967 0.368125 0.1307277628032345 0.05375
0 0.13409703504043127 0.466875 0.16307277628032346 0.0575
0 0.12870619946091644 0.565 0.1307277628032345 0.04125
0 0.14487870619946092 0.6025 0.14690026954177898 0.05375
0 0.13005390835579514 0.7275 0.13746630727762804 0.035
0 0.10714285714285714 0.769375 0.04986522911051213 0.0475
0 0.12398921832884097 0.7975 0.10512129380053908 0.03625
0 0.1408355795148248 0.834375 0.13746630727762804 0.0425
0 0.11118598382749326 0.87 0.07008086253369272 0.04
0 0.3504043126684636 0.263125 0.18733153638814015 0.05125
0 0.5390835579514824 0.25625 0.1105121293800539 0.03875
0 0.7048517520215634 0.261875 0.03773584905660377 0.0275
0 0.545822102425876 0.298125 0.10512129380053908 0.03875
0 0.5141509433962265 0.365 0.4838274932614555 0.05625
0 0.5714285714285714 0.399375 0.5835579514824798 0.05375
0 0.45417789757412397 0.435625 0.34097035040431267 0.04875
0 0.5101078167115903 0.466875 0.44878706199460916 0.0525
0 0.578167115902965 0.5025 0.5943396226415094 0.06
0 0.3975741239892183 0.535 0.16442048517520216 0.05
0 0.43194070080862534 0.570625 0.33962264150943394 0.055
0 0.5808625336927223 0.5975 0.6361185983827493 0.05375
0 0.36859838274932616 0.633125 0.19946091644204852 0.045
0 0.3935309973045822 0.668125 0.23180592991913745 0.05
0 0.2783018867924528 0.765 0.0444743935309973 0.0225
0 0.4683288409703504 0.76375 0.284366576819407 0.04875
0 0.4191374663072776 0.82375 0.15633423180592992 0.07375
0 0.2783018867924528 0.893125 0.0431266846361186 0.02875
0 0.49797843665768193 0.894375 0.29784366576819404 0.05125
0 0.46765498652291104 0.93 0.22506738544474394 0.055
0 0.5006738544474394 0.97 0.18733153638814015 0.06