0 0.4846938775510204 0.9434416365824309 0.36989795918367346 0.03910950661853189
0 0.25510204081632654 0.01022864019253911 0.07227891156462585 0.010830324909747292
0 0.3762755102040816 0.01263537906137184 0.07908163265306123 0.021660649819494584
0 0.4906462585034014 0.011131167268351384 0.08843537414965986 0.022262334536702767
0 0.6220238095238095 0.0036101083032490976 0.12159863945578231 0.007220216606498195
0 0.44005102040816324 0.03700361010830325 0.15476190476190477 0.04512635379061372
0 0.4328231292517007 0.09326113116726835 0.23809523809523808 0.060770156438026475
0 0.41836734693877553 0.17689530685920576 0.29846938775510207 0.036702767749699154
0 0.46811224489795916 0.2190132370637786 0.4991496598639456 0.05535499398315283
0 0.4379251700680272 0.2563176895306859 0.3358843537414966 0.048134777376654635
0 0.44047619047619047 0.2918170878459687 0.43962585034013607 0.05174488567990373
0 0.45790816326530615 0.3276173285198556 0.3630952380952381 0.04993983152827918
0 0.4931972789115646 0.3649217809867629 0.5374149659863946 0.056558363417569195
0 0.44260204081632654 0.39500601684717207 0.12159863945578231 0.031889290012033694