0 0.25922131147540983 0.014072847682119206 0.22336065573770492 0.018211920529801324
0 0.7971311475409836 0.013245033112582781 0.10655737704918032 0.023178807947019868
0 0.5 0.06374172185430464 0.7008196721311475 0.018211920529801324
0 0.5020491803278688 0.07781456953642384 0.6967213114754098 0.019867549668874173
0 0.4989754098360656 0.09519867549668874 0.6987704918032787 0.018211920529801324
0 0.4989754098360656 0.11092715231788079 0.6987704918032787 0.019867549668874173
0 0.4016393442622951 0.12831125827814568 0.5040983606557377 0.018211920529801324
0 0.48565573770491804 0.1837748344370861 0.680327868852459 0.056291390728476824
0 0.4661885245901639 0.24089403973509935 0.6413934426229508 0.06456953642384106
0 0.47950819672131145 0.29718543046357615 0.6680327868852459 0.057947019867549666
0 0.49385245901639346 0.3518211920529801 0.7008196721311475 0.061258278145695365
0 0.5010245901639344 0.41142384105960267 0.7315573770491803 0.06456953642384106
0 0.4764344262295082 0.4685430463576159 0.6782786885245902 0.06622516556291391
0 0.5256147540983607 0.5231788079470199 0.764344262295082 0.06622516556291391
0 0.5358606557377049 0.5836092715231788 0.8176229508196722 0.06456953642384106
0 0.5163934426229508 0.6390728476821192 0.7540983606557377 0.06291390728476821
0 0.4682377049180328 0.6937086092715232 0.6372950819672131 0.0695364238410596
0 0.23668032786885246 0.7574503311258278 0.16188524590163936 0.054635761589403975
0 0.18237704918032788 0.8360927152317881 0.06557377049180328 0.016556291390728478