0 0.3682795698924731 0.057692307692307696 0.20967741935483872 0.05
0 0.6344086021505376 0.06153846153846154 0.1989247311827957 0.05
0 0.49731182795698925 0.09423076923076923 0.5053763440860215 0.05384615384615385
0 0.5053763440860215 0.14038461538461539 0.46774193548387094 0.06538461538461539
0 0.2903225806451613 0.18461538461538463 0.10215053763440861 0.046153846153846156
0 0.510752688172043 0.18076923076923077 0.16666666666666666 0.046153846153846156
0 0.6639784946236559 0.18269230769230768 0.053763440860215055 0.03461538461538462
0 0.20698924731182797 0.2076923076923077 0.13978494623655913 0.038461538461538464
0 0.45698924731182794 0.2153846153846154 0.22043010752688172 0.04230769230769231
0 0.7204301075268817 0.2230769230769231 0.12903225806451613 0.038461538461538464
0 0.8655913978494624 0.19615384615384615 0.10215053763440861 0.03076923076923077
0 0.8521505376344086 0.225 0.03225806451612903 0.023076923076923078
0 0.44086021505376344 0.24615384615384617 0.15591397849462366 0.026923076923076925
0 0.17204301075268819 0.27692307692307694 0.07526881720430108 0.019230769230769232
0 0.4274193548387097 0.31346153846153846 0.16129032258064516 0.03461538461538462
0 0.5967741935483871 0.3173076923076923 0.06989247311827956 0.038461538461538464
0 0.8602150537634409 0.2826923076923077 0.0967741935483871 0.03461538461538462
0 0.5510752688172043 0.40192307692307694 0.7258064516129032 0.08461538461538462
0 0.4650537634408602 0.4596153846153846 0.7365591397849462 0.07307692307692308
0 0.49731182795698925 0.5384615384615384 0.8279569892473119 0.09230769230769231
0 0.5 0.6038461538461538 0.8225806451612904 0.08461538461538462
0 0.3010752688172043 0.6692307692307692 0.43548387096774194 0.06153846153846154