0 0.08357894736842106 0.09781472684085511 0.04952631578947368 0.0754394299287411
0 0.6578947368421053 0.08662707838479809 0.09286842105263157 0.022351543942992873
0 0.26160526315789473 0.12365795724465559 0.1950526315789474 0.05448931116389549
0 0.48373684210526313 0.21866983372921617 0.6733684210526316 0.07125890736342043
0 0.5015526315789474 0.2717577197149644 0.6780263157894736 0.05448931116389549
0 0.5162631578947369 0.332541567695962 0.6950526315789474 0.05589073634204276
0 0.5208947368421053 0.4017102137767221 0.6888421052631579 0.06567695961995249
0 0.01626315789473684 0.29760095011876486 0.029421052631578945 0.047505938242280284
0 0.027868421052631577 0.4163657957244655 0.04334210526315789 0.044703087885985746
0 0.0325 0.5456294536817102 0.055736842105263154 0.04332541567695962
0 0.542578947368421 0.46598574821852734 0.7167105263157896 0.060071258907363416
0 0.5046315789473684 0.5309501187648457 0.6408684210526315 0.0586935866983373
0 0.5356052631578947 0.6050118764845606 0.7213684210526315 0.06707838479809976
0 0.561921052631579 0.6776484560570072 0.7399473684210527 0.06147268408551069
0 0.5712105263157895 0.7517102137767222 0.7306578947368421 0.06985748218527316
0 0.5905526315789473 0.8320427553444181 0.707421052631579 0.07125890736342043