0 0.7889593495934959 0.031457905544147846 0.040926829268292685 0.02486652977412731
0 0.5280650406504065 0.10012320328542094 0.8504552845528455 0.10878850102669405
0 0.518520325203252 0.15800821355236142 0.8272845528455284 0.0849075975359343
0 0.5244227642276422 0.21229979466119098 0.8512682926829268 0.09696098562628337
0 0.3680325203252033 0.2615811088295688 0.5364715447154471 0.09080082135523614
0 0.539560975609756 0.36926078028747433 0.8307317073170731 0.0884599589322382
0 0.5354959349593496 0.43061601642710473 0.8795121951219512 0.09408624229979466
0 0.5368130081300813 0.4836344969199179 0.888260162601626 0.08098562628336756
0 0.5318373983739837 0.5314989733059547 0.8803252032520325 0.08020533880903491
0 0.5257398373983739 0.5893839835728952 0.876260162601626 0.07685831622176591
0 0.533869918699187 0.6421355236139631 0.884390243902439 0.07145790554414784
0 0.5254308943089431 0.704640657084189 0.8654959349593495 0.085564681724846
0 0.5292845528455284 0.7616427104722793 0.8772845528455284 0.09275154004106777
0 0.24923577235772357 0.8175975359342916 0.3253170731707317 0.06706365503080082
0 0.18837398373983738 0.9196303901437372 0.12839024390243903 0.06574948665297742
0 0.13920325203252032 0.9797125256673511 0.046276422764227644 0.038028747433264884