0 0.3569308176100629 0.10305061559507524 0.21349685534591192 0.026443228454172366
0 0.8474088050314466 0.1026812585499316 0.0959496855345912 0.028727770177838577
0 0.5752327044025157 0.1646374829001368 0.6459119496855346 0.0279343365253078
0 0.5741761006289309 0.18515731874145006 0.6452075471698114 0.029439124487004104
0 0.5752327044025157 0.20264021887824896 0.6459119496855346 0.02487004103967168
0 0.5745283018867925 0.22202462380300958 0.6445157232704403 0.02714090287277702
0 0.4218867924528302 0.2433105335157319 0.332251572327044 0.02712722298221614
0 0.5888553459119497 0.31857729138166896 0.6605786163522012 0.04381668946648427
0 0.5874465408805031 0.391545827633379 0.6829433962264152 0.04377564979480164
0 0.5867547169811321 0.46072503419972644 0.6815471698113208 0.04221614227086183
0 0.582566037735849 0.5299042407660739 0.6731572327044025 0.04065663474692202
0 0.6059622641509435 0.5990834473324214 0.7241509433962264 0.03909712722298221
0 0.5752201257861635 0.6720656634746922 0.6543018867924528 0.04818057455540355
0 0.5518238993710691 0.7435294117647059 0.6368427672955975 0.04205198358413133
0 0.5588050314465409 0.8119425444596443 0.6424276729559749 0.04202462380300957
0 0.5518238993710691 0.8864432284541723 0.620062893081761 0.057181942544459644
0 0.38416352201257864 0.9518194254445964 0.2847547169811321 0.03586867305061559