0 0.10090784044016506 0.0262002567394095 0.14075653370013755 0.032836970474967905
0 0.6439339752407153 0.011681643132220795 0.3134387895460798 0.02336328626444159
0 0.10696011004126549 0.06432605905006418 0.14185694635488308 0.04129653401797176
0 0.281939477303989 0.09912708600770218 0.4985694635488308 0.0410397946084724
0 0.7220632737276479 0.10682926829268292 0.21660247592847318 0.056444159178433886
0 0.8021182943603852 0.13802310654685493 0.08510316368638239 0.022284980744544287
0 0.6913892709766162 0.3573042362002567 0.25154057771664373 0.02532734274711168
0 0.11026134800550205 0.4046726572528883 0.15946354883081157 0.04611039794608473
0 0.4227647867950482 0.4077535301668806 0.37729023383768917 0.05021822849807445
0 0.11603851444291609 0.4380487804878049 0.13250343878954607 0.040962772785622596
0 0.5591884456671251 0.44857509627727854 0.6611691884456672 0.045584082156611035
0 0.4117606602475929 0.4797817715019255 0.2892709766162311 0.04224646983311938
0 0.06488308115543329 0.5032734274711168 0.04118294360385145 0.033761232349165594
0 0.5663411279229711 0.5186777920410783 0.6270563961485557 0.05019255455712452
0 0.3355570839064649 0.5461489088575097 0.1643878954607978 0.045571245186136075
0 0.43237964236588716 0.5842875481386394 0.38004126547455297 0.0437612323491656
0 0.5078954607977992 0.6161232349165596 0.49089408528198075 0.04992297817715019
0 0.3605914718019257 0.6486007702182285 0.20894085281980743 0.04092426187419769