0 0.825 0.007550335570469799 0.03148148148148148 0.015100671140939598
0 0.8342592592592593 0.037751677852348994 0.046296296296296294 0.026845637583892617
0 0.524074074074074 0.07214765100671142 0.7296296296296296 0.11912751677852348
0 0.225 0.16526845637583892 0.2962962962962963 0.0738255033557047
0 0.38981481481481484 0.25419463087248323 0.6055555555555555 0.10234899328859061
0 0.32314814814814813 0.2936241610738255 0.4759259259259259 0.07550335570469799
0 0.49166666666666664 0.337248322147651 0.8 0.10570469798657718
0 0.3509259259259259 0.3825503355704698 0.49074074074074076 0.08053691275167785
0 0.2064814814814815 0.4320469798657718 0.1962962962962963 0.05536912751677853
0 0.4685185185185185 0.4261744966442953 0.17962962962962964 0.053691275167785234
0 0.5787037037037037 0.473993288590604 0.4166666666666667 0.06375838926174497
0 0.65 0.5176174496644296 0.5537037037037037 0.07046979865771812
0 0.34814814814814815 0.5620805369127517 0.4388888888888889 0.07718120805369127
0 0.4046296296296296 0.6065436241610739 0.5277777777777778 0.06208053691275168
0 0.43703703703703706 0.6543624161073825 0.5888888888888889 0.0738255033557047
0 0.47962962962962963 0.7013422818791947 0.6703703703703704 0.08221476510067115
0 0.31296296296296294 0.799496644295302 0.412962962962963 0.087248322147651
0 0.47685185185185186 0.8817114093959731 0.7166666666666667 0.09060402684563758
0 0.2574074074074074 0.9421140939597316 0.26481481481481484 0.07046979865771812
0 0.5407407407407407 0.9580536912751678 0.7962962962962963 0.08389261744966443