0 0.08797909407665505 0.10264900662251655 0.1759581881533101 0.16556291390728478
0 0.4930313588850174 0.04966887417218543 0.1672473867595819 0.09933774834437085
0 0.5078397212543554 0.17549668874172186 0.9285714285714286 0.23509933774834438
0 0.4721254355400697 0.2764900662251656 0.9442508710801394 0.20198675496688742
0 0.1132404181184669 0.3758278145695364 0.2264808362369338 0.10264900662251655
0 0.49825783972125437 0.4652317880794702 0.9041811846689896 0.2052980132450331
0 0.47038327526132406 0.5612582781456954 0.9407665505226481 0.22185430463576158
0 0.49390243902439024 0.6655629139072847 0.9843205574912892 0.1986754966887417
0 0.49564459930313587 0.7649006622516556 0.9825783972125436 0.2185430463576159
0 0.48606271777003485 0.8642384105960265 0.9564459930313589 0.18874172185430463
0 0.47822299651567945 0.9254966887417219 0.9425087108013938 0.1490066225165563