0 0.30439121756487025 0.037539936102236424 0.14770459081836326 0.05750798722044728
0 0.49800399201596807 0.08546325878594249 0.9101796407185628 0.07028753993610223
0 0.5099800399201597 0.13498402555910544 0.9461077844311377 0.07348242811501597
0 0.12874251497005987 0.18370607028753994 0.13972055888223553 0.04952076677316294
0 0.5109780439121756 0.2364217252396166 0.9481037924151696 0.07827476038338659
0 0.2055888223552894 0.2955271565495208 0.3013972055888224 0.05910543130990415
0 0.3582834331337325 0.34185303514376997 0.6586826347305389 0.06549520766773163
0 0.218562874251497 0.39057507987220447 0.21956087824351297 0.04153354632587859
0 0.3473053892215569 0.43130990415335463 0.6367265469061876 0.05591054313099041
0 0.4471057884231537 0.48881789137380194 0.656686626746507 0.04952076677316294
0 0.36926147704590817 0.5407348242811502 0.6766467065868264 0.05750798722044728
0 0.5099800399201597 0.5926517571884984 0.8582834331337326 0.05591054313099041
0 0.3063872255489022 0.6477635782747604 0.5429141716566867 0.06070287539936102
0 0.24850299401197604 0.6956869009584664 0.36726546906187624 0.054313099041533544
0 0.3582834331337325 0.7412140575079872 0.590818363273453 0.06230031948881789
0 0.42714570858283435 0.8003194888178914 0.7245508982035929 0.04952076677316294
0 0.23053892215568864 0.8458466453674122 0.3992015968063872 0.051118210862619806
0 0.26147704590818366 0.902555910543131 0.4091816367265469 0.04952076677316294
0 0.7614770459081837 0.8977635782747604 0.4151696606786427 0.06230031948881789
0 0.4301397205588822 0.9608626198083067 0.718562874251497 0.054313099041533544