0 0.40766216216216217 0.02879049676025918 0.4603648648648649 0.05760259179265659
0 0.5153108108108108 0.08062634989200863 0.5639594594594595 0.12095032397408208
0 0.43963513513513514 0.16846652267818574 0.3009054054054054 0.12095032397408208
0 0.5783783783783784 0.27501079913606913 0.8216216216216217 0.15550755939524838
0 0.5477432432432432 0.3779697624190065 0.8882837837837838 0.1367818574514039
0 0.5283783783783784 0.4830885529157667 0.8513513513513513 0.13967602591792658
0 0.5436891891891892 0.5831533477321814 0.8909864864864866 0.1468682505399568
0 0.5279324324324325 0.6882721382289417 0.8648648648648649 0.1353563714902808
0 0.5279324324324325 0.7912095032397408 0.8648648648648649 0.131036717062635
0 0.5171216216216217 0.9006479481641468 0.8522567567567567 0.12526997840172785
0 0.5306351351351352 0.9766090712742981 0.8054054054054054 0.04680345572354212