0 0.08962765957446808 0.3672022684310019 0.17553191489361702 0.0661625708884688
0 0.09095744680851064 0.44281663516068054 0.15851063829787235 0.07277882797731569
0 0.09069148936170213 0.5151228733459358 0.04627659574468085 0.0500945179584121
0 0.08829787234042553 0.5874291115311909 0.17659574468085107 0.06899810964083176
0 0.0976063829787234 0.6635160680529301 0.1952127659574468 0.07750472589792061
0 0.4271276595744681 0.2684310018903592 0.17446808510638298 0.06805293005671077
0 0.6101063829787234 0.09593572778827977 0.038829787234042554 0.02835538752362949
0 0.6074468085106383 0.13799621928166353 0.038829787234042554 0.0330812854442344
0 0.5337765957446808 0.3804347826086957 0.36329787234042554 0.06427221172022685
0 0.4832446808510638 0.43241965973534974 0.400531914893617 0.054820415879017016
0 0.4678191489361702 0.4929111531190926 0.3574468085106383 0.06332703213610585