0 0.4876507936507936 0.06944444444444445 0.5837777777777777 0.081015625
0 0.2583809523809524 0.1316579861111111 0.3968253968253968 0.04629340277777778
0 0.4982328042328042 0.1808420138888889 0.8589100529100528 0.05497395833333333
0 0.5 0.22063368055555554 0.9611957671957673 0.04774305555555555
0 0.5052910052910053 0.2589670138888889 0.9717777777777779 0.052083333333333336
0 0.4982328042328042 0.2980295138888889 0.9647301587301587 0.043402777777777776
0 0.4620846560846561 0.33999131944444444 0.8853650793650794 0.052083333333333336
0 0.4929417989417989 0.3761545138888889 0.9435661375661375 0.049192708333333335
0 0.5 0.41738715277777777 0.9611957671957673 0.04774305555555555
0 0.5035238095238095 0.4571788194444444 0.9611957671957673 0.04629340277777778
0 0.5017671957671958 0.4962413194444444 0.9541481481481481 0.04629340277777778
0 0.5017671957671958 0.5338541666666666 0.9435661375661375 0.04629340277777778
0 0.3871216931216931 0.5721961805555555 0.7248677248677249 0.04774305555555555
0 0.5114603174603174 0.6119791666666666 0.8994708994708994 0.052083333333333336
0 0.4708994708994709 0.6532118055555556 0.8888888888888888 0.05063368055555555
0 0.5070582010582011 0.6937239583333333 0.9611957671957673 0.05353298611111111
0 0.49206349206349204 0.7335069444444444 0.9382751322751323 0.052083333333333336
0 0.5123492063492063 0.7711197916666667 0.9753121693121692 0.052083333333333336
0 0.4955873015873016 0.8123524305555556 0.9347407407407408 0.05063368055555555
0 0.4982328042328042 0.8521440972222222 0.9294497354497355 0.043402777777777776
0 0.16578835978835976 0.8883072916666667 0.2680740740740741 0.052083333333333336
0 0.5229312169312169 0.9280989583333334 0.8941798941798942 0.04774305555555555
0 0.5061693121693122 0.9657118055555556 0.9629629629629629 0.05642361111111111