0 0.36677717810331534 0.1318359375 0.4956515034695451 0.076728515625
0 0.38 0.17787109375 0.4978488820354665 0.079521484375
0 0.5336468774094063 0.2490234375 0.8007478797224363 0.112998046875
0 0.39376252891287583 0.29505859375 0.5804626060138782 0.099052734375
0 0.5347494217424827 0.35435546875 0.8051580570547416 0.089287109375
0 0.4978488820354665 0.406669921875 0.8326908249807248 0.087890625
0 0.5028064764841943 0.469443359375 0.8293831919814958 0.093466796875
0 0.5248342328450271 0.52455078125 0.8734464148033924 0.072548828125
0 0.5286892829606785 0.579658203125 0.8833538936006169 0.087890625
0 0.5253893600616808 0.638251953125 0.8723438704703161 0.08509765625
0 0.509414032382421 0.697548828125 0.8470084811102544 0.089287109375
0 0.5275944487278335 0.751953125 0.8745489591364688 0.092080078125
0 0.5000539707016192 0.810546875 0.8569236700077102 0.09486328125
0 0.26930609097918273 0.887978515625 0.38 0.09068359375
0 0.4251580570547417 0.92564453125 0.19385505011565152 0.054404296875