0 0.7176375404530745 0.009938837920489297 0.043689320388349516 0.019877675840978593
0 0.7993527508090615 0.011467889908256881 0.05177993527508091 0.022935779816513763
0 0.24919093851132687 0.09480122324159021 0.3673139158576052 0.047400611620795105
0 0.24676375404530745 0.1345565749235474 0.33495145631067963 0.05045871559633028
0 0.5137540453074434 0.1643730886850153 0.8624595469255664 0.06880733944954129
0 0.11326860841423948 0.22859327217125383 0.07928802588996764 0.039755351681957186
0 0.511326860841424 0.2515290519877676 0.8511326860841424 0.07492354740061162
0 0.2297734627831715 0.3012232415902141 0.30906148867313915 0.05963302752293578
0 0.3074433656957929 0.3287461773700306 0.42880258899676377 0.06422018348623854
0 0.3365695792880259 0.3746177370030581 0.22006472491909385 0.05045871559633028
0 0.34061488673139156 0.41131498470948014 0.23624595469255663 0.05045871559633028
0 0.2580906148867314 0.49311926605504586 0.3187702265372168 0.06269113149847094
0 0.529126213592233 0.5282874617737003 0.843042071197411 0.06880733944954129
0 0.35841423948220064 0.5741590214067278 0.5469255663430421 0.05045871559633028
0 0.37783171521035597 0.6108562691131498 0.2766990291262136 0.04892966360856269
0 0.3883495145631068 0.654434250764526 0.5080906148867314 0.06574923547400612
0 0.4190938511326861 0.6880733944954128 0.5711974110032363 0.05198776758409786
0 0.21359223300970873 0.7347094801223242 0.15210355987055016 0.0382262996941896
0 0.21925566343042072 0.7691131498470948 0.14401294498381878 0.04434250764525994
0 0.2483818770226537 0.8501529051987767 0.26537216828478966 0.053516819571865444
0 0.5242718446601942 0.8830275229357798 0.8106796116504854 0.06269113149847094
0 0.37783171521035597 0.9304281345565749 0.23948220064724918 0.05198776758409786
0 0.5275080906148867 0.9847094801223242 0.5533980582524272 0.03058103975535168