0 0.7308168316831684 0.12908496732026145 0.23391089108910892 0.03758169934640523
0 0.4146039603960396 0.20098039215686275 0.17945544554455445 0.05392156862745098
0 0.6008663366336634 0.20016339869281047 0.07301980198019802 0.05555555555555555
0 0.5804455445544554 0.2883986928104575 0.5556930693069307 0.09640522875816994
0 0.4597772277227723 0.375 0.25123762376237624 0.04738562091503268
0 0.3582920792079208 0.4166666666666667 0.04207920792079208 0.03758169934640523
0 0.5724009900990099 0.4207516339869281 0.15841584158415842 0.04738562091503268
0 0.6491336633663366 0.4624183006535948 0.41336633663366334 0.05392156862745098
0 0.359529702970297 0.5081699346405228 0.04702970297029703 0.03594771241830065
0 0.6627475247524752 0.511437908496732 0.15594059405940594 0.05718954248366013
0 0.8347772277227723 0.5089869281045751 0.03341584158415842 0.0392156862745098
0 0.5736386138613861 0.5490196078431373 0.25 0.03594771241830065
0 0.6336633663366337 0.5972222222222222 0.30816831683168316 0.058823529411764705
0 0.593440594059406 0.6879084967320261 0.24628712871287128 0.09803921568627451
0 0.3688118811881188 0.7565359477124183 0.125 0.04411764705882353
0 0.5210396039603961 0.7728758169934641 0.09158415841584158 0.08333333333333333
0 0.7073019801980198 0.7818627450980392 0.1349009900990099 0.09640522875816994
0 0.5891089108910891 0.8496732026143791 0.5594059405940595 0.05392156862745098
0 0.6757425742574258 0.8962418300653595 0.4542079207920792 0.058823529411764705
0 0.5693069306930693 0.954248366013072 0.15717821782178218 0.08006535947712418
0 0.7580445544554455 0.9370915032679739 0.11138613861386139 0.03758169934640523