0 0.5193614130434783 0.13636363636363635 0.9612771739130435 0.0794148380355277
0 0.49626358695652173 0.18861024033437826 0.9490489130434783 0.05590386624869383
0 0.48641304347826086 0.27063740856844304 0.9089673913043478 0.07993730407523511
0 0.5047554347826086 0.333594566353187 0.9904891304347826 0.09770114942528736
0 0.2313179347826087 0.3672936259143156 0.4361413043478261 0.07732497387669801
0 0.49184782608695654 0.44200626959247646 0.9334239130434783 0.07157784743991641
0 0.5098505434782609 0.5078369905956113 0.9802989130434783 0.09090909090909091
0 0.5166440217391305 0.5590386624869383 0.9667119565217391 0.09508881922675026
0 0.44497282608695654 0.6191222570532915 0.8532608695652174 0.09352142110762801
0 0.45822010869565216 0.6854754440961337 0.876358695652174 0.08881922675026123
0 0.5016983695652174 0.7502612330198537 0.9769021739130435 0.10292580982236155
0 0.272758152173913 0.7957157784743991 0.5135869565217391 0.07732497387669801
0 0.8332201086956522 0.9435736677115988 0.3335597826086957 0.09090909090909091