0 0.5460308710033076 0.04306829765545362 0.820837927232635 0.08613659531090724
0 0.42282249173098124 0.09148827726809378 0.7552370452039692 0.11365953109072376
0 0.5226019845644984 0.15902140672782875 0.9547960308710033 0.12334352701325178
0 0.35611907386990077 0.2138124362895005 0.6190738699007717 0.11009174311926606
0 0.5217750826901875 0.28593272171253825 0.9564498346196252 0.11824668705402651
0 0.15022050716648291 0.33231396534148827 0.201212789415656 0.06574923547400612
0 0.5642227122381478 0.40468909276248727 0.8715545755237045 0.11722731906218145
0 0.5303197353914002 0.4875127420998981 0.9393605292171996 0.12487257900101936
0 0.4539691289966924 0.5711009174311926 0.7761852260198456 0.14271151885830785
0 0.5625689084895259 0.6865443425076453 0.2508269018743109 0.10397553516819572
0 0.643329658213892 0.7663098878695209 0.6317530319735392 0.12130479102956167
0 0.5490628445424476 0.849388379204893 0.21664829106945976 0.10958205912334353
0 0.798787210584344 0.9306829765545361 0.20507166482910694 0.13863404689092762