0 0.37742268041237115 0.05154440154440154 0.5622164948453607 0.0732046332046332
0 0.7743298969072165 0.023976833976833978 0.07268041237113401 0.02447876447876448
0 0.7718556701030929 0.04366795366795367 0.10324742268041237 0.027644787644787644
0 0.7723711340206185 0.06057915057915058 0.05097938144329897 0.023127413127413128
0 0.4348453608247423 0.10494208494208494 0.6663402061855671 0.054285714285714284
0 0.36000000000000004 0.13702702702702704 0.5060309278350515 0.04602316602316602
0 0.4538659793814433 0.18694980694980695 0.5799484536082474 0.06065637065637066
0 0.4554639175257732 0.241003861003861 0.5795876288659794 0.05370656370656371
0 0.4702061855670103 0.27563706563706564 0.47046391752577316 0.04837837837837838
0 0.4549484536082474 0.32092664092664097 0.702938144329897 0.05370656370656371
0 0.44783505154639175 0.35911196911196913 0.6887113402061856 0.038494208494208496
0 0.4471134020618556 0.3844401544401544 0.6787628865979382 0.046486486486486484
0 0.45458762886597937 0.41277992277992276 0.7093298969072166 0.045675675675675674
0 0.4673711340206186 0.46444015444015446 0.6354123711340206 0.059536679536679536
0 0.31097938144329895 0.4957528957528958 0.20886597938144333 0.03687258687258688
0 0.42046391752577317 0.5507335907335906 0.57 0.057374517374517375
0 0.4778350515463918 0.6063706563706565 0.6741752577319587 0.05791505791505792
0 0.4256185567010309 0.6659073359073359 0.5767525773195876 0.07467181467181468
0 0.4467525773195876 0.7436679536679537 0.6794845360824742 0.04694980694980695
0 0.34386597938144325 0.7768339768339768 0.4701546391752577 0.04722007722007722
0 0.454020618556701 0.8303474903474903 0.6336082474226804 0.05200772200772201
0 0.46345360824742265 0.8897297297297297 0.6631443298969072 0.06637065637065638