0 0.478425 0.03528401585204756 0.55635 0.05413474240422721
0 0.471175 0.083778071334214 0.3768625 0.04963011889035667
0 0.47917499999999996 0.17690885072655216 0.2828625 0.056221928665786
0 0.4990375 0.23346103038309113 0.6450875 0.05937912813738441
0 0.5781624999999999 0.2742800528401585 0.5808375 0.06491413474240423
0 0.2386875 0.38129458388375165 0.3618875 0.05696169088507265
0 0.6149249999999999 0.37667107001321004 0.11935000000000001 0.04771466314398943
0 0.1192 0.4226420079260238 0.1229125 0.04031704095112285
0 0.4488125 0.4332100396301189 0.109625 0.05087186261558784
0 0.8072875 0.42237780713342143 0.23657499999999998 0.04612945838837517
0 0.405675 0.47774108322324965 0.69585 0.049022457067371204
0 0.52325 0.521334214002642 0.9534999999999999 0.062219286657859973
0 0.5056625 0.5748348745046234 0.915825 0.052959048877146635
0 0.5251250000000001 0.6175165125495377 0.94975 0.06009247027741083
0 0.49528750000000005 0.6675825627476882 0.8925749999999999 0.05241743725231176
0 0.5269125 0.7196433289299867 0.8833249999999999 0.048705416116248346
0 0.526375 0.7654821664464994 0.9472499999999999 0.06005284015852048
0 0.52575 0.8156803170409511 0.9484999999999999 0.04841479524438573
0 0.52575 0.8652311756935271 0.9484999999999999 0.06928665785997358
0 0.523875 0.9145046235138705 0.9522499999999999 0.05791281373844122
0 0.2573125 0.9639101717305151 0.406625 0.04891677675033025
0 0.8161624999999999 0.9647027741083223 0.326825 0.06318361955085865