0 0.4914772727272727 0.07024793388429752 0.6818181818181818 0.05371900826446281
0 0.4659090909090909 0.09917355371900827 0.6477272727272727 0.045454545454545456
0 0.4431818181818182 0.12396694214876033 0.6363636363636364 0.04132231404958678
0 0.48863636363636365 0.15495867768595042 0.7386363636363636 0.049586776859504134
0 0.4715909090909091 0.1797520661157025 0.7045454545454546 0.049586776859504134
0 0.4772727272727273 0.20454545454545456 0.7215909090909091 0.049586776859504134
0 0.4971590909090909 0.23140495867768596 0.7670454545454546 0.045454545454545456
0 0.48863636363636365 0.25826446280991733 0.7386363636363636 0.045454545454545456
0 0.4318181818181818 0.2830578512396694 0.625 0.04132231404958678
0 0.4772727272727273 0.30991735537190085 0.7102272727272727 0.045454545454545456
0 0.4431818181818182 0.3347107438016529 0.6477272727272727 0.04132231404958678
0 0.45170454545454547 0.3615702479338843 0.6590909090909091 0.04132231404958678
0 0.4403409090909091 0.3884297520661157 0.6420454545454546 0.04132231404958678
0 0.4772727272727273 0.4132231404958678 0.7045454545454546 0.045454545454545456
0 0.4715909090909091 0.44214876033057854 0.7272727272727273 0.045454545454545456
0 0.40625 0.4690082644628099 0.5795454545454546 0.045454545454545456
0 0.4659090909090909 0.493801652892562 0.7159090909090909 0.049586776859504134
0 0.45454545454545453 0.5206611570247934 0.6988636363636364 0.04132231404958678
0 0.42613636363636365 0.5433884297520661 0.625 0.04132231404958678
0 0.4346590909090909 0.5702479338842975 0.6306818181818182 0.045454545454545456
0 0.3125 0.6157024793388429 0.4034090909090909 0.07024793388429752