0 0.13567073170731708 0.08215962441314555 0.20426829268292682 0.07981220657276995
0 0.5076219512195121 0.05985915492957746 0.3902439024390244 0.08685446009389672
0 0.4489329268292683 0.12793427230046947 0.2606707317073171 0.07981220657276995
0 0.5083841463414634 0.1936619718309859 0.3003048780487805 0.08685446009389672
0 0.4847560975609756 0.25586854460093894 0.19207317073170732 0.0892018779342723
0 0.4969512195121951 0.31338028169014087 0.2621951219512195 0.07746478873239436
0 0.5403963414634146 0.36971830985915494 0.2820121951219512 0.0892018779342723
0 0.5777439024390244 0.4460093896713615 0.3704268292682927 0.11971830985915492
0 0.4329268292682927 0.5786384976525821 0.125 0.08215962441314555
0 0.6646341463414634 0.6302816901408451 0.5929878048780488 0.12441314553990611
0 0.6280487804878049 0.7077464788732394 0.5091463414634146 0.13615023474178403
0 0.5457317073170732 0.8251173708920188 0.3597560975609756 0.12206572769953052
0 0.9352134146341463 0.863849765258216 0.09603658536585366 0.03755868544600939