0 0.43863636363636366 0.06174089068825911 0.6924242424242424 0.12348178137651822
0 0.42954545454545456 0.12753036437246965 0.656060606060606 0.13157894736842105
0 0.4287878787878788 0.19736842105263158 0.65 0.1396761133603239
0 0.43636363636363634 0.2520242914979757 0.6424242424242425 0.11538461538461539
0 0.42272727272727273 0.3350202429149798 0.6257575757575757 0.14777327935222673
0 0.4257575757575758 0.38360323886639675 0.6303030303030303 0.145748987854251
0 0.19242424242424241 0.49696356275303644 0.16363636363636364 0.11740890688259109
0 0.6022727272727273 0.5668016194331984 0.27424242424242423 0.09919028340080972
0 0.6598484848484848 0.7105263157894737 0.3 0.16396761133603238
0 0.6674242424242425 0.8279352226720648 0.32575757575757575 0.13562753036437247
0 0.7037878787878787 0.909919028340081 0.42424242424242425 0.14777327935222673
0 0.8992424242424243 0.9524291497975709 0.17575757575757575 0.06680161943319839
0 0.9106060606060606 0.9676113360323887 0.07575757575757576 0.030364372469635626