0 0.6087837837837838 0.007042253521126761 0.03513513513513514 0.008450704225352112
0 0.3939189189189189 0.03873239436619718 0.7581081081081081 0.07746478873239436
0 0.40337837837837837 0.07394366197183098 0.7797297297297298 0.08169014084507042
0 0.12094594594594595 0.13380281690140844 0.2 0.07042253521126761
0 0.04256756756756757 0.17676056338028168 0.03783783783783784 0.036619718309859155
0 0.19864864864864865 0.176056338028169 0.17162162162162162 0.04647887323943662
0 0.4337837837837838 0.2640845070422535 0.6635135135135135 0.07323943661971831
0 0.2222972972972973 0.34507042253521125 0.42702702702702705 0.06338028169014084
0 0.40540540540540543 0.3901408450704225 0.7635135135135135 0.07464788732394366
0 0.1304054054054054 0.4267605633802817 0.25135135135135134 0.05352112676056338
0 0.22837837837837838 0.4640845070422535 0.40135135135135136 0.05070422535211268
0 0.37972972972972974 0.5063380281690141 0.7067567567567568 0.07464788732394366
0 0.3222972972972973 0.5830985915492958 0.5837837837837838 0.07887323943661972
0 0.3864864864864865 0.6683098591549296 0.7337837837837838 0.08873239436619719
0 0.0777027027027027 0.706338028169014 0.1554054054054054 0.05211267605633803
0 0.4027027027027027 0.7859154929577464 0.7391891891891892 0.09577464788732394
0 0.02837837837837838 0.8211267605633803 0.05675675675675676 0.03943661971830986
0 0.31824324324324327 0.9056338028169014 0.6364864864864865 0.08450704225352113
0 0.35945945945945945 0.95 0.7189189189189189 0.1
0 0.31554054054054054 0.971830985915493 0.6256756756756757 0.056338028169014086