0 0.3194444444444444 0.0679563492063492 0.21279761904761904 0.0496031746031746
0 0.5163690476190477 0.07514880952380952 0.036210317460317464 0.019345238095238096
0 0.7095734126984127 0.08978174603174603 0.13690476190476192 0.022321428571428572
0 0.32415674603174605 0.09325396825396826 0.22371031746031747 0.020833333333333332
0 0.3655753968253968 0.10466269841269842 0.13690476190476192 0.017857142857142856
0 0.5158730158730159 0.10094246031746032 0.07688492063492064 0.029265873015873016
0 0.7085813492063492 0.10466269841269842 0.22172619047619047 0.021825396825396824
0 0.30580357142857145 0.12748015873015872 0.08680555555555555 0.029265873015873016
0 0.6302083333333334 0.1416170634920635 0.04563492063492063 0.032242063492063495
0 0.7886904761904762 0.14012896825396826 0.046130952380952384 0.0248015873015873
0 0.29092261904761907 0.15997023809523808 0.15674603174603174 0.023809523809523808
0 0.4771825396825397 0.2041170634920635 0.43601190476190477 0.037698412698412696
0 0.5037202380952381 0.24032738095238096 0.1840277777777778 0.0248015873015873
0 0.501984126984127 0.2760416666666667 0.2693452380952381 0.026785714285714284
0 0.5200892857142857 0.3097718253968254 0.5277777777777778 0.03571428571428571
0 0.25570436507936506 0.40153769841269843 0.10664682539682539 0.025793650793650792
0 0.4816468253968254 0.4446924603174603 0.4568452380952381 0.03571428571428571
0 0.46056547619047616 0.5461309523809523 0.5248015873015873 0.04563492063492063
0 0.4888392857142857 0.6495535714285714 0.591765873015873 0.044642857142857144
0 0.29389880952380953 0.6788194444444444 0.15922619047619047 0.023809523809523808
0 0.7633928571428571 0.9474206349206349 0.04513888888888889 0.012896825396825396