0 0.03011204481792717 0.008064516129032258 0.06022408963585434 0.016129032258064516
0 0.009103641456582634 0.07419354838709677 0.018207282913165267 0.03225806451612903
0 0.06932773109243698 0.07741935483870968 0.02661064425770308 0.035483870967741936
0 0.13515406162464985 0.07580645161290323 0.04481792717086835 0.035483870967741936
0 0.20098039215686275 0.07580645161290323 0.05322128851540616 0.03225806451612903
0 0.8795518207282913 0.07741935483870968 0.029411764705882353 0.02903225806451613
0 0.9425770308123249 0.07741935483870968 0.03361344537815126 0.03870967741935484
0 0.988795518207283 0.07580645161290323 0.022408963585434174 0.035483870967741936
0 0.23809523809523808 0.21451612903225806 0.46078431372549017 0.1032258064516129
0 0.49229691876750703 0.4064516129032258 0.9607843137254902 0.2064516129032258
0 0.06162464985994398 0.4612903225806452 0.12324929971988796 0.11612903225806452
0 0.4887955182072829 0.6290322580645161 0.9649859943977591 0.1870967741935484
0 0.47549019607843135 0.7403225806451613 0.9509803921568627 0.16451612903225807
0 0.4943977591036415 0.8564516129032258 0.9621848739495799 0.1967741935483871
0 0.46288515406162467 0.9403225806451613 0.9005602240896359 0.11935483870967742