0 0.14439453125 0.01744140625 0.068359375 0.02650390625
0 0.13671875 0.0390625 0.044638671875 0.025107421875
0 0.12904296875 0.057197265625 0.037666015625 0.01953125
0 0.133232421875 0.071845703125 0.043251953125 0.020927734375
0 0.128349609375 0.087890625 0.030693359375 0.02232421875
0 0.145791015625 0.142998046875 0.043251953125 0.023720703125
0 0.14439453125 0.3466796875 0.04603515625 0.020927734375
0 0.14369140625 0.57896484375 0.047431640625 0.01953125
0 0.526650390625 0.973076171875 0.020927734375 0.020927734375
0 0.244140625 0.1318359375 0.030693359375 0.018134765625
0 0.272041015625 0.16392578125 0.089287109375 0.034873046875
0 0.2392578125 0.24693359375 0.023720703125 0.02232421875
0 0.276923828125 0.28529296875 0.11021484375 0.023720703125
0 0.239951171875 0.36412109375 0.027900390625 0.01953125
0 0.272744140625 0.40318359375 0.096259765625 0.025107421875
0 0.244140625 0.487587890625 0.03626953125 0.03208984375
0 0.282509765625 0.51966796875 0.115791015625 0.048828125
0 0.247626953125 0.595703125 0.037666015625 0.02232421875
0 0.287392578125 0.634765625 0.125556640625 0.047431640625
0 0.249716796875 0.72056640625 0.044638671875 0.034873046875
0 0.287392578125 0.7568359375 0.122763671875 0.040458984375
0 0.24693359375 0.831474609375 0.04185546875 0.01953125
0 0.281806640625 0.862861328125 0.111611328125 0.034873046875