0 0.17298187808896212 0.06442577030812324 0.26688632619439867 0.028011204481792718
0 0.8204283360790774 0.06162464985994398 0.1186161449752883 0.028011204481792718
0 0.4588138385502471 0.12605042016806722 0.8352553542009885 0.022408963585434174
0 0.46046128500823724 0.14635854341736695 0.8352553542009885 0.023809523809523808
0 0.46210873146622733 0.16596638655462184 0.8385502471169687 0.023809523809523808
0 0.4612850082372323 0.18487394957983194 0.8369028006589786 0.022408963585434174
0 0.10790774299835255 0.20868347338935575 0.1301482701812191 0.0196078431372549
0 0.4925864909390445 0.2913165266106443 0.8929159802306426 0.05042016806722689
0 0.5 0.36064425770308123 0.9077429983525536 0.04341736694677871
0 0.4975288303130148 0.43557422969187676 0.9126853377265239 0.047619047619047616
0 0.4868204283360791 0.5049019607843137 0.9011532125205931 0.04341736694677871
0 0.46622734761120266 0.5749299719887955 0.8500823723228995 0.037815126050420166
0 0.47611202635914335 0.6505602240896359 0.8797364085667215 0.046218487394957986
0 0.4769357495881384 0.7219887955182073 0.871499176276771 0.04341736694677871
0 0.47775947281713343 0.7927170868347339 0.8929159802306426 0.04481792717086835
0 0.22817133443163098 0.8620448179271709 0.3673805601317957 0.046218487394957986