0 0.6185567010309279 0.05232558139534884 0.04639175257731959 0.023255813953488372
0 0.6185567010309279 0.06976744186046512 0.04639175257731959 0.01937984496124031
0 0.36082474226804123 0.15503875968992248 0.4536082474226804 0.050387596899224806
0 0.42783505154639173 0.21124031007751937 0.5721649484536082 0.06201550387596899
0 0.4587628865979381 0.23837209302325582 0.6237113402061856 0.06589147286821706
0 0.38402061855670105 0.27325581395348836 0.4690721649484536 0.05426356589147287
0 0.48195876288659795 0.32751937984496127 0.6701030927835051 0.06201550387596899
0 0.37628865979381443 0.36627906976744184 0.4484536082474227 0.05426356589147287
0 0.4845360824742268 0.4186046511627907 0.6752577319587629 0.05813953488372093
0 0.5 0.4496124031007752 0.6958762886597938 0.05813953488372093
0 0.5051546391752577 0.5213178294573644 0.6958762886597938 0.07751937984496124
0 0.3402061855670103 0.5658914728682171 0.36082474226804123 0.06201550387596899
0 0.35309278350515466 0.9437984496124031 0.14948453608247422 0.046511627906976744
0 0.8917525773195877 0.9515503875968992 0.12886597938144329 0.031007751937984496
0 0.520618556701031 0.6124031007751938 0.7371134020618557 0.06976744186046512
0 0.29896907216494845 0.6589147286821705 0.28350515463917525 0.046511627906976744
0 0.5335051546391752 0.7189922480620154 0.7319587628865979 0.06589147286821706
0 0.31958762886597936 0.7635658914728682 0.29381443298969073 0.04263565891472868
0 0.4639175257731959 0.8294573643410853 0.5773195876288659 0.07364341085271318
0 0.4690721649484536 0.8682170542635659 0.34536082474226804 0.07751937984496124