0 0.4925249169435216 0.010901162790697675 0.8754152823920266 0.02180232558139535
0 0.19102990033222592 0.03488372093023256 0.2956810631229236 0.050872093023255814
0 0.2782392026578073 0.06686046511627906 0.43521594684385384 0.061046511627906974
0 0.313953488372093 0.10465116279069768 0.23255813953488372 0.0436046511627907
0 0.3164451827242525 0.14244186046511628 0.24750830564784054 0.050872093023255814
0 0.23754152823920266 0.21656976744186046 0.32558139534883723 0.04941860465116279
0 0.5124584717607974 0.251453488372093 0.8637873754152824 0.07122093023255814
0 0.33222591362126247 0.29651162790697677 0.5564784053156147 0.050872093023255814
0 0.3496677740863787 0.3321220930232558 0.26744186046511625 0.04796511627906977
0 0.3704318936877076 0.37209302325581395 0.5182724252491694 0.061046511627906974
0 0.3995016611295681 0.40625 0.5897009966777409 0.04796511627906977
0 0.18106312292358803 0.4491279069767442 0.14119601328903655 0.03488372093023256
0 0.19352159468438537 0.48183139534883723 0.14451827242524917 0.04505813953488372
0 0.21345514950166114 0.5581395348837209 0.24086378737541528 0.050872093023255814
0 0.5049833887043189 0.5886627906976745 0.8322259136212624 0.0625
0 0.3496677740863787 0.6329941860465116 0.23255813953488372 0.0436046511627907
0 0.5149501661129569 0.7013081395348837 0.5714285714285714 0.056686046511627904
0 0.2101328903654485 0.7819767441860465 0.2724252491694352 0.04505813953488372
0 0.2691029900332226 0.8212209302325582 0.3122923588039867 0.046511627906976744
0 0.45514950166112955 0.8553779069767442 0.7491694352159468 0.055232558139534885
0 0.4418604651162791 0.8931686046511628 0.7126245847176079 0.05377906976744186
0 0.5024916943521595 0.9236918604651163 0.867109634551495 0.06686046511627906
0 0.8397009966777409 0.9600290697674418 0.10963455149501661 0.030523255813953487