0 0.36597938144329895 0.05426356589147287 0.5618556701030928 0.08139534883720931
0 0.7628865979381443 0.02131782945736434 0.07216494845360824 0.027131782945736434
0 0.7603092783505154 0.040697674418604654 0.10309278350515463 0.031007751937984496
0 0.7628865979381443 0.05813953488372093 0.05154639175257732 0.023255813953488372
0 0.4252577319587629 0.1065891472868217 0.6649484536082474 0.06201550387596899
0 0.35051546391752575 0.13953488372093023 0.5051546391752577 0.05426356589147287
0 0.44587628865979384 0.187984496124031 0.5824742268041238 0.06976744186046512
0 0.4484536082474227 0.24224806201550386 0.5824742268041238 0.06201550387596899
0 0.4639175257731959 0.2771317829457364 0.4690721649484536 0.05426356589147287
0 0.45103092783505155 0.3236434108527132 0.7061855670103093 0.06201550387596899
0 0.44329896907216493 0.36046511627906974 0.6907216494845361 0.046511627906976744
0 0.44329896907216493 0.3875968992248062 0.6804123711340206 0.05426356589147287
0 0.4536082474226804 0.41472868217054265 0.711340206185567 0.05426356589147287
0 0.46649484536082475 0.46705426356589147 0.6391752577319587 0.06976744186046512
0 0.3118556701030928 0.5 0.211340206185567 0.03875968992248062
0 0.422680412371134 0.5542635658914729 0.5721649484536082 0.06589147286821706
0 0.4793814432989691 0.6085271317829457 0.6752577319587629 0.06589147286821706
0 0.43041237113402064 0.6686046511627907 0.5773195876288659 0.08139534883720931
0 0.4536082474226804 0.748062015503876 0.6804123711340206 0.05426356589147287
0 0.35051546391752575 0.7810077519379846 0.4690721649484536 0.05426356589147287
0 0.46134020618556704 0.8333333333333334 0.634020618556701 0.06201550387596899
0 0.47164948453608246 0.8934108527131783 0.6649484536082474 0.07364341085271318