0 0.5942622950819673 0.04945054945054945 0.13114754098360656 0.054945054945054944
0 0.3114754098360656 0.07967032967032966 0.10655737704918032 0.054945054945054944
0 0.4672131147540984 0.13736263736263737 0.3319672131147541 0.06043956043956044
0 0.5 0.18956043956043955 0.4057377049180328 0.07142857142857142
0 0.4918032786885246 0.23076923076923078 0.4918032786885246 0.07692307692307693
0 0.47540983606557374 0.260989010989011 0.45901639344262296 0.06593406593406594
0 0.48565573770491804 0.2967032967032967 0.48770491803278687 0.07692307692307693
0 0.4774590163934426 0.3269230769230769 0.47540983606557374 0.07142857142857142
0 0.4692622950819672 0.35714285714285715 0.45491803278688525 0.07142857142857142
0 0.47540983606557374 0.3901098901098901 0.4713114754098361 0.06593406593406594
0 0.4733606557377049 0.4230769230769231 0.46311475409836067 0.07142857142857142
0 0.4733606557377049 0.45604395604395603 0.47950819672131145 0.07142857142857142
0 0.4774590163934426 0.4835164835164835 0.48770491803278687 0.06593406593406594
0 0.46311475409836067 0.521978021978022 0.45491803278688525 0.07142857142857142
0 0.4651639344262295 0.5494505494505495 0.45081967213114754 0.06593406593406594
0 0.4774590163934426 0.5851648351648352 0.48360655737704916 0.07692307692307693
0 0.4774590163934426 0.6181318681318682 0.48360655737704916 0.07142857142857142
0 0.4979508196721312 0.6675824175824175 0.4139344262295082 0.07692307692307693
0 0.4672131147540984 0.7005494505494505 0.4713114754098361 0.07142857142857142
0 0.45491803278688525 0.7307692307692307 0.4426229508196721 0.07142857142857142
0 0.4672131147540984 0.7692307692307693 0.47540983606557374 0.08791208791208792
0 0.35040983606557374 0.7967032967032966 0.2459016393442623 0.06043956043956044
0 0.4405737704918033 0.8406593406593407 0.3237704918032787 0.08791208791208792
0 0.4774590163934426 0.9120879120879121 0.20901639344262296 0.07692307692307693
0 0.5922131147540983 0.9862637362637363 0.045081967213114756 0.02197802197802198