0 0.10677083333333333 0.005729166666666666 0.040625 0.011458333333333333
0 0.11197916666666667 0.016666666666666666 0.046875 0.022916666666666665
0 0.10625 0.033854166666666664 0.03333333333333333 0.023958333333333335
0 0.12395833333333334 0.09270833333333334 0.046875 0.026041666666666668
0 0.11875 0.3098958333333333 0.05 0.022916666666666665
0 0.11354166666666667 0.5578125 0.051041666666666666 0.021875
0 0.5145833333333333 0.9848958333333333 0.022916666666666665 0.022916666666666665
0 0.22916666666666666 0.0828125 0.03333333333333333 0.019791666666666666
0 0.25833333333333336 0.11770833333333333 0.09583333333333334 0.03854166666666667
0 0.221875 0.20520833333333333 0.026041666666666668 0.023958333333333335
0 0.26145833333333335 0.246875 0.11770833333333333 0.027083333333333334
0 0.2203125 0.3302083333333333 0.030208333333333334 0.020833333333333332
0 0.2546875 0.3723958333333333 0.103125 0.028125
0 0.22239583333333332 0.46197916666666666 0.03958333333333333 0.035416666666666666
0 0.2630208333333333 0.496875 0.12395833333333334 0.05416666666666667
0 0.22395833333333334 0.5776041666666667 0.040625 0.025
0 0.265625 0.6197916666666666 0.134375 0.053125
0 0.22395833333333334 0.7109375 0.04791666666666667 0.03854166666666667
0 0.2635416666666667 0.75 0.13125 0.04583333333333333
0 0.21927083333333333 0.8291666666666667 0.04479166666666667 0.021875
0 0.2557291666666667 0.8630208333333333 0.11979166666666667 0.03958333333333333