0 0.1292056074766355 0.09391666666666666 0.1369158878504673 0.032175
0 0.2993691588785047 0.08891666666666667 0.08004672897196262 0.031058333333333337
0 0.4917172897196262 0.09933333333333333 0.09092289719626168 0.04078333333333333
0 0.6377453271028037 0.09585833333333334 0.11037383177570094 0.04495
0 0.7884345794392523 0.09363333333333333 0.09244158878504673 0.02716666666666667
0 0.25497663551401867 0.164475 0.16883177570093458 0.024375
0 0.22051401869158876 0.24685 0.09757009345794392 0.029083333333333333
0 0.8984345794392523 0.23948333333333333 0.09049065420560747 0.018808333333333333
0 0.8223130841121495 0.25893333333333335 0.09010514018691589 0.024358333333333333
0 0.8230957943925234 0.2750416666666667 0.06051401869158878 0.025466666666666665
0 0.48022196261682243 0.33199166666666663 0.6091939252336449 0.028233333333333336
0 0.350572429906542 0.5015999999999999 0.1707593457943925 0.02514166666666667
0 0.42299065420560744 0.540075 0.31560747663551403 0.02874166666666667
0 0.3735397196261682 0.5816083333333333 0.20268691588785046 0.029566666666666665
0 0.425911214953271 0.6231333333333333 0.325338785046729 0.030391666666666664
0 0.5047663551401869 0.6621666666666667 0.18320093457943926 0.026216666666666666
0 0.09824766355140187 0.9513666666666668 0.024380841121495328 0.02005
0 0.9023364485981308 0.939 0.0359696261682243 0.019775