0 0.46009345794392525 0.11795539033457249 0.8166728971962617 0.07864312267657993
0 0.4845420560747664 0.1708550185873606 0.8195514018691589 0.07578066914498142
0 0.5097009345794392 0.22234200743494426 0.8842616822429906 0.06719330855018588
0 0.4881308411214953 0.2745167286245353 0.8353644859813084 0.06005576208178439
0 0.49100934579439254 0.33386617100371746 0.8583738317757009 0.06148698884758364
0 0.49029906542056073 0.3896282527881041 0.8569345794392523 0.08150557620817844
0 0.5161682242990654 0.44466542750929366 0.9259439252336449 0.07434944237918216
0 0.5082616822429907 0.49828996282527876 0.8928785046728972 0.06434944237918215
0 0.4989158878504673 0.5590520446096654 0.9058317757009345 0.08007434944237918
0 0.4723177570093458 0.6212453531598513 0.8641308411214953 0.08150557620817844
0 0.5097009345794392 0.6741449814126395 0.9388971962616822 0.07864312267657993
0 0.49461682242990657 0.7320631970260223 0.9317009345794393 0.0829368029739777
0 0.08986915887850468 0.7892565055762082 0.1222056074766355 0.04576208178438662
0 0.2530467289719626 0.8464312267657993 0.4485981308411215 0.05146840148698885