0 0.434115523465704 0.08971774193548387 0.7057761732851986 0.05846774193548387
0 0.4223826714801444 0.14112903225806453 0.6588447653429603 0.06854838709677419
0 0.3104693140794224 0.19959677419354838 0.44223826714801445 0.07056451612903226
0 0.51985559566787 0.3125 0.8664259927797834 0.0846774193548387
0 0.3276173285198556 0.4213709677419355 0.4620938628158845 0.07056451612903226
0 0.29061371841155237 0.48286290322580644 0.351985559566787 0.07056451612903226
0 0.15252707581227437 0.5423387096774194 0.09927797833935018 0.05040322580645161
0 0.1615523465703971 0.594758064516129 0.11010830324909747 0.04838709677419355
0 0.23916967509025272 0.657258064516129 0.2545126353790614 0.08064516129032258
0 0.2581227436823105 0.7147177419354839 0.29061371841155237 0.06451612903225806
0 0.259927797833935 0.8336693548387096 0.30324909747292417 0.07661290322580645
0 0.2490974729241877 0.8840725806451613 0.27256317689530685 0.07056451612903226
0 0.9792418772563177 0.9032258064516129 0.04151624548736462 0.04435483870967742