0 0.800314465408805 0.04781420765027322 0.38522012578616355 0.08652094717668488
0 0.4815251572327044 0.12158469945355191 0.9504716981132075 0.08469945355191257
0 0.4893867924528302 0.20127504553734063 0.9559748427672956 0.09836065573770492
0 0.4827044025157233 0.2755009107468124 0.925314465408805 0.10655737704918032
0 0.4988207547169811 0.34289617486338797 0.9394654088050315 0.10200364298724955
0 0.4658018867924528 0.42531876138433516 0.9080188679245284 0.10200364298724955
0 0.4815251572327044 0.5018214936247724 0.9449685534591195 0.11293260473588343
0 0.49764150943396224 0.5669398907103825 0.9748427672955975 0.10746812386156648
0 0.5098270440251572 0.6461748633879781 0.9630503144654088 0.11839708561020036
0 0.5082547169811321 0.7176684881602914 0.9418238993710691 0.10837887067395265
0 0.4956761006289308 0.7891621129326047 0.9300314465408805 0.10837887067395265
0 0.33372641509433965 0.8784153005464481 0.6147798742138365 0.10655737704918032
0 0.07036163522012578 0.9804189435336976 0.08569182389937106 0.039162112932604735
0 0.9233490566037735 0.9612932604735883 0.09984276729559749 0.02459016393442623
0 0.9205974842767296 0.9804189435336976 0.11242138364779874 0.023679417122040074