0 0.1474315514993481 0.03986564299424184 0.0842503259452412 0.0472552783109405
0 0.3776010430247718 0.03690978886756238 0.09327249022164277 0.0472552783109405
0 0.60625814863103 0.03986564299424184 0.07923076923076923 0.0472552783109405
0 0.8324119947848762 0.03838771593090211 0.0842503259452412 0.0472552783109405
0 0.21061277705345502 0.2318042226487524 0.31290743155149936 0.056103646833013436
0 0.258748370273794 0.29086372360844526 0.4172099087353325 0.056103646833013436
0 0.26276401564537155 0.4119385796545106 0.21061277705345502 0.056103646833013436
0 0.7426597131681878 0.33737044145873324 0.1474315514993481 0.05758157389635317
0 0.7461668839634941 0.39420345489443376 0.18654498044328555 0.05314779270633398
0 0.2793089960886571 0.47468330134357006 0.4041720990873533 0.0546257197696737
0 0.7476662320730117 0.4739347408829174 0.25374185136897004 0.056103646833013436
0 0.26677966101694917 0.5950095969289827 0.4272359843546284 0.05314779270633398
0 0.13388526727509778 0.7736660268714011 0.15745762711864406 0.05314779270633398
0 0.4623468057366362 0.7758733205374281 0.4412777053455019 0.05758157389635317
0 0.8745371577574967 0.957485604606526 0.11032594524119949 0.0546257197696737