0 0.29678 0.05735772357723577 0.28072 0.11467479674796749
0 0.5535800000000001 0.17276422764227642 0.7228600000000001 0.15971544715447153
0 0.22072 0.2751219512195122 0.16286 0.11467479674796749
0 0.6125 0.3941463414634146 0.69786 0.16113821138211382
0 0.56786 0.5030487804878049 0.79142 0.14373983739837398
0 0.54822 0.6163008130081301 0.8235800000000001 0.16695121951219513
0 0.36213999999999996 0.719349593495935 0.43572000000000005 0.16113821138211382
0 0.49822000000000005 0.8035772357723577 0.61786 0.1263008130081301
0 0.023579999999999997 0.9320731707317073 0.04714 0.13065040650406504
0 0.13964 0.9647154471544716 0.175 0.059512195121951224
0 0.63428 0.948739837398374 0.70428 0.08857723577235772