0 0.12865209471766847 0.06134969325153374 0.04326047358834244 0.015337423312883436
0 0.2686703096539162 0.06595092024539877 0.031876138433515486 0.015337423312883436
0 0.6159016393442623 0.04678527607361963 0.07969034608378871 0.01687116564417178
0 0.29941712204007287 0.0881963190184049 0.3301457194899818 0.029141104294478526
0 0.3005464480874317 0.10966871165644171 0.25045537340619306 0.02607361963190184
0 0.2937158469945355 0.15337423312883436 0.34153005464480873 0.03067484662576687
0 0.34267759562841527 0.17638036809815952 0.4576502732240437 0.027607361963190184
0 0.3244626593806922 0.1970920245398773 0.32103825136612024 0.02607361963190184
0 0.3005464480874317 0.2223926380368098 0.36429872495446264 0.03067484662576687
0 0.3449544626593807 0.24463803680981594 0.36657559198542805 0.029141104294478526
0 0.2903096539162113 0.26611042944785274 0.4394353369763206 0.032208588957055216
0 0.3244626593806922 0.29141104294478526 0.31193078324225865 0.024539877300613498
0 0.3244626593806922 0.31517791411042945 0.3164845173041894 0.029141104294478526
0 0.8173952641165756 0.8964785276073619 0.09107468123861566 0.023006134969325152
0 0.957431693989071 0.03987730061349693 0.07969034608378871 0.046012269938650305
0 0.9781420765027322 0.11503067484662577 0.04371584699453552 0.04294478527607362
0 0.9724590163934426 0.19171779141104295 0.05510018214936248 0.05214723926380368