0 0.4825241935483871 0.943557582668187 0.34945967741935485 0.028506271379703536
0 0.3084677419354839 0.04513683010262258 0.06854838709677419 0.027554161915621437
0 0.4240564516129033 0.05511402508551882 0.07392741935483871 0.028506271379703536
0 0.532258064516129 0.05131128848346636 0.08333064516129032 0.03801026225769669
0 0.657258064516129 0.04750855188141391 0.11558870967741937 0.02280501710376283
0 0.4825241935483871 0.08409350057012542 0.14516129032258066 0.03895667046750285
0 0.47312096774193546 0.13730330672748006 0.2231209677419355 0.05226339794754846
0 0.45564516129032256 0.2161744583808438 0.28225806451612906 0.027554161915621437
0 0.5006693548387097 0.25702964652223487 0.4717741935483871 0.040860889395667045
0 0.4704274193548387 0.29171607753705814 0.3172016129032258 0.03801026225769669
0 0.4711048387096774 0.3254446978335234 0.4153225806451613 0.03895667046750285
0 0.48588709677419356 0.35965222348916764 0.34274193548387094 0.03895667046750285
0 0.5174758064516128 0.39576396807297604 0.5080645161290323 0.040860889395667045
0 0.46841129032258066 0.42331812998859747 0.11424999999999999 0.027554161915621437