0 0.3686880466472303 0.04588447653429603 0.29033527696793 0.055649819494584835
0 0.5557580174927114 0.033086642599277974 0.037653061224489796 0.02707581227436823
0 0.6128571428571429 0.036101083032490974 0.037653061224489796 0.021064981949458484
0 0.6735860058309038 0.03759927797833935 0.04008746355685131 0.021064981949458484
0 0.7446501457725947 0.036101083032490974 0.0461661807580175 0.02707581227436823
0 0.6565889212827989 0.07445848375451264 0.16884839650145772 0.03759927797833935
0 0.6608309037900875 0.12108303249097473 0.22109329446064138 0.058664259927797835
0 0.26239067055393583 0.06918772563176895 0.0728862973760933 0.02707581227436823
0 0.350466472303207 0.1000361010830325 0.25145772594752186 0.04662454873646209
0 0.36928571428571433 0.16696750902527077 0.043731778425655975 0.02707581227436823
0 0.6146793002915452 0.17072202166064981 0.16034985422740525 0.0315884476534296
0 0.3589650145772595 0.21584837545126354 0.05951895043731778 0.03759927797833935
0 0.30551020408163265 0.29557761732851984 0.04981049562682216 0.04061371841155235
0 0.5241690962099125 0.3700361010830325 0.19800291545189505 0.08723826714801444
0 0.5411807580174927 0.44675090252707583 0.4846938775510204 0.05415162454873646
0 0.5235714285714286 0.4881227436823105 0.5102040816326531 0.04963898916967509
0 0.5259912536443149 0.5257220216606499 0.5199271137026239 0.04963898916967509
0 0.5290379008746356 0.5640794223826715 0.5211370262390671 0.05113718411552346
0 0.5423906705539359 0.6024368231046932 0.5527259475218659 0.04963898916967509
0 0.5345043731778426 0.6370397111913357 0.5345043731778426 0.04061371841155235
0 0.5411807580174927 0.6761371841155235 0.5454373177842566 0.04963898916967509
0 0.5326822157434402 0.7144945848375451 0.5259912536443149 0.048140794223826715
0 0.32434402332361517 0.7513537906137184 0.11661807580174927 0.04662454873646209
0 0.5496793002915452 0.7882129963898917 0.5114139941690962 0.05113718411552346
0 0.541793002915452 0.8288267148014441 0.5563702623906706 0.05113718411552346
0 0.3419533527696793 0.8604151624548737 0.15185131195335277 0.036101083032490974
0 0.6559766763848397 0.8995126353790613 0.1724927113702624 0.04211191335740072