0 0.4442675159235669 0.058544303797468354 0.8885350318471338 0.08544303797468354
0 0.43630573248407645 0.13924050632911392 0.8726114649681529 0.07278481012658228
0 0.3996815286624204 0.2175632911392405 0.7993630573248408 0.07436708860759493
0 0.446656050955414 0.30933544303797467 0.893312101910828 0.07753164556962025
0 0.4753184713375796 0.38686708860759494 0.9506369426751592 0.07753164556962025
0 0.44904458598726116 0.4810126582278481 0.8980891719745223 0.06962025316455696
0 0.4394904458598726 0.560126582278481 0.8757961783439491 0.07120253164556962
0 0.45222929936305734 0.6526898734177216 0.8949044585987261 0.08227848101265822
0 0.4609872611464968 0.742879746835443 0.9060509554140127 0.07911392405063292
0 0.49522292993630573 0.8227848101265823 0.9808917197452229 0.07753164556962025
0 0.43710191082802546 0.9113924050632911 0.8614649681528662 0.08544303797468354