0 0.28016925246826513 0.05454054054054054 0.28850493653032444 0.05602162162162162
0 0.3250352609308886 0.114 0.4936530324400564 0.07075675675675676
0 0.47698166431593797 0.1665837837837838 0.4667277856135402 0.04816216216216216
0 0.48531734837799717 0.20835675675675674 0.48083215796897044 0.049135135135135136
0 0.4090267983074753 0.2594594594594595 0.2949083215796897 0.05503783783783783
0 0.2718335684062059 0.33366486486486485 0.4051763046544429 0.052086486486486484
0 0.39492242595204513 0.39606486486486486 0.2923413258110014 0.0628972972972973
0 0.5327644569816643 0.4329189189189189 0.5295486600846262 0.06191351351351352
0 0.4904513399153738 0.48943783783783784 0.45262341325811006 0.06683243243243243
0 0.46801128349788435 0.5621621621621622 0.8283074753173484 0.07862702702702704
0 0.44365303244005644 0.6093405405405405 0.5128913963328632 0.05503783783783783
0 0.5077574047954866 0.6663351351351352 0.6641889985895628 0.06683243243243243
0 0.43851904090267985 0.7218702702702703 0.5257122708039492 0.06584864864864864