0 0.4545399698340875 0.16319672131147542 0.33594268476621414 0.05514754098360656
0 0.32770739064856713 0.20268852459016393 0.09049773755656108 0.04470491803278689
0 0.42095022624434386 0.2369672131147541 0.28794871794871796 0.05365573770491803
0 0.5107692307692308 0.26677049180327866 0.44289592760180996 0.06259016393442624
0 0.49911010558069385 0.32563934426229507 0.2824585218702866 0.0670655737704918
0 0.49156862745098046 0.37555737704918035 0.07815987933634992 0.041721311475409834
0 0.4435746606334841 0.41431147540983604 0.20156862745098036 0.041721311475409834
0 0.44906485671191554 0.4485901639344262 0.154947209653092 0.041721311475409834
0 0.5018552036199095 0.4828688524590164 0.19470588235294117 0.041721311475409834
0 0.5374962292609352 0.5208688524590164 0.1892156862745098 0.040245901639344266
0 0.4380844645550528 0.5946393442622951 0.1851131221719457 0.041721311475409834
0 0.47990950226244344 0.6326393442622952 0.20019607843137252 0.04918032786885246
0 0.5169381598793363 0.670639344262295 0.21390648567119155 0.04470491803278689
0 0.5711010558069382 0.702688524590164 0.23446455505279032 0.03726229508196721
0 0.5916591251885369 0.7459016393442623 0.16316742081447966 0.04918032786885246
0 0.6595324283559577 0.8912131147540984 0.06033182503770739 0.020868852459016395
0 0.39010558069381596 0.8927049180327868 0.1878582202111614 0.020868852459016395
0 0.31606334841628964 0.8502295081967213 0.10283559577677226 0.01937704918032787
0 0.32770739064856713 0.8718360655737706 0.11791855203619911 0.020868852459016395