0 0.5056634304207119 0.018413597733711047 0.8527508090614887 0.036827195467422094
0 0.2111650485436893 0.05099150141643059 0.28640776699029125 0.0453257790368272
0 0.2953074433656958 0.08286118980169972 0.4223300970873786 0.05240793201133145
0 0.3300970873786408 0.12039660056657224 0.22653721682847897 0.039660056657223795
0 0.33171521035598706 0.15722379603399433 0.23948220064724918 0.0453257790368272
0 0.2532362459546926 0.22875354107648727 0.3155339805825243 0.043909348441926344
0 0.5202265372168284 0.26628895184135976 0.8398058252427184 0.056657223796033995
0 0.34385113268608414 0.30807365439093487 0.5420711974110033 0.04107648725212465
0 0.36003236245954695 0.34277620396600567 0.2605177993527508 0.042492917847025496
0 0.3794498381877023 0.38172804532577903 0.5032362459546925 0.05240793201133145
0 0.406957928802589 0.4157223796033994 0.5744336569579288 0.03824362606232295
0 0.19336569579288027 0.45396600566572237 0.13754045307443366 0.032577903682719546
0 0.20469255663430422 0.48654390934844194 0.1407766990291262 0.04107648725212465
0 0.22330097087378642 0.5609065155807366 0.23300970873786409 0.0453257790368272
0 0.5064724919093851 0.5949008498583569 0.8090614886731392 0.04815864022662889
0 0.35436893203883496 0.6359773371104815 0.22653721682847897 0.039660056657223795
0 0.5137540453074434 0.7046742209631728 0.5550161812297735 0.046742209631728045
0 0.215210355987055 0.7790368271954674 0.26537216828478966 0.039660056657223795
0 0.27184466019417475 0.8179886685552408 0.3042071197411003 0.04107648725212465
0 0.4522653721682848 0.8541076487252125 0.7297734627831716 0.042492917847025496
0 0.4393203883495146 0.8909348441926346 0.6941747572815534 0.042492917847025496
0 0.4975728155339806 0.9213881019830028 0.843042071197411 0.05240793201133145
0 0.8252427184466019 0.9617563739376771 0.10679611650485436 0.028328611898016998