0 0.2485438596491228 0.125 0.10233333333333333 0.019
0 0.24707017543859652 0.14108771929824562 0.09649122807017543 0.016087719298245613
0 0.6140350877192983 0.05336842105263158 0.36257894736842106 0.02485964912280702
0 0.7624210526315789 0.07529824561403509 0.06871929824561404 0.021929824561403508
0 0.5 0.3508771929824561 0.5731052631578948 0.16666666666666666
0 0.43201754385964913 0.4831929824561404 0.05994736842105263 0.03363157894736842
0 0.4904912280701754 0.5146140350877193 0.06578947368421052 0.13157894736842105
0 0.4934210526315789 0.636701754385965 0.08040350877192982 0.03070175438596491
0 0.37573684210526315 0.7558421052631579 0.06724561403508772 0.03508771929824561
0 0.24780701754385964 0.9232456140350878 0.039473684210526314 0.039473684210526314
0 0.3654912280701755 0.9495614035087719 0.19298245614035087 0.019
0 0.37426315789473685 0.7872807017543859 0.03508771929824561 0.027771929824561403
0 0.4071578947368421 0.8165263157894738 0.08040350877192982 0.027771929824561403
0 0.4349473684210526 0.850140350877193 0.07749122807017544 0.02485964912280702