0 0.7433510638297872 0.08653846153846154 0.2526595744680851 0.05244755244755245
0 0.40625 0.1791958041958042 0.19414893617021275 0.06643356643356643
0 0.605718085106383 0.1687062937062937 0.0797872340425532 0.06293706293706294
0 0.586436170212766 0.26486013986013984 0.5997340425531915 0.13111888111888112
0 0.45944148936170215 0.36276223776223776 0.2712765957446808 0.06293706293706294
0 0.3517287234042553 0.4125874125874126 0.04521276595744681 0.04195804195804196
0 0.581781914893617 0.40646853146853146 0.17154255319148937 0.05944055944055944
0 0.6655585106382979 0.44667832167832167 0.4454787234042553 0.07867132867132867
0 0.355718085106383 0.5104895104895105 0.05186170212765957 0.04020979020979021
0 0.6815159574468085 0.4991258741258741 0.16888297872340424 0.06818181818181818
0 0.8663563829787234 0.48776223776223776 0.03723404255319149 0.043706293706293704
0 0.586436170212766 0.5437062937062938 0.26861702127659576 0.050699300699300696
0 0.6522606382978723 0.5917832167832168 0.3324468085106383 0.07867132867132867
0 0.6123670212765957 0.6905594405594405 0.26728723404255317 0.11713286713286714
0 0.3723404255319149 0.7753496503496503 0.13430851063829788 0.05244755244755245
0 0.5372340425531915 0.7858391608391608 0.10106382978723404 0.0944055944055944
0 0.7367021276595744 0.784965034965035 0.14760638297872342 0.11013986013986014
0 0.6123670212765957 0.8636363636363636 0.6023936170212766 0.08391608391608392
0 0.7061170212765957 0.9090909090909091 0.48936170212765956 0.08566433566433566
0 0.5930851063829787 0.9641608391608392 0.1702127659574468 0.06993006993006994
0 0.7958776595744681 0.9493006993006993 0.12101063829787234 0.045454545454545456