0 0.0675249169435216 0.23662817551963047 0.02026578073089701 0.03277136258660508
0 0.08312292358803987 0.3879214780600462 0.027458471760797343 0.03556581986143187
0 0.09051495016611295 0.5718013856812934 0.027458471760797343 0.03988452655889146
0 0.09004983388704318 0.7627251732101616 0.04313953488372093 0.04806004618937644
0 0.49338870431893683 0.2353348729792148 0.7187707641196013 0.04048498845265589
0 0.33098006644518274 0.2884757505773672 0.39395348837209304 0.04200923787528869
0 0.535265780730897 0.3785450346420323 0.8062458471760797 0.041478060046189376
0 0.5353654485049835 0.43166281755196306 0.8119601328903655 0.04300230946882217
0 0.3971428571428572 0.48159353348729794 0.531827242524917 0.03810623556581986
0 0.5252159468438539 0.5734642032332563 0.7805980066445183 0.03912240184757506
0 0.56 0.6258198614318707 0.8483222591362126 0.04732101616628175
0 0.4262126245847176 0.6734180138568129 0.5844186046511628 0.041916859122401846
0 0.5282558139534883 0.7709468822170901 0.7922093023255814 0.052170900692840645
0 0.5250332225913621 0.8164896073903003 0.7986710963455149 0.050877598152424944
0 0.5316777408637874 0.8626789838337183 0.7971926910299004 0.050877598152424944
0 0.34647840531561463 0.9159353348729793 0.4249667774086379 0.044434180138568126