0 0.4746440129449838 0.1458375 0.6652265372168285 0.047225
0 0.18318770226537215 0.17678750000000001 0.07744336569579288 0.0321375
0 0.5877184466019417 0.17545000000000002 0.0358252427184466 0.0294625
0 0.23404530744336569 0.2227625 0.08436893203883496 0.03125
0 0.2525404530744336 0.2482125 0.12367313915857606 0.028575
0 0.23462783171521034 0.2950875 0.08553398058252427 0.0294625
0 0.24561488673139156 0.3263375 0.10749190938511329 0.0205375
0 0.24330097087378644 0.36295 0.10286407766990291 0.0205375
0 0.22826860841423946 0.46875 0.1722168284789644 0.0321375
0 0.19186084142394821 0.5075875 0.09477346278317152 0.0205375
0 0.19880258899676376 0.5517875 0.11326860841423948 0.0321375
0 0.19707119741100323 0.5897375 0.10286407766990291 0.0294625
0 0.18318770226537215 0.6165125 0.07975728155339806 0.0241125
0 0.17914239482200647 0.6571375 0.07396440129449838 0.019637500000000002
0 0.4756148867313916 0.909375 0.0358252427184466 0.0205375
0 0.6293365695792881 0.2183 0.11673139158576051 0.0419625
0 0.8789805825242719 0.0808 0.10749190938511329 0.0455375
0 0.6102588996763754 0.253125 0.08090614886731391 0.01875
0 0.6380097087378641 0.2919625 0.13176375404530746 0.041075
0 0.6195145631067961 0.32276249999999995 0.09940129449838188 0.0258875
0 0.6472491909385113 0.36473750000000005 0.15487055016181228 0.0419625
0 0.6403074433656958 0.47411250000000005 0.14563106796116504 0.041075
0 0.6189320388349514 0.5053625 0.09823624595469256 0.0303625
0 0.6102588996763754 0.5424125 0.07627831715210356 0.0258875
0 0.6310679611650486 0.584375 0.12021035598705503 0.040175
0 0.6276051779935276 0.615625 0.11326860841423948 0.0294625
0 0.6206634304207119 0.6607125 0.10171521035598706 0.0357125