0 0.1791237113402062 0.062134502923976605 0.2809278350515464 0.021929824561403508
0 0.8530927835051546 0.06140350877192982 0.12886597938144329 0.02046783625730994
0 0.4793814432989691 0.10599415204678363 0.8762886597938144 0.01608187134502924
0 0.47809278350515466 0.11988304093567251 0.884020618556701 0.017543859649122806
0 0.47680412371134023 0.13230994152046785 0.8762886597938144 0.017543859649122806
0 0.47680412371134023 0.14619883040935672 0.8814432989690721 0.017543859649122806
0 0.47680412371134023 0.1608187134502924 0.8762886597938144 0.014619883040935672
0 0.23969072164948454 0.17543859649122806 0.4097938144329897 0.017543859649122806
0 0.4729381443298969 0.2573099415204678 0.8969072164948454 0.05116959064327485
0 0.47809278350515466 0.3048245614035088 0.9226804123711341 0.054093567251461985
0 0.4793814432989691 0.3538011695906433 0.9175257731958762 0.04678362573099415
0 0.48582474226804123 0.4027777777777778 0.9252577319587629 0.043859649122807015
0 0.4884020618556701 0.45614035087719296 0.9381443298969072 0.05116959064327485
0 0.4896907216494845 0.5021929824561403 0.9458762886597938 0.04532163742690058
0 0.4884020618556701 0.5489766081871345 0.9329896907216495 0.04824561403508772
0 0.5128865979381443 0.5994152046783626 0.9742268041237113 0.04678362573099415
0 0.47551546391752575 0.6513157894736842 0.8865979381443299 0.04678362573099415
0 0.18814432989690721 0.7828947368421053 0.29896907216494845 0.027777777777777776