0 0.4666666666666667 0.08658536585365853 0.7909090909090909 0.09268292682926829
0 0.4909090909090909 0.16219512195121952 0.7424242424242424 0.0975609756097561
0 0.5 0.2280487804878049 0.7454545454545455 0.08536585365853659
0 0.48333333333333334 0.2939024390243902 0.7151515151515152 0.09268292682926829
0 0.5151515151515151 0.3597560975609756 0.7606060606060606 0.09024390243902439
0 0.5166666666666667 0.4170731707317073 0.7848484848484848 0.07317073170731707
0 0.55 0.4853658536585366 0.8545454545454545 0.0975609756097561
0 0.5484848484848485 0.5573170731707318 0.8818181818181818 0.1
0 0.7378787878787879 0.6207317073170732 0.4818181818181818 0.08536585365853659
0 0.5287878787878788 0.6780487804878049 0.9121212121212121 0.08536585365853659
0 0.4909090909090909 0.7475609756097561 0.8333333333333334 0.1
0 0.5015151515151515 0.8182926829268292 0.9030303030303031 0.10975609756097561
0 0.4287878787878788 0.8939024390243903 0.7878787878787878 0.1048780487804878