0 0.4602272727272727 0.03336980306345733 0.900974025974026 0.06673960612691467
0 0.45211038961038963 0.08096280087527352 0.8814935064935064 0.08315098468271334
0 0.4569805194805195 0.13129102844638948 0.9090909090909091 0.08424507658643327
0 0.23782467532467533 0.17669584245076586 0.47564935064935066 0.07330415754923414
0 0.46915584415584416 0.2675054704595186 0.23863636363636365 0.06455142231947483
0 0.463474025974026 0.32056892778993434 0.2224025974025974 0.08096280087527352
0 0.44805194805194803 0.3714442013129103 0.8961038961038961 0.08205689277899343
0 0.24025974025974026 0.42396061269146607 0.4805194805194805 0.07549234135667396
0 0.28733766233766234 0.4726477024070022 0.5746753246753247 0.0787746170678337
0 0.22727272727272727 0.524617067833698 0.45454545454545453 0.07221006564551423
0 0.22727272727272727 0.5700218818380745 0.45292207792207795 0.06673960612691467
0 0.275974025974026 0.6236323851203501 0.547077922077922 0.07549234135667396
0 0.2775974025974026 0.6728665207877462 0.5487012987012987 0.06892778993435449
0 0.4577922077922078 0.7286652078774617 0.9058441558441559 0.09299781181619256
0 0.19967532467532467 0.7811816192560175 0.38636363636363635 0.07549234135667396
0 0.45535714285714285 0.8304157549234136 0.8944805194805194 0.10175054704595186
0 0.2962662337662338 0.87472647702407 0.5746753246753247 0.07549234135667396
0 0.48214285714285715 0.9327133479212254 0.9123376623376623 0.11487964989059081
0 0.2719155844155844 0.9710065645514223 0.5211038961038961 0.05798687089715536