0 0.42775665399239543 0.07795698924731183 0.30038022813688214 0.11559139784946236
0 0.3897338403041825 0.2056451612903226 0.714828897338403 0.10752688172043011
0 0.3925855513307985 0.27553763440860213 0.7281368821292775 0.10752688172043011
0 0.5199619771863118 0.34139784946236557 0.9600760456273765 0.13440860215053763
0 0.4448669201520912 0.40725806451612906 0.8041825095057035 0.11290322580645161
0 0.41064638783269963 0.48118279569892475 0.7376425855513308 0.11021505376344086
0 0.6891634980988594 0.5645161290322581 0.1958174904942966 0.09408602150537634
0 0.1920152091254753 0.5994623655913979 0.3840304182509506 0.0913978494623656
0 0.3355513307984791 0.6814516129032258 0.6711026615969582 0.13709677419354838
0 0.30133079847908745 0.7620967741935484 0.21292775665399238 0.1935483870967742
0 0.7832699619771863 0.6881720430107527 0.2623574144486692 0.2903225806451613
0 0.36977186311787075 0.9018817204301075 0.24904942965779467 0.08870967741935484
0 0.8593155893536122 0.8696236559139785 0.2737642585551331 0.10215053763440861