0 0.19541139240506328 0.07162921348314606 0.254746835443038 0.028089887640449437
0 0.8156645569620253 0.06882022471910113 0.11234177215189874 0.025280898876404494
0 0.47151898734177217 0.1327247191011236 0.8069620253164557 0.021067415730337078
0 0.47072784810126583 0.1523876404494382 0.8022151898734177 0.021067415730337078
0 0.4723101265822785 0.1720505617977528 0.805379746835443 0.023876404494382022
0 0.4723101265822785 0.1931179775280899 0.8117088607594937 0.023876404494382022
0 0.43591772151898733 0.21558988764044945 0.7294303797468354 0.023876404494382022
0 0.507120253164557 0.2984550561797753 0.8813291139240507 0.04915730337078652
0 0.4849683544303797 0.3714887640449438 0.8370253164556962 0.04915730337078652
0 0.48417721518987344 0.4410112359550562 0.8449367088607594 0.05337078651685393
0 0.49050632911392406 0.5133426966292135 0.8575949367088608 0.04353932584269663
0 0.47389240506329117 0.5877808988764045 0.8212025316455697 0.046348314606741575
0 0.5142405063291139 0.6566011235955056 0.9082278481012658 0.04073033707865169
0 0.509493670886076 0.7310393258426966 0.9082278481012658 0.05196629213483146
0 0.49683544303797467 0.8026685393258427 0.8765822784810127 0.04073033707865169
0 0.5063291139240507 0.8764044943820225 0.9018987341772152 0.047752808988764044
0 0.28085443037974683 0.9452247191011236 0.4541139240506329 0.042134831460674156