0 0.29559270516717323 0.08814589665653495 0.21681864235055726 0.04660587639311044
0 0.4969604863221885 0.0851063829787234 0.0364741641337386 0.019250253292806486
0 0.6945288753799392 0.08966565349544073 0.1398176291793313 0.020263424518743668
0 0.30192502532928067 0.11372847011144883 0.22796352583586627 0.01773049645390071
0 0.34473150962512666 0.12310030395136778 0.1393110435663627 0.015704154002026342
0 0.49772036474164133 0.11119554204660588 0.07801418439716312 0.028368794326241134
0 0.6945288753799392 0.10486322188449848 0.22644376899696048 0.0182370820668693
0 0.2847011144883485 0.14969604863221886 0.08814589665653495 0.028368794326241134
0 0.6165146909827761 0.1466565349544073 0.04609929078014184 0.031914893617021274
0 0.7781155015197568 0.13677811550151975 0.04660587639311044 0.0243161094224924
0 0.27152988855116517 0.18363728470111448 0.160081053698075 0.02127659574468085
0 0.4637791286727457 0.2185916919959473 0.4452887537993921 0.030395136778115502
0 0.4926545086119554 0.2540526849037487 0.1879432624113475 0.021783181357649443
0 0.4929078014184397 0.2907801418439716 0.2745694022289767 0.022289766970618033
0 0.5134245187436677 0.3242147922998987 0.5390070921985816 0.02735562310030395
0 0.24822695035460993 0.4318642350557244 0.10840932117527863 0.024822695035460994
0 0.4810030395136778 0.4637791286727457 0.46656534954407297 0.028368794326241134
0 0.4652988855116515 0.5681357649442755 0.5354609929078015 0.036980749746707196
0 0.49949341438703143 0.6722391084093212 0.6038500506585613 0.034954407294832825
0 0.30217831813576496 0.7125126646403243 0.16261398176291794 0.02127659574468085
0 0.7955927051671733 0.961499493414387 0.04559270516717325 0.012664640324214792