0 0.45634920634920634 0.03115727002967359 0.9126984126984127 0.06231454005934718
0 0.4523809523809524 0.09272997032640949 0.21957671957671956 0.057863501483679525
0 0.421957671957672 0.2997032640949555 0.3201058201058201 0.04599406528189911
0 0.5224867724867724 0.33827893175074186 0.9365079365079365 0.07566765578635015
0 0.49603174603174605 0.38130563798219586 0.9920634920634921 0.06824925816023739
0 0.503968253968254 0.42655786350148367 0.9867724867724867 0.06824925816023739
0 0.4880952380952381 0.4658753709198813 0.9761904761904762 0.06824925816023739
0 0.5079365079365079 0.49851632047477745 0.9841269841269841 0.05934718100890208
0 0.4801587301587302 0.5341246290801187 0.9285714285714286 0.06083086053412463
0 0.4973544973544973 0.5823442136498517 0.9788359788359788 0.08011869436201781
0 0.4894179894179894 0.6201780415430267 0.9497354497354498 0.0712166172106825
0 0.5158730158730159 0.6535608308605341 0.9682539682539683 0.06973293768545995
0 0.5105820105820106 0.6965875370919882 0.9603174603174603 0.07418397626112759
0 0.5145502645502645 0.7381305637982196 0.9708994708994709 0.07566765578635015
0 0.08465608465608465 0.7744807121661721 0.10052910052910052 0.025222551928783383