0 0.5051319648093842 0.04431438127090301 0.8958944281524927 0.061872909698996656
0 0.4809384164222874 0.13963210702341136 0.8401759530791789 0.05518394648829431
0 0.48167155425219943 0.2249163879598662 0.841642228739003 0.051839464882943144
0 0.47287390029325516 0.31354515050167225 0.8563049853372434 0.05852842809364549
0 0.4626099706744868 0.4096989966555184 0.8812316715542522 0.056856187290969896
0 0.5073313782991202 0.5008361204013378 0.9442815249266863 0.07190635451505016
0 0.5124633431085044 0.5911371237458194 0.9413489736070382 0.06020066889632107
0 0.4596774193548387 0.681438127090301 0.8724340175953079 0.06856187290969899
0 0.46114369501466274 0.7775919732441472 0.8489736070381232 0.056856187290969896
0 0.4802052785923754 0.8712374581939799 0.8782991202346041 0.06688963210702341
0 0.5175953079178885 0.9531772575250836 0.9633431085043989 0.06020066889632107