0 0.26273148148148145 0.055656934306569344 0.25462962962962965 0.03102189781021898
0 0.8692129629629629 0.06478102189781022 0.12268518518518519 0.02737226277372263
0 0.5300925925925926 0.11405109489051095 0.7916666666666666 0.03102189781021898
0 0.5324074074074074 0.1332116788321168 0.7962962962962963 0.032846715328467155
0 0.5300925925925926 0.15054744525547445 0.7893518518518519 0.032846715328467155
0 0.5300925925925926 0.1678832116788321 0.8032407407407407 0.032846715328467155
0 0.41898148148148145 0.18339416058394162 0.5694444444444444 0.02737226277372263
0 0.5682870370370371 0.3001824817518248 0.8634259259259259 0.09306569343065693
0 0.5659722222222222 0.3594890510948905 0.8680555555555556 0.0948905109489051
0 0.5694444444444444 0.43156934306569344 0.8611111111111112 0.09306569343065693
0 0.5555555555555556 0.4908759124087591 0.8657407407407407 0.08576642335766424
0 0.5659722222222222 0.5501824817518248 0.8680555555555556 0.10036496350364964
0 0.5370370370370371 0.6167883211678832 0.8078703703703703 0.08759124087591241
0 0.5601851851851852 0.6797445255474452 0.875 0.09306569343065693
0 0.5601851851851852 0.7299270072992701 0.8726851851851852 0.08394160583941605
0 0.5532407407407407 0.7992700729927007 0.8541666666666666 0.10218978102189781
0 0.5590277777777778 0.8686131386861314 0.8680555555555556 0.09124087591240876
0 0.1550925925925926 0.9571167883211679 0.07407407407407407 0.023722627737226276
0 0.46875 0.9708029197080292 0.5300925925925926 0.058394160583941604