0 0.05813953488372093 0.029132791327913278 0.11627906976744186 0.03387533875338753
0 0.6148255813953488 0.005420054200542005 0.3313953488372093 0.01084010840108401
0 0.0625 0.06707317073170732 0.125 0.04742547425474255
0 0.25 0.0975609756097561 0.5 0.05962059620596206
0 0.7013081395348837 0.09078590785907859 0.2311046511627907 0.06639566395663957
0 0.7870639534883721 0.12127371273712736 0.09011627906976744 0.02710027100271003
0 0.6787790697674418 0.35636856368563685 0.26598837209302323 0.03523035230352303
0 0.0755813953488372 0.4254742547425474 0.1511627906976744 0.05420054200542006
0 0.39680232558139533 0.4186991869918699 0.3997093023255814 0.06639566395663957
0 0.07412790697674419 0.4613821138211382 0.14098837209302326 0.04742547425474255
0 0.5428779069767442 0.4573170731707317 0.7005813953488372 0.07046070460704607
0 0.38808139534883723 0.49525745257452575 0.3066860465116279 0.05420054200542006
0 0.023255813953488372 0.5318428184281843 0.04505813953488372 0.036585365853658534
0 0.5530523255813954 0.5311653116531165 0.6642441860465116 0.07452574525745258
0 0.31031976744186046 0.5677506775067751 0.17587209302325582 0.05420054200542006
0 0.41424418604651164 0.6050135501355014 0.40261627906976744 0.05962059620596206
0 0.4949127906976744 0.6355013550135501 0.5203488372093024 0.06910569105691057
0 0.34084302325581395 0.6747967479674797 0.22238372093023256 0.05013550135501355