0 0.3251689189189189 0.07341772151898734 0.5641891891891891 0.08860759493670886
0 0.125 0.1379746835443038 0.1570945945945946 0.04683544303797468
0 0.3217905405405405 0.2 0.5489864864864865 0.06582278481012659
0 0.4780405405405405 0.2620253164556962 0.2195945945945946 0.05569620253164557
0 0.5380067567567568 0.3183544303797468 0.8226351351351351 0.08481012658227848
0 0.49746621621621623 0.3841772151898734 0.902027027027027 0.07848101265822785
0 0.49915540540540543 0.44050632911392407 0.8969594594594594 0.07721518987341772
0 0.4966216216216216 0.4981012658227848 0.8834459459459459 0.07721518987341772
0 0.5008445945945946 0.5594936708860759 0.8986486486486487 0.08227848101265822
0 0.49408783783783783 0.620253164556962 0.8766891891891891 0.08354430379746836
0 0.4890202702702703 0.6816455696202531 0.910472972972973 0.0759493670886076
0 0.512668918918919 0.7373417721518988 0.8885135135135135 0.06962025316455696
0 0.19932432432432431 0.7974683544303798 0.2719594594594595 0.056962025316455694