0 0.1387067861715749 0.07151761517615177 0.13230473751600513 0.04365853658536585
0 0.1778361075544174 0.8333333333333334 0.10811779769526247 0.03463414634146341
0 0.16717029449423815 0.9492682926829268 0.083943661971831 0.04065040650406504
0 0.5783226632522407 0.06850948509485096 0.6302432778489117 0.04065040650406504
0 0.5690653008962868 0.109159891598916 0.6174391805377721 0.049688346883468834
0 0.48157490396927016 0.14378048780487804 0.4282202304737516 0.04666666666666666
0 0.3243661971830986 0.18368563685636857 0.10811779769526247 0.05119241192411924
0 0.539910371318822 0.1738888888888889 0.19490396927016646 0.04365853658536585
0 0.5505761843790012 0.2130352303523035 0.21624839948783608 0.052696476964769645
0 0.48939820742637646 0.2461653116531165 0.07966709346991037 0.03764227642276423
0 0.5036235595390525 0.28982384823848234 0.10811779769526247 0.049688346883468834
0 0.352112676056338 0.3221951219512195 0.1436875800256082 0.03613821138211382
0 0.38838668373879637 0.3628455284552845 0.21624839948783608 0.04818428184281843
0 0.7326760563380282 0.35757452574525744 0.2674647887323944 0.04365853658536585
0 0.4139948783610755 0.3959620596205962 0.27600512163892443 0.04818428184281843
0 0.6217157490396927 0.3952168021680217 0.048373879641485276 0.04065040650406504
0 0.7433546734955185 0.3906910569105691 0.08962868117797695 0.03463414634146341
0 0.8038156209987195 0.4230623306233063 0.08250960307298336 0.021084010840108403
0 0.741920614596671 0.6722357723577236 0.23759282970550577 0.028604336043360434
0 0.5192829705505762 0.7302032520325203 0.4751728553137004 0.05119241192411924
0 0.5335083226632522 0.803970189701897 0.5235467349551857 0.05119241192411924
0 0.5818693982074263 0.8378455284552846 0.5975288092189501 0.04365853658536585
0 0.5868501920614596 0.8762466124661246 0.6188604353393086 0.04818428184281843
0 0.6046350832266325 0.9447425474254743 0.6515877080665813 0.052696476964769645
0 0.4317797695262484 0.9793766937669376 0.2831113956466069 0.04065040650406504