0 0.04856950067476384 0.021614906832298136 0.07663967611336032 0.03192546583850932
0 0.032645074224021596 0.09413043478260869 0.028596491228070176 0.032857142857142856
0 0.09546558704453441 0.09552795031055901 0.026018893387314442 0.033167701863354035
0 0.15869095816464238 0.09413043478260869 0.0431578947368421 0.032857142857142856
0 0.22184885290148446 0.09537267080745342 0.050701754385964914 0.030372670807453414
0 0.8759244264507422 0.09661490683229813 0.028232118758434552 0.027888198757763976
0 0.9362483130904183 0.09583850931677018 0.032807017543859646 0.038757763975155284
0 0.9844804318488529 0.09692546583850932 0.02808367071524966 0.033478260869565214
0 0.25786774628879894 0.22751552795031058 0.4439271255060729 0.09835403726708075
0 0.5027665317139002 0.41263975155279503 0.9256545209176787 0.20018633540372668
0 0.0831174089068826 0.46698757763975157 0.129527665317139 0.11012422360248447
0 0.49925775978407555 0.6269565217391304 0.9294331983805668 0.1815217391304348
0 0.48341430499325233 0.7354968944099379 0.9233603238866397 0.16006211180124225
0 0.5044534412955466 0.8462111801242237 0.9276788124156545 0.19015527950310557
0 0.47450742240215926 0.9358385093167702 0.8677597840755735 0.12835403726708075