0 0.8151829268292683 0.0551829268292683 0.3005182926829268 0.11033536585365852
0 0.8681707317073171 0.14228658536585367 0.25551829268292686 0.11033536585365852
0 0.6315243902439024 0.20762195121951219 0.20033536585365852 0.08420731707317074
0 0.6133841463414634 0.3128658536585366 0.19890243902439023 0.1146951219512195
0 0.6845121951219513 0.4007012195121951 0.364390243902439 0.12195121951219512
0 0.6387804878048781 0.4820121951219512 0.32228658536585364 0.11615853658536586
0 0.6300914634146341 0.5480487804878048 0.24390243902439024 0.07405487804878048
0 0.6475 0.6591158536585365 0.29326219512195123 0.13067073170731708
0 0.6387804878048781 0.7440548780487806 0.27292682926829265 0.12341463414634145
0 0.6772560975609756 0.8050304878048781 0.34987804878048784 0.07984756097560976
0 0.584359756097561 0.9102743902439024 0.13503048780487806 0.11615853658536586
0 0.9204268292682927 0.934969512195122 0.026128048780487807 0.026128048780487807