0 0.04756637168141593 0.08515482695810565 0.051991150442477874 0.030054644808743168
0 0.5602876106194691 0.06056466302367942 0.879424778761062 0.0883424408014572
0 0.6371681415929203 0.11384335154826958 0.7256637168141593 0.08014571948998178
0 0.4939159292035398 0.2062841530054645 0.4756637168141593 0.07285974499089254
0 0.5591814159292036 0.2581967213114754 0.8816371681415929 0.07741347905282331
0 0.5436946902654868 0.3132969034608379 0.9126106194690266 0.07468123861566485
0 0.5459070796460177 0.36156648451730417 0.9081858407079646 0.06557377049180328
0 0.5470132743362832 0.4089253187613843 0.9037610619469026 0.07468123861566485
0 0.547566371681416 0.4558287795992714 0.9048672566371682 0.07741347905282331
0 0.5514380530973452 0.5072859744990893 0.8971238938053098 0.07468123861566485
0 0.5542035398230089 0.5482695810564663 0.8915929203539823 0.08014571948998178
0 0.5304203539823009 0.6033697632058288 0.8595132743362832 0.061930783242258654
0 0.5492256637168141 0.6502732240437158 0.9015486725663717 0.07468123861566485
0 0.5519911504424779 0.6999089253187614 0.8960176991150443 0.06830601092896176
0 0.5436946902654868 0.7527322404371585 0.9126106194690266 0.0610200364298725
0 0.5470132743362832 0.7978142076502732 0.8772123893805309 0.05919854280510018
0 0.5508849557522124 0.8447176684881603 0.8882743362831859 0.05919854280510018
0 0.5276548672566371 0.8979963570127505 0.8982300884955752 0.06557377049180328
0 0.547566371681416 0.9448998178506375 0.9048672566371682 0.06648451730418943
0 0.540929203539823 0.9785974499089253 0.918141592920354 0.042805100182149364