0 0.12345679012345678 0.07345971563981042 0.20679012345679013 0.08056872037914692
0 0.5 0.0509478672985782 0.3950617283950617 0.08767772511848342
0 0.44058641975308643 0.12085308056872038 0.2638888888888889 0.08056872037914692
0 0.5007716049382716 0.18601895734597157 0.30401234567901236 0.08767772511848342
0 0.47608024691358025 0.24881516587677724 0.19444444444444445 0.09004739336492891
0 0.48919753086419754 0.3080568720379147 0.2654320987654321 0.07819905213270142
0 0.533179012345679 0.36492890995260663 0.2854938271604938 0.09004739336492891
0 0.5709876543209876 0.44075829383886256 0.375 0.12085308056872038
0 0.4243827160493827 0.5758293838862559 0.12654320987654322 0.08293838862559241
0 0.6589506172839507 0.6267772511848341 0.6003086419753086 0.12559241706161137
0 0.6219135802469136 0.7061611374407583 0.5154320987654321 0.13744075829383887
0 0.5378086419753086 0.8246445497630331 0.36419753086419754 0.12322274881516587
0 0.9328703703703703 0.8637440758293838 0.09722222222222222 0.037914691943127965