0 0.6773857142857143 0.04874528301886793 0.6452428571428571 0.05660377358490566
0 0.43214285714285716 0.09512264150943396 0.7166714285714286 0.06446226415094339
0 0.5297571428571428 0.14150943396226415 0.8785714285714286 0.0660377358490566
0 0.5226142857142857 0.19103773584905662 0.95 0.06132075471698113
0 0.5190428571428571 0.23820754716981132 0.9619000000000001 0.06446226415094339
0 0.48928571428571427 0.28537735849056606 0.9119 0.05817924528301887
0 0.5047571428571428 0.32625471698113206 0.9380999999999999 0.045594339622641505
0 0.4833285714285714 0.37735849056603776 0.8857142857142857 0.059745283018867924
0 0.5083285714285714 0.4261037735849057 0.9357142857142857 0.059745283018867924
0 0.2261857142857143 0.4677641509433962 0.3761857142857143 0.05188679245283019
0 0.5214285714285715 0.5165094339622641 0.8904714285714286 0.06446226415094339
0 0.5178571428571429 0.5628962264150943 0.9595285714285714 0.05660377358490566
0 0.5238142857142858 0.6116320754716982 0.9523857142857143 0.05660377358490566
0 0.4773857142857143 0.6572358490566037 0.8595285714285714 0.059745283018867924
0 0.5178571428571429 0.7044056603773584 0.945242857142857 0.05660377358490566
0 0.48214285714285715 0.7492169811320755 0.8738142857142857 0.055028301886792454
0 0.5226142857142857 0.7971698113207547 0.954757142857143 0.06289622641509435
0 0.4857142857142857 0.8427641509433963 0.8952428571428571 0.059745283018867924
0 0.3107142857142857 0.8812924528301886 0.5309571428571429 0.03931132075471698
0 0.5190428571428571 0.9268867924528302 0.9047571428571429 0.055028301886792454
0 0.8392857142857143 0.9827075471698113 0.1357142857142857 0.02830188679245283