0 0.502320987654321 0.033625 0.862 0.05466666666666667
0 0.49758024691358027 0.09613888888888888 0.2022962962962963 0.05
0 0.45780246913580247 0.28894444444444445 0.2966666666666667 0.03693055555555556
0 0.5572098765432099 0.327375 0.885604938271605 0.05451388888888889
0 0.5263456790123456 0.36812500000000004 0.9473333333333334 0.045222222222222226
0 0.5277037037037037 0.40934722222222225 0.920395061728395 0.046125
0 0.51 0.44545833333333335 0.9097037037037037 0.04611111111111112
0 0.5300493827160494 0.47788888888888886 0.9201728395061729 0.036833333333333336
0 0.49765432098765433 0.509375 0.8652839506172839 0.04051388888888889
0 0.5108148148148148 0.5545277777777777 0.9113580246913581 0.05670833333333333
0 0.5017777777777778 0.5897222222222223 0.8833827160493827 0.049263888888888885
0 0.5314074074074074 0.6228333333333333 0.9129876543209876 0.04693055555555555
0 0.5165925925925926 0.6617222222222222 0.8932592592592592 0.052472222222222226
0 0.5235802469135803 0.7017777777777777 0.9121728395061729 0.05291666666666667
0 0.11550617283950618 0.7270277777777778 0.09162962962962963 0.021875