0 0.892 0.06991525423728813 0.128 0.018361581920903956
0 0.044 0.10028248587570622 0.08 0.01694915254237288
0 0.052 0.12005649717514125 0.06 0.022598870056497175
0 0.686 0.10098870056497175 0.232 0.0211864406779661
0 0.668 0.11864406779661017 0.148 0.01977401129943503
0 0.501 0.18149717514124294 0.378 0.026836158192090395
0 0.236 0.23375706214689265 0.38 0.018361581920903956
0 0.433 0.3347457627118644 0.766 0.07627118644067797
0 0.412 0.4230225988700565 0.732 0.05508474576271186
0 0.379 0.527542372881356 0.658 0.06638418079096045
0 0.248 0.6504237288135594 0.396 0.0211864406779661
0 0.112 0.9887005649717514 0.188 0.01694915254237288
0 0.812 0.990819209039548 0.356 0.018361581920903956