0 0.5168539325842697 0.07086614173228346 0.9044943820224719 0.09448818897637795
0 0.49719101123595505 0.12598425196850394 0.9213483146067416 0.07874015748031496
0 0.45786516853932585 0.1732283464566929 0.8370786516853933 0.05905511811023622
0 0.46348314606741575 0.234251968503937 0.848314606741573 0.08267716535433071
0 0.48314606741573035 0.2854330708661417 0.9044943820224719 0.07086614173228346
0 0.47752808988764045 0.3425196850393701 0.8876404494382022 0.07874015748031496
0 0.47191011235955055 0.3956692913385827 0.9044943820224719 0.08267716535433071
0 0.47752808988764045 0.4448818897637795 0.9101123595505618 0.07480314960629922
0 0.4410112359550562 0.5 0.8651685393258427 0.07480314960629922
0 0.46629213483146065 0.5570866141732284 0.8932584269662921 0.08661417322834646
0 0.4410112359550562 0.6082677165354331 0.8707865168539326 0.08661417322834646
0 0.42134831460674155 0.6692913385826772 0.8258426966292135 0.09055118110236221
0 0.4691011235955056 0.7204724409448819 0.9213483146067416 0.07874015748031496
0 0.4550561797752809 0.7775590551181102 0.8932584269662921 0.08267716535433071
0 0.4747191011235955 0.8307086614173228 0.9269662921348315 0.07874015748031496
0 0.21348314606741572 0.8740157480314961 0.42696629213483145 0.05905511811023622
0 0.27808988764044945 0.937007874015748 0.4943820224719101 0.08661417322834646