0 0.5056818181818182 0.050280898876404495 0.7978896103896104 0.07584269662921349
0 0.5223214285714286 0.10168539325842697 0.8206168831168831 0.07977528089887641
0 0.575487012987013 0.1702247191011236 0.7451298701298701 0.0696629213483146
0 0.5515422077922078 0.20084269662921347 0.8831168831168831 0.06629213483146068
0 0.549512987012987 0.23679775280898877 0.8896103896103896 0.0651685393258427
0 0.4094967532467532 0.26320224719101126 0.5211038961038961 0.048314606741573035
0 0.3510551948051948 0.29859550561797754 0.3912337662337662 0.0449438202247191
0 0.3189935064935065 0.32303370786516855 0.32954545454545453 0.037640449438202245
0 0.4310064935064935 0.35730337078651686 0.5349025974025974 0.05337078651685393
0 0.42410714285714285 0.3856741573033708 0.536525974025974 0.044382022471910115
0 0.8709415584415584 0.31320224719101125 0.09009740259740259 0.03258426966292135
0 0.8226461038961039 0.3438202247191011 0.056818181818181816 0.034269662921348316
0 0.8494318181818182 0.3294943820224719 0.0008116883116883117 0.006179775280898876
0 0.913961038961039 0.34101123595505617 0.048701298701298704 0.026404494382022473
0 0.9813311688311688 0.34353932584269664 0.030032467532467532 0.01853932584269663
0 0.564935064935065 0.41769662921348316 0.786525974025974 0.06797752808988763
0 0.5373376623376623 0.45365168539325845 0.8571428571428571 0.06123595505617978
0 0.5174512987012987 0.4786516853932584 0.836038961038961 0.05112359550561798
0 0.544237012987013 0.5176966292134831 0.8628246753246753 0.062359550561797754
0 0.23011363636363635 0.5466292134831461 0.237012987012987 0.04157303370786517
0 0.5604707792207793 0.5735955056179776 0.6387987012987013 0.06404494382022471
0 0.5795454545454546 0.601123595505618 0.7719155844155844 0.0651685393258427
0 0.554788961038961 0.6390449438202247 0.890422077922078 0.06348314606741573
0 0.5515422077922078 0.6705056179775281 0.8092532467532467 0.056741573033707866
0 0.6521915584415584 0.6969101123595506 0.6801948051948052 0.05056179775280899
0 0.5186688311688312 0.7272471910112359 0.788961038961039 0.05337078651685393
0 0.3060064935064935 0.7646067415730337 0.3587662337662338 0.051685393258426963
0 0.6193181818181818 0.7834269662921348 0.752435064935065 0.05898876404494382
0 0.560064935064935 0.8213483146067416 0.8798701298701299 0.06179775280898876
0 0.4468344155844156 0.8567415730337079 0.6550324675324676 0.05561797752808989
0 0.7544642857142857 0.8811797752808989 0.3628246753246753 0.04662921348314607
0 0.765422077922078 0.9311797752808989 0.2012987012987013 0.0702247191011236
0 0.7313311688311688 0.9693820224719101 0.3676948051948052 0.060112359550561795