0 0.7681818181818182 0.013257575757575758 0.3575757575757576 0.02462121212121212
0 0.4863636363636364 0.07196969696969698 0.4303030303030303 0.06060606060606061
0 0.4696969696969697 0.12121212121212122 0.22424242424242424 0.03977272727272727
0 0.4727272727272727 0.17045454545454544 0.8939393939393939 0.06628787878787878
0 0.47878787878787876 0.23484848484848486 0.36666666666666664 0.04924242424242424
0 0.47424242424242424 0.39109848484848486 0.8424242424242424 0.07007575757575757
0 0.48333333333333334 0.4441287878787879 0.8606060606060606 0.06818181818181818
0 0.4954545454545455 0.49053030303030304 0.8909090909090909 0.056818181818181816
0 0.48484848484848486 0.5501893939393939 0.8696969696969697 0.07007575757575757
0 0.13484848484848486 0.5909090909090909 0.1606060606060606 0.043560606060606064
0 0.5045454545454545 0.7414772727272727 0.8878787878787879 0.06060606060606061
0 0.5075757575757576 0.7869318181818182 0.8939393939393939 0.058712121212121215
0 0.4803030303030303 0.834280303030303 0.8484848484848485 0.06439393939393939
0 0.4621212121212121 0.8806818181818182 0.8212121212121212 0.06060606060606061
0 0.2106060606060606 0.9214015151515151 0.3151515151515151 0.043560606060606064
0 0.5015151515151515 0.9602272727272727 0.05454545454545454 0.026515151515151516