0 0.4506269592476489 0.14710884353741496 0.3495297805642633 0.05782312925170068
0 0.31896551724137934 0.1879251700680272 0.09404388714733543 0.04591836734693878
0 0.4153605015673981 0.22363945578231292 0.2993730407523511 0.05612244897959184
0 0.5086206896551724 0.2542517006802721 0.4608150470219436 0.06462585034013606
0 0.49686520376175547 0.31547619047619047 0.29310344827586204 0.06972789115646258
0 0.4890282131661442 0.3673469387755102 0.08150470219435736 0.04251700680272109
0 0.438871473354232 0.407312925170068 0.21003134796238246 0.04251700680272109
0 0.4443573667711599 0.44302721088435376 0.1614420062695925 0.04251700680272109
0 0.4992163009404389 0.47874149659863946 0.20219435736677116 0.04251700680272109
0 0.536833855799373 0.5178571428571429 0.19592476489028213 0.04251700680272109
0 0.4333855799373041 0.5943877551020408 0.19278996865203762 0.04251700680272109
0 0.47648902821316613 0.6343537414965986 0.2084639498432602 0.05102040816326531
0 0.5148902821316614 0.673469387755102 0.2225705329153605 0.04591836734693878
0 0.5713166144200627 0.7066326530612245 0.24294670846394983 0.0391156462585034
0 0.5932601880877743 0.7517006802721088 0.16927899686520376 0.05102040816326531
0 0.6637931034482759 0.9022108843537415 0.06269592476489028 0.022108843537414966
0 0.3832288401253918 0.9039115646258503 0.19592476489028213 0.022108843537414966
0 0.30642633228840127 0.8596938775510204 0.10658307210031348 0.02040816326530612
0 0.31896551724137934 0.8826530612244898 0.12225705329153605 0.022108843537414966