0 0.4391691394658754 0.08228511530398323 0.8160237388724035 0.11635220125786164
0 0.46364985163204747 0.15670859538784068 0.6691394658753709 0.10587002096436059
0 0.8902077151335311 0.13259958071278827 0.13056379821958458 0.14046121593291405
0 0.49258160237388726 0.240041928721174 0.9510385756676558 0.11006289308176101
0 0.1728486646884273 0.30136268343815514 0.33086053412462907 0.08909853249475891
0 0.4792284866468843 0.3805031446540881 0.9495548961424333 0.09538784067085954
0 0.4910979228486647 0.4612159329140461 0.9807121661721068 0.11006289308176101
0 0.4413946587537092 0.5351153039832285 0.8827893175074184 0.11844863731656184
0 0.48813056379821956 0.6132075471698113 0.9762611275964391 0.1069182389937107
0 0.4873887240356083 0.6844863731656184 0.9747774480712166 0.1090146750524109
0 0.1698813056379822 0.749475890985325 0.3367952522255193 0.08490566037735849
0 0.4903560830860534 0.8370020964360587 0.9807121661721068 0.11215932914046121
0 0.47477744807121663 0.9088050314465409 0.9495548961424333 0.11320754716981132
0 0.13649851632047477 0.959643605870021 0.2655786350148368 0.06918238993710692