0 0.4775967413441955 0.06347438752783964 0.955193482688391 0.12694877505567928
0 0.4485743380855397 0.12583518930957685 0.8971486761710794 0.11358574610244988
0 0.4363543788187373 0.21102449888641425 0.8727087576374746 0.14142538975501115
0 0.4495926680244399 0.2834075723830735 0.8991853360488798 0.13697104677060135
0 0.48981670061099797 0.3596881959910913 0.9796334012219959 0.1492204899777283
0 0.49185336048879835 0.42594654788418707 0.9837067209775967 0.14365256124721604
0 0.4516293279022403 0.5116926503340757 0.9032586558044806 0.14365256124721604
0 0.4786150712830957 0.5818485523385301 0.9562118126272913 0.1447661469933185
0 0.43737270875763745 0.6575723830734966 0.8716904276985743 0.1447661469933185
0 0.4893075356415479 0.7243875278396437 0.9735234215885947 0.1358574610244989
0 0.4287169042769857 0.7967706013363028 0.8492871690427699 0.11915367483296214
0 0.1939918533604888 0.8596881959910914 0.37780040733197556 0.09910913140311804