0 0.7154696132596685 0.09420289855072464 0.30662983425414364 0.18788819875776397
0 0.42679558011049723 0.18633540372670807 0.6975138121546961 0.08540372670807453
0 0.3715469613259669 0.22308488612836438 0.5904696132596685 0.059006211180124224
0 0.3494475138121547 0.2795031055900621 0.550414364640884 0.07453416149068323
0 0.38812154696132595 0.33126293995859213 0.6346685082872928 0.08643892339544514
0 0.5062154696132597 0.37888198757763975 0.8604972375690608 0.08126293995859213
0 0.5255524861878453 0.432712215320911 0.9171270718232044 0.07867494824016563
0 0.29765193370165743 0.4725672877846791 0.4468232044198895 0.07194616977225674
0 0.3611878453038674 0.5253623188405797 0.5835635359116023 0.07712215320910973
0 0.30662983425414364 0.5745341614906833 0.47859116022099446 0.07867494824016563
0 0.3777624309392265 0.6159420289855072 0.6243093922651933 0.06677018633540373
0 0.3888121546961326 0.6687370600414079 0.6505524861878453 0.06159420289855073