0 0.04336734693877551 0.24528301886792453 0.022108843537414966 0.03537735849056604
0 0.06377551020408163 0.39858490566037735 0.02891156462585034 0.03773584905660377
0 0.07568027210884354 0.5860849056603774 0.02891156462585034 0.04245283018867924
0 0.07993197278911565 0.7806603773584906 0.04591836734693878 0.05188679245283019
0 0.47959183673469385 0.22287735849056603 0.7363945578231292 0.07783018867924528
0 0.31462585034013607 0.2841981132075472 0.40476190476190477 0.06132075471698113
0 0.5263605442176871 0.36674528301886794 0.826530612244898 0.08254716981132075
0 0.5272108843537415 0.4209905660377358 0.8316326530612245 0.08490566037735849
0 0.3869047619047619 0.47877358490566035 0.5459183673469388 0.0660377358490566
0 0.5204081632653061 0.5660377358490566 0.7993197278911565 0.07783018867924528
0 0.5578231292517006 0.6179245283018868 0.8690476190476191 0.08962264150943396
0 0.4217687074829932 0.6721698113207547 0.5986394557823129 0.07075471698113207
0 0.5289115646258503 0.7676886792452831 0.8112244897959183 0.09198113207547169
0 0.5263605442176871 0.8136792452830188 0.8180272108843537 0.09198113207547169
0 0.5348639455782312 0.8608490566037735 0.8163265306122449 0.09198113207547169
0 0.3469387755102041 0.9245283018867925 0.43537414965986393 0.0660377358490566