0 0.094106463878327 0.05141388174807198 0.15399239543726237 0.037275064267352186
0 0.36406844106463876 0.15874035989717222 0.188212927756654 0.060411311053984576
0 0.057034220532319393 0.2647814910025707 0.08745247148288973 0.032133676092544985
0 0.25665399239543724 0.2602827763496144 0.08935361216730038 0.02956298200514139
0 0.4524714828897338 0.256426735218509 0.08745247148288973 0.030848329048843187
0 0.6473384030418251 0.2506426735218509 0.08935361216730038 0.032133676092544985
0 0.846958174904943 0.2474293059125964 0.08745247148288973 0.032133676092544985
0 0.06368821292775666 0.35411311053984573 0.08745247148288973 0.030848329048843187
0 0.26140684410646386 0.34897172236503854 0.08935361216730038 0.030848329048843187
0 0.45722433460076045 0.34383033419023135 0.08935361216730038 0.02956298200514139
0 0.6511406844106464 0.34061696658097684 0.08745247148288973 0.032133676092544985
0 0.8517110266159695 0.3361182519280206 0.08365019011406843 0.032133676092544985
0 0.06749049429657794 0.44151670951156813 0.08555133079847908 0.032133676092544985
0 0.2652091254752852 0.4370179948586118 0.08745247148288973 0.02956298200514139
0 0.4600760456273764 0.43251928020565555 0.08555133079847908 0.032133676092544985
0 0.6539923954372624 0.4273778920308483 0.08555133079847908 0.030848329048843187
0 0.8536121673003803 0.42287917737789205 0.09315589353612168 0.032133676092544985
0 0.3935361216730038 0.5996143958868895 0.19961977186311788 0.06298200514138817
0 0.08555133079847908 0.7095115681233933 0.09885931558935361 0.033419023136246784
0 0.28422053231939165 0.7037275064267352 0.09505703422053231 0.032133676092544985
0 0.4762357414448669 0.6979434447300771 0.08935361216730038 0.032133676092544985
0 0.6730038022813688 0.6947300771208226 0.10076045627376426 0.02956298200514139
0 0.873574144486692 0.6876606683804627 0.09695817490494296 0.033419023136246784
0 0.09315589353612168 0.7956298200514139 0.09125475285171103 0.02956298200514139
0 0.2880228136882129 0.7904884318766067 0.08935361216730038 0.030848329048843187
0 0.48098859315589354 0.7859897172236504 0.08555133079847908 0.028277634961439587
0 0.6796577946768061 0.782133676092545 0.09125475285171103 0.028277634961439587
0 0.879277566539924 0.7750642673521851 0.09505703422053231 0.030848329048843187
0 0.0979087452471483 0.8830334190231363 0.09315589353612168 0.030848329048843187
0 0.2946768060836502 0.8791773778920309 0.09505703422053231 0.032133676092544985
0 0.48859315589353614 0.8740359897172236 0.09315589353612168 0.030848329048843187
0 0.6844106463878327 0.8701799485861182 0.08745247148288973 0.02956298200514139
0 0.8849809885931559 0.865681233933162 0.09125475285171103 0.02956298200514139