0 0.48951648351648347 0.03194444444444445 0.971032967032967 0.06387254901960784
0 0.4805274725274725 0.0698202614379085 0.953054945054945 0.056454248366013066
0 0.51 0.1277450980392157 0.9800219780219781 0.07130718954248366
0 0.4705274725274725 0.17305555555555555 0.921076923076923 0.07279411764705881
0 0.5034945054945055 0.21241830065359477 0.9830109890109889 0.0802124183006536
0 0.504 0.25624183006535944 0.992 0.07279411764705881
0 0.4865054945054945 0.28965686274509805 0.973032967032967 0.07130718954248366
0 0.4655384615384615 0.34462418300653597 0.927076923076923 0.07130718954248366
0 0.4865054945054945 0.3780392156862745 0.961032967032967 0.05792483660130719
0 0.5 0.4188888888888889 1 0.07130718954248366
0 0.4985054945054945 0.4701470588235294 0.9930109890109889 0.0698202614379085
0 0.48951648351648347 0.5191666666666667 0.943054945054945 0.06387254901960784
0 0.5994065934065934 0.6543300653594771 0.25973626373626374 0.0430718954248366
0 0.6053846153846154 0.6892483660130719 0.27571428571428575 0.02673202614379085
0 0.07393406593406593 0.9781699346405228 0.12386813186813186 0.022287581699346404
0 0.4974945054945055 0.5600163398692811 0.975032967032967 0.06535947712418301
0 0.5 0.5986274509803922 1 0.06833333333333333
0 0.4765274725274725 0.6498856209150327 0.941054945054945 0.06684640522875816
0 0.4765274725274725 0.6840522875816993 0.953054945054945 0.0698202614379085
0 0.4905054945054945 0.7300980392156863 0.981010989010989 0.07279411764705881
0 0.4705274725274725 0.774656862745098 0.941054945054945 0.05792483660130719
0 0.47551648351648357 0.8155065359477124 0.9510549450549451 0.06535947712418301
0 0.4775164835164835 0.8608169934640524 0.955054945054945 0.08169934640522876
0 0.4695384615384615 0.9024019607843137 0.939054945054945 0.0698202614379085
0 0.4655384615384615 0.950686274509804 0.931076923076923 0.07130718954248366
0 0.8051868131868132 0.9798039215686274 0.1798241758241758 0.04040849673202614