0 0.4846743295019157 0.06095238095238095 0.5574712643678161 0.06857142857142857
0 0.4763729246487867 0.13523809523809524 0.3767560664112388 0.07333333333333333
0 0.4840357598978289 0.2680952380952381 0.2796934865900383 0.07904761904761905
0 0.5019157088122606 0.34809523809523807 0.6436781609195402 0.08285714285714285
0 0.584610472541507 0.41095238095238096 0.5747126436781609 0.09333333333333334
0 0.24265644955300128 0.5619047619047619 0.36015325670498083 0.07904761904761905
0 0.6194125159642401 0.5552380952380952 0.11558109833971902 0.07047619047619047
0 0.12260536398467432 0.6171428571428571 0.12005108556832694 0.05523809523809524
0 0.4556194125159642 0.6323809523809524 0.10919540229885058 0.07714285714285714
0 0.816411238825032 0.6204761904761905 0.23243933588761176 0.07047619047619047
0 0.4102809706257982 0.6957142857142857 0.6954022988505747 0.06476190476190476
0 0.5261813537675607 0.7609523809523809 0.9476372924648787 0.0838095238095238
0 0.5108556832694764 0.8352380952380952 0.9150702426564495 0.06857142857142857
0 0.5274584929757343 0.8976190476190476 0.9450830140485313 0.08095238095238096
0 0.4996807151979566 0.9671428571428572 0.8908045977011494 0.06571428571428571