0 0.3657635467980296 0.034278959810874705 0.3682266009852217 0.03900709219858156
0 0.32142857142857145 0.06855791962174941 0.2672413793103448 0.0425531914893617
0 0.5369458128078818 0.09810874704491726 0.624384236453202 0.054373522458628844
0 0.48091133004926107 0.13120567375886524 0.5184729064039408 0.05555555555555555
0 0.2881773399014778 0.16489361702127658 0.08374384236453201 0.03546099290780142
0 0.5431034482758621 0.19739952718676124 0.6022167487684729 0.04964539007092199
0 0.36637931034482757 0.23049645390070922 0.3657635467980296 0.041371158392434985
0 0.4248768472906404 0.2647754137115839 0.3620689655172414 0.04491725768321513
0 0.39408866995073893 0.2919621749408983 0.19704433497536947 0.03900709219858156
0 0.4956896551724138 0.3256501182033097 0.3977832512315271 0.05200945626477541
0 0.4064039408866995 0.3617021276595745 0.3251231527093596 0.054373522458628844
0 0.5683497536945813 0.3894799054373522 0.5788177339901478 0.04373522458628842
0 0.5775862068965517 0.4237588652482269 0.034482758620689655 0.018912529550827423
0 0.37007389162561577 0.4509456264775414 0.17610837438423646 0.041371158392434985
0 0.7032019704433498 0.45567375886524825 0.2660098522167488 0.05319148936170213
0 0.6274630541871922 0.48404255319148937 0.15147783251231528 0.03309692671394799
0 0.6157635467980296 0.5342789598108747 0.13423645320197045 0.07328605200945626
0 0.7875615763546798 0.5141843971631206 0.12561576354679804 0.03546099290780142
0 0.5443349753694581 0.6140661938534279 0.5381773399014779 0.054373522458628844
0 0.41933497536945813 0.6832151300236406 0.3263546798029557 0.08628841607565012
0 0.4839901477832512 0.7630023640661938 0.47044334975369456 0.03900709219858156
0 0.2770935960591133 0.7907801418439716 0.050492610837438424 0.037825059101654845
0 0.4956896551724138 0.7949172576832151 0.23891625615763548 0.034278959810874705
0 0.2727832512315271 0.8280141843971631 0.02586206896551724 0.03546099290780142
0 0.4729064039408867 0.83451536643026 0.19088669950738915 0.04846335697399527
0 0.7038177339901478 0.8605200945626478 0.1687192118226601 0.037825059101654845
0 0.26908866995073893 0.8788416075650118 0.029556650246305417 0.03664302600472813
0 0.4735221674876847 0.8983451536643026 0.19458128078817735 0.05673758865248227
0 0.7364532019704434 0.9905437352245863 0.08374384236453201 0.018912529550827423