0 0.05049088359046283 0.038135593220338986 0.10098176718092566 0.057203389830508475
0 0.461781206171108 0.07944915254237288 0.923562412342216 0.10805084745762712
0 0.24333800841514727 0.15360169491525424 0.48667601683029454 0.09322033898305085
0 0.4575736325385694 0.23622881355932204 0.9151472650771388 0.12076271186440678
0 0.4649368863955119 0.3034957627118644 0.9298737727910238 0.11334745762711865
0 0.47335203366058903 0.3840042372881356 0.9467040673211781 0.11970338983050847
0 0.01367461430575035 0.4703389830508475 0.0273492286115007 0.06779661016949153
0 0.49228611500701264 0.534427966101695 0.9845722300140253 0.11546610169491525
0 0.49544179523141657 0.6149364406779662 0.9887798036465638 0.11652542372881355
0 0.49684431977559607 0.6927966101694916 0.9901823281907434 0.1239406779661017
0 0.3229312762973352 0.7828389830508474 0.6409537166900421 0.1239406779661017
0 0.01332398316970547 0.875 0.018934081346423562 0.07627118644067797