0 0.08703703703703704 0.10891089108910891 0.12777777777777777 0.06930693069306931
0 0.7703703703703704 0.012376237623762377 0.044444444444444446 0.024752475247524754
0 0.5370370370370371 0.16336633663366337 0.8833333333333333 0.11138613861386139
0 0.4962962962962963 0.21782178217821782 0.912962962962963 0.10396039603960396
0 0.5185185185185185 0.2834158415841584 0.9611111111111111 0.1188118811881188
0 0.5185185185185185 0.34777227722772275 0.9629629629629629 0.12623762376237624
0 0.09074074074074075 0.4752475247524752 0.0962962962962963 0.07178217821782178
0 0.5277777777777778 0.5160891089108911 0.9444444444444444 0.11138613861386139
0 0.5037037037037037 0.5866336633663366 0.9518518518518518 0.10643564356435643
0 0.3537037037037037 0.6410891089108911 0.6555555555555556 0.09158415841584158
0 0.08703703703703704 0.7722772277227723 0.0962962962962963 0.06930693069306931
0 0.5212962962962963 0.8366336633663366 0.9092592592592592 0.09653465346534654
0 0.5037037037037037 0.9071782178217822 0.9925925925925926 0.09158415841584158
0 0.4935185185185185 0.9641089108910891 0.9574074074074074 0.07178217821782178