0 0.43577981651376146 0.06082725060827251 0.3964613368283093 0.05474452554744526
0 0.7060943643512451 0.08667883211678833 0.23918741808650065 0.024330900243309004
0 0.10731323722149409 0.16195863746958636 0.06389252948885976 0.02889294403892944
0 0.4595412844036697 0.12546228710462287 0.3751638269986894 0.03193430656934307
0 0.5717562254259502 0.16347931873479318 0.6585845347313237 0.04714111922141119
0 0.2989908256880734 0.1999756690997567 0.11304062909567497 0.04714111922141119
0 0.13269986893840105 0.25851581508515814 0.11795543905635648 0.0364963503649635
0 0.15399737876802097 0.29501216545012166 0.1310615989515072 0.04866180048661801
0 0.13844036697247705 0.3611678832116788 0.12614678899082568 0.05018248175182482
0 0.14580602883355176 0.45697080291970804 0.15727391874180865 0.05322384428223844
0 0.13844036697247705 0.5527737226277373 0.12614678899082568 0.03801703163017032
0 0.15318479685452163 0.5892700729927007 0.1425294888597641 0.05018248175182482
0 0.1368020969855832 0.7109245742092457 0.13269986893840105 0.03193430656934307
0 0.11386631716906946 0.7512165450121655 0.04750982961992136 0.04562043795620438
0 0.12942332896461337 0.7785888077858881 0.10157273918741809 0.03345498783454988
0 0.14499344692005242 0.8150851581508516 0.13269986893840105 0.03953771289537713
0 0.1155045871559633 0.8493065693430657 0.06716906946264745 0.03801703163017032
0 0.35960681520314547 0.262323600973236 0.18184796854521626 0.04714111922141119
0 0.5430930537352555 0.25851581508515814 0.1064875491480996 0.0364963503649635
0 0.7044560943643512 0.26688564476885646 0.03604193971166448 0.025851581508515815
0 0.5488204456094364 0.2995742092457421 0.10157273918741809 0.0364963503649635
0 0.5168807339449542 0.36420924574209246 0.4701834862385321 0.04714111922141119
0 0.5717562254259502 0.3984184914841849 0.5668414154652687 0.04257907542579075
0 0.4570773263433814 0.4318734793187348 0.3309305373525557 0.04257907542579075
0 0.5111402359108781 0.4630535279805353 0.43577981651376146 0.04409975669099757
0 0.5766710353866317 0.49878345498783455 0.5766710353866317 0.04866180048661801
0 0.4005635648754915 0.527676399026764 0.1589121887287025 0.04562043795620438
0 0.4333289646133683 0.5626520681265207 0.32929226736566186 0.04866180048661801
0 0.5774967234600262 0.5915450121654501 0.6176277850589778 0.04257907542579075
0 0.3702490170380079 0.6227250608272507 0.19331585845347313 0.04105839416058394
0 0.3940104849279161 0.656934306569343 0.2244429882044561 0.04562043795620438
0 0.28014416775884665 0.7496958637469586 0.04259501965923984 0.021289537712895375
0 0.46526867627785057 0.7512165450121655 0.27522935779816515 0.04257907542579075
0 0.4161205766710354 0.8090024330900243 0.15072083879423329 0.06995133819951338
0 0.27769331585845347 0.8743917274939172 0.040956749672346006 0.02737226277372263
0 0.49148099606815204 0.8789537712895377 0.28833551769331583 0.04562043795620438
0 0.4611795543905636 0.9131751824817518 0.21788990825688073 0.05018248175182482
0 0.49311926605504586 0.9542335766423358 0.18020969855832242 0.05930656934306569