0 0.11960000000000001 0.05486416558861578 0.0852 0.025316946959896506
0 0.82955 0.05357050452781371 0.19845 0.03307891332470893
0 0.3155833333333333 0.1159379042690815 0.39716666666666667 0.027373868046571798
0 0.47323333333333334 0.1579818887451488 0.7058 0.05971539456662354
0 0.53155 0.26161707632600256 0.8291166666666667 0.041319534282018115
0 0.48889999999999995 0.38 0.7571166666666667 0.06069857697283312
0 0.4675666666666667 0.49385510996119014 0.7011333333333334 0.06068564036222509
0 0.5199 0.604993531694696 0.81245 0.06350582147477361
0 0.49090000000000006 0.7152134540750323 0.77445 0.0603751617076326
0 0.4209 0.8277749029754204 0.6211333333333333 0.057761966364812414
0 0.8292166666666666 0.9594954721862873 0.2177833333333333 0.01685640362225097