0 0.10739856801909307 0.10136286201022146 0.14081145584725538 0.036626916524701875
0 0.28102625298329353 0.0919931856899489 0.08353221957040573 0.034071550255536626
0 0.4779236276849642 0.0975298126064736 0.09427207637231504 0.044293015332197615
0 0.6264916467780429 0.09028960817717206 0.11455847255369929 0.048551959114139696
0 0.7804295942720764 0.08432708688245315 0.0954653937947494 0.029812606473594547
0 0.2392601431980907 0.17035775127768313 0.1730310262529833 0.028960817717206135
0 0.20823389021479713 0.2551107325383305 0.10143198090692124 0.03236797274275979
0 0.8997613365155132 0.23040885860306645 0.09307875894988067 0.02129471890971039
0 0.8233890214797136 0.252129471890971 0.09307875894988067 0.027257240204429302
0 0.8251789976133651 0.26873935264054516 0.06324582338902147 0.027257240204429302
0 0.4779236276849642 0.33560477001703576 0.6229116945107399 0.044293015332197615
0 0.35381861575178997 0.5119250425894378 0.17541766109785203 0.029812606473594547
0 0.4295942720763723 0.5494037478705281 0.3233890214797136 0.03747870528109029
0 0.38126491646778043 0.5932708688245315 0.20883054892601433 0.03577512776831346
0 0.43675417661097854 0.6341567291311755 0.3341288782816229 0.039182282793867124
0 0.5190930787589498 0.67206132879046 0.18854415274463007 0.03151618398637138
0 0.11873508353221957 0.9778534923339012 0.026252983293556086 0.02129471890971039
0 0.9391408114558473 0.9450596252129472 0.03818615751789976 0.02129471890971039