0 0.4808362369337979 0.045739348370927316 0.7073170731707317 0.06015037593984962
0 0.34146341463414637 0.07456140350877193 0.43031358885017423 0.046365914786967416
0 0.5 0.11403508771929824 0.740418118466899 0.06892230576441102
0 0.2691637630662021 0.14598997493734336 0.3048780487804878 0.03508771929824561
0 0.5130662020905923 0.18546365914786966 0.7613240418118467 0.06766917293233082
0 0.30662020905923343 0.21929824561403508 0.45818815331010454 0.05388471177944862
0 0.490418118466899 0.26127819548872183 0.7073170731707317 0.05889724310776942
0 0.4912891986062718 0.2825814536340852 0.7665505226480837 0.07017543859649122
0 0.4729965156794425 0.3107769423558897 0.7735191637630662 0.06140350877192982
0 0.4268292682926829 0.33959899749373434 0.6132404181184669 0.05263157894736842
0 0.49477351916376305 0.38345864661654133 0.764808362369338 0.06265664160401002
0 0.5104529616724739 0.41040100250626566 0.8414634146341463 0.05388471177944862
0 0.2534843205574913 0.43546365914786966 0.313588850174216 0.03884711779448621
0 0.8614982578397212 0.42606516290726815 0.17073170731707318 0.03634085213032581
0 0.5043554006968641 0.4592731829573935 0.7735191637630662 0.05012531328320802
0 0.37717770034843207 0.4924812030075188 0.5261324041811847 0.06140350877192982
0 0.37456445993031356 0.5375939849624061 0.5853658536585366 0.047619047619047616
0 0.19425087108013936 0.5883458646616542 0.18989547038327526 0.03634085213032581
0 0.6428571428571429 0.5820802005012531 0.5383275261324042 0.04887218045112782
0 0.6907665505226481 0.6102756892230576 0.6149825783972126 0.05263157894736842
0 0.41289198606271776 0.6428571428571429 0.10278745644599303 0.03634085213032581
0 0.5139372822299652 0.6904761904761905 0.8257839721254355 0.05639097744360902
0 0.41986062717770034 0.7224310776942355 0.6515679442508711 0.05263157894736842
0 0.12456445993031359 0.7474937343358395 0.07665505226480836 0.02882205513784461
0 0.44076655052264807 0.7756892230576441 0.7421602787456446 0.05764411027568922
0 0.42160278745644597 0.8283208020050126 0.6480836236933798 0.05012531328320802
0 0.3240418118466899 0.8552631578947368 0.1132404181184669 0.03132832080200501
0 0.4965156794425087 0.8859649122807017 0.7874564459930313 0.06140350877192982
0 0.46777003484320556 0.918546365914787 0.8292682926829268 0.06265664160401002
0 0.4921602787456446 0.9486215538847118 0.7996515679442509 0.05263157894736842
0 0.1402439024390244 0.9736842105263158 0.09233449477351917 0.02756892230576441