0 0.3569553805774278 0.10357142857142858 0.2230971128608924 0.027142857142857142
0 0.8681102362204725 0.10285714285714286 0.09973753280839895 0.03
0 0.5846456692913385 0.16785714285714284 0.6745406824146981 0.02857142857142857
0 0.5833333333333334 0.18928571428571428 0.6732283464566929 0.03142857142857143
0 0.5846456692913385 0.20714285714285716 0.6745406824146981 0.025714285714285714
0 0.583989501312336 0.22785714285714287 0.6719160104986877 0.02857142857142857
0 0.42454068241469817 0.25 0.3464566929133858 0.02857142857142857
0 0.5984251968503937 0.32857142857142857 0.6889763779527559 0.045714285714285714
0 0.5971128608923885 0.4042857142857143 0.7125984251968503 0.045714285714285714
0 0.5964566929133859 0.47714285714285715 0.7112860892388452 0.04428571428571428
0 0.5918635170603674 0.5492857142857143 0.7020997375328084 0.04285714285714286
0 0.6161417322834646 0.6214285714285714 0.7559055118110236 0.041428571428571426
0 0.5846456692913385 0.6978571428571428 0.6824146981627297 0.05
0 0.5597112860892388 0.7721428571428571 0.6640419947506562 0.04428571428571428
0 0.5669291338582677 0.8435714285714285 0.6706036745406824 0.04428571428571428
0 0.5597112860892388 0.9214285714285714 0.6469816272965879 0.06
0 0.38451443569553806 0.985 0.29658792650918636 0.03