0 0.6878787878787879 0.03510028653295129 0.04090909090909091 0.022922636103151862
0 0.7651515151515151 0.03510028653295129 0.05 0.02865329512893983
0 0.24848484848484848 0.1167621776504298 0.34393939393939393 0.044412607449856735
0 0.24621212121212122 0.15401146131805157 0.31363636363636366 0.04727793696275072
0 0.4962121212121212 0.1812320916905444 0.8075757575757576 0.06446991404011461
0 0.12121212121212122 0.24212034383954154 0.07424242424242425 0.03724928366762178
0 0.49393939393939396 0.2636103151862464 0.796969696969697 0.07020057306590258
0 0.22954545454545455 0.30945558739255014 0.28939393939393937 0.055873925501432664
0 0.30303030303030304 0.3359598853868195 0.4015151515151515 0.06017191977077364
0 0.3303030303030303 0.37822349570200575 0.20606060606060606 0.04727793696275072
0 0.3340909090909091 0.413323782234957 0.22121212121212122 0.04727793696275072
0 0.25681818181818183 0.4892550143266476 0.29848484848484846 0.05873925501432665
0 0.5106060606060606 0.5222063037249284 0.7893939393939394 0.06446991404011461
0 0.35075757575757577 0.5651862464183381 0.5121212121212121 0.04727793696275072
0 0.36893939393939396 0.5995702005730659 0.2590909090909091 0.045845272206303724
0 0.3787878787878788 0.6404011461318052 0.47575757575757577 0.06160458452722063
0 0.4075757575757576 0.671919770773639 0.5348484848484848 0.04871060171919771
0 0.21515151515151515 0.7163323782234957 0.14242424242424243 0.03581661891117478
0 0.22045454545454546 0.7478510028653295 0.13484848484848486 0.04154727793696275
0 0.24772727272727274 0.8237822349570201 0.24848484848484848 0.050143266475644696
0 0.5060606060606061 0.8553008595988538 0.759090909090909 0.05873925501432665
0 0.36893939393939396 0.8989971346704871 0.22424242424242424 0.04871060171919771
0 0.5113636363636364 0.9648997134670487 0.5196969696969697 0.05300859598853868