0 0.27960526315789475 0.10526315789473684 0.37993421052631576 0.10526315789473684
0 0.7080592105263158 0.09736842105263158 0.3832236842105263 0.10526315789473684
0 0.3338815789473684 0.29078947368421054 0.506578947368421 0.12105263157894737
0 0.8042763157894737 0.2802631578947368 0.3667763157894737 0.11052631578947368
0 0.29523026315789475 0.4644736842105263 0.40460526315789475 0.10789473684210527
0 0.6891447368421053 0.4605263157894737 0.32894736842105265 0.09736842105263158
0 0.27055921052631576 0.6526315789473685 0.35526315789473684 0.10526315789473684
0 0.662828947368421 0.6460526315789473 0.3815789473684211 0.10789473684210527
0 0.31085526315789475 0.8526315789473684 0.42269736842105265 0.15526315789473685
0 0.7458881578947368 0.8381578947368421 0.39473684210526316 0.14473684210526316
0 0.5444078947368421 0.48157894736842105 0.49506578947368424 0.5868421052631579