0 0.19476744186046513 0.012 0.36627906976744184 0.024
0 0.04941860465116279 0.038 0.0755813953488372 0.032
0 0.22674418604651161 0.076 0.43023255813953487 0.052
0 0.4883720930232558 0.082 0.06976744186046512 0.028
0 0.877906976744186 0.092 0.12209302325581395 0.032
0 0.7383720930232558 0.01 0.5 0.02
0 0.747093023255814 0.046 0.18604651162790697 0.044
0 0.27906976744186046 0.13 0.0872093023255814 0.028
0 0.7151162790697675 0.14 0.3313953488372093 0.044
0 0.44476744186046513 0.366 0.16279069767441862 0.08
0 0.5203488372093024 0.474 0.5523255813953488 0.064
0 0.5319767441860465 0.516 0.7267441860465116 0.06
0 0.5087209302325582 0.56 0.5523255813953488 0.06
0 0.5523255813953488 0.61 0.7674418604651163 0.064
0 0.4796511627906977 0.65 0.4883720930232558 0.06
0 0.5290697674418605 0.698 0.7325581395348837 0.064
0 0.5930232558139535 0.742 0.7209302325581395 0.064
0 0.5784883720930233 0.782 0.8313953488372093 0.068
0 0.561046511627907 0.832 0.6686046511627907 0.064
0 0.5406976744186046 0.878 0.7674418604651163 0.068
0 0.813953488372093 0.974 0.09302325581395349 0.024