0 0.2296099290780142 0.13797169811320756 0.33865248226950356 0.07311320754716981
0 0.24379432624113476 0.18396226415094338 0.34574468085106386 0.07075471698113207
0 0.12943262411347517 0.22169811320754718 0.12056737588652482 0.0660377358490566
0 0.2296099290780142 0.30424528301886794 0.3546099290780142 0.0660377358490566
0 0.21719858156028368 0.3561320754716981 0.3333333333333333 0.08018867924528301
0 0.18173758865248227 0.39622641509433965 0.25886524822695034 0.07075471698113207
0 0.14184397163120568 0.4375 0.17198581560283688 0.07075471698113207
0 0.21631205673758866 0.5330188679245284 0.34574468085106386 0.07783018867924528
0 0.22606382978723405 0.5884433962264151 0.3829787234042553 0.08490566037735849
0 0.20567375886524822 0.6379716981132075 0.3333333333333333 0.08490566037735849
0 0.21187943262411346 0.6863207547169812 0.34929078014184395 0.08726415094339622
0 0.22074468085106383 0.7358490566037735 0.3617021276595745 0.08490566037735849
0 0.17464539007092197 0.7794811320754716 0.26595744680851063 0.08726415094339622
0 0.07535460992907801 0.8844339622641509 0.13652482269503546 0.07783018867924528
0 0.06826241134751773 0.9469339622641509 0.09042553191489362 0.04716981132075472
0 0.40691489361702127 0.9481132075471698 0.10638297872340426 0.049528301886792456
0 0.41312056737588654 0.8962264150943396 0.047872340425531915 0.04716981132075472
0 0.4973404255319149 0.1792452830188679 0.040780141843971635 0.04716981132075472
0 0.6657801418439716 0.16745283018867924 0.36524822695035464 0.17452830188679244
0 0.6595744680851063 0.2099056603773585 0.3351063829787234 0.16745283018867924
0 0.6356382978723404 0.2511792452830189 0.26595744680851063 0.13679245283018868
0 0.6826241134751773 0.29245283018867924 0.3829787234042553 0.17452830188679244
0 0.6604609929078015 0.3278301886792453 0.33156028368794327 0.1650943396226415
0 0.6569148936170213 0.36792452830188677 0.25177304964539005 0.125
0 0.7136524822695035 0.4528301886792453 0.42021276595744683 0.19103773584905662
0 0.724290780141844 0.49292452830188677 0.40070921985815605 0.16981132075471697
0 0.7420212765957447 0.5412735849056604 0.42021276595744683 0.1721698113207547
0 0.724290780141844 0.5919811320754716 0.38120567375886527 0.16273584905660377