0 0.1492705882352941 0.07042 0.1567294117647059 0.07304000000000001
0 0.2706588235294118 0.2067 0.3932470588235294 0.07246
0 0.49574117647058824 0.2811 0.8841882352941176 0.06766
0 0.45651764705882353 0.35084 0.7869411764705883 0.0855
0 0.4363058823529412 0.41512 0.7495999999999999 0.0583
0 0.25435294117647056 0.48566000000000004 0.3731764705882353 0.05854
0 0.4300235294117647 0.5514 0.762164705882353 0.08974
0 0.49416470588235295 0.61688 0.8747764705882353 0.07343999999999999
0 0.25058823529411767 0.68208 0.37821176470588236 0.06304
0 0.3556705882352941 0.75076 0.5570117647058823 0.07236
0 0.44931764705882354 0.8257000000000001 0.7913411764705882 0.0878
0 0.6432 0.88836 0.43870588235294117 0.07446