0 0.21354166666666666 0.05393835616438356 0.225 0.02226027397260274
0 0.759375 0.0547945205479452 0.10625 0.023972602739726026
0 0.45625 0.1035958904109589 0.70625 0.02054794520547945
0 0.45729166666666665 0.12157534246575342 0.70625 0.018835616438356163
0 0.45625 0.13955479452054795 0.7083333333333334 0.017123287671232876
0 0.4583333333333333 0.1541095890410959 0.7083333333333334 0.02054794520547945
0 0.3375 0.17123287671232876 0.47708333333333336 0.018835616438356163
0 0.42916666666666664 0.22602739726027396 0.6625 0.06678082191780822
0 0.428125 0.2833904109589041 0.6854166666666667 0.0684931506849315
0 0.44166666666666665 0.3373287671232877 0.7104166666666667 0.06164383561643835
0 0.41458333333333336 0.4006849315068493 0.6541666666666667 0.06506849315068493
0 0.45 0.461472602739726 0.7354166666666667 0.06506849315068493
0 0.3770833333333333 0.5179794520547946 0.6104166666666667 0.06506849315068493
0 0.44375 0.5779109589041096 0.7104166666666667 0.07191780821917808
0 0.421875 0.6318493150684932 0.6875 0.06506849315068493
0 0.403125 0.6875 0.6416666666666667 0.05136986301369863
0 0.25 0.7457191780821918 0.32708333333333334 0.07191780821917808
0 0.13229166666666667 0.898972602739726 0.06875 0.02054794520547945
0 0.325 0.952054794520548 0.30833333333333335 0.0821917808219178