0 0.526595744680851 0.07142857142857142 0.8617021276595744 0.05639097744360902
0 0.4946808510638298 0.09962406015037593 0.8085106382978723 0.05263157894736842
0 0.5053191489361702 0.13157894736842105 0.824468085106383 0.05639097744360902
0 0.48138297872340424 0.15789473684210525 0.7978723404255319 0.05263157894736842
0 0.47074468085106386 0.18421052631578946 0.7446808510638298 0.045112781954887216
0 0.5159574468085106 0.212406015037594 0.8404255319148937 0.04887218045112782
0 0.5132978723404256 0.2387218045112782 0.8404255319148937 0.05639097744360902
0 0.48404255319148937 0.2669172932330827 0.7819148936170213 0.05263157894736842
0 0.5132978723404256 0.2932330827067669 0.8563829787234043 0.05263157894736842
0 0.4946808510638298 0.32142857142857145 0.8351063829787234 0.05263157894736842
0 0.5132978723404256 0.34962406015037595 0.8404255319148937 0.05639097744360902
0 0.4521276595744681 0.37593984962406013 0.7446808510638298 0.05263157894736842
0 0.48936170212765956 0.40789473684210525 0.7925531914893617 0.06015037593984962
0 0.4654255319148936 0.4323308270676692 0.7393617021276596 0.05639097744360902
0 0.4015957446808511 0.4548872180451128 0.6329787234042553 0.041353383458646614
0 0.5106382978723404 0.4830827067669173 0.8457446808510638 0.05639097744360902
0 0.45478723404255317 0.5075187969924813 0.7340425531914894 0.05263157894736842
0 0.4734042553191489 0.5375939849624061 0.7712765957446809 0.05263157894736842
0 0.45478723404255317 0.5639097744360902 0.7659574468085106 0.04887218045112782
0 0.48404255319148937 0.5902255639097744 0.7978723404255319 0.04887218045112782
0 0.1702127659574468 0.6127819548872181 0.14893617021276595 0.03759398496240601
0 0.28191489361702127 0.6372180451127819 0.425531914893617 0.03759398496240601