0 0.11200996677740865 0.01660024906600249 0.20186046511627906 0.03320049813200498
0 0.3375581395348837 0.06542963885429638 0.6363621262458471 0.050759651307596514
0 0.4493023255813954 0.0944956413449564 0.8556976744186047 0.06112079701120797
0 0.4710963455149502 0.12536737235367373 0.886827242524917 0.07719800747198008
0 0.46694352159468444 0.15936488169364882 0.886827242524917 0.07458281444582815
0 0.4731727574750831 0.19103362391033624 0.8909800664451827 0.06729763387297634
0 0.46729235880398673 0.22632627646326278 0.8833720930232557 0.07143212951432129
0 0.4382392026578073 0.26214196762141967 0.8335548172757475 0.06829389788293898
0 0.28843853820598003 0.32987546699875464 0.5215116279069767 0.06047322540473226
0 0.5098504983388704 0.35348692403486925 0.9477076411960133 0.07240348692403487
0 0.5153820598006644 0.3846326276463263 0.9587873754152825 0.0599252801992528
0 0.5179900332225913 0.4191407222914072 0.9640033222591363 0.06250311332503113
0 0.5039700996677741 0.4557409713574097 0.9400996677740865 0.060921544209215445
0 0.4437707641196013 0.5172353673723536 0.819717607973422 0.05310087173100872
0 0.5153820598006644 0.5489041095890411 0.9421760797342194 0.05205479452054794
0 0.5039700996677741 0.5829016189290162 0.9234883720930234 0.04943960149439602
0 0.4385880398671096 0.6181942714819427 0.7719601328903655 0.04733499377334994
0 0.5036212624584717 0.6506351183063512 0.9186544850498338 0.054072229140722294
0 0.27426910299003326 0.6838480697384807 0.44745847176079734 0.04575342465753425
0 0.46694352159468444 0.7474346201743463 0.8619102990033223 0.056612702366127025
0 0.2932890365448505 0.7736488169364881 0.4813621262458471 0.03220423412204234
0 0.5095016611295682 0.813947696139477 0.9179568106312292 0.05712328767123288
0 0.4973920265780731 0.8433499377334994 0.8812790697674419 0.045342465753424654
0 0.5022425249169435 0.8770859277708593 0.9020431893687707 0.05259028642590286
0 0.5133056478405316 0.905118306351183 0.913106312292359 0.050498132004981315
0 0.498936877076412 0.9424906600249067 0.8847508305647841 0.0525653798256538
0 0.3809302325581395 0.9692154420921544 0.6653322259136212 0.05202988792029888