0 0.1369363395225464 0.08151093439363817 0.1259946949602122 0.03578528827037773
0 0.40119363395225466 0.08946322067594434 0.1240053050397878 0.030815109343936383
0 0.656498673740053 0.09542743538767395 0.126657824933687 0.032803180914512925
0 0.9137931034482759 0.10288270377733598 0.1259946949602122 0.03180914512922465
0 0.1240053050397878 0.9751491053677932 0.126657824933687 0.0268389662027833
0 0.3885941644562334 0.9786282306163022 0.1253315649867374 0.030815109343936383
0 0.6402519893899205 0.9860834990059643 0.1226790450928382 0.027833001988071572
0 0.8995358090185677 0.9895626242544732 0.126657824933687 0.020874751491053677
0 0.5122679045092838 0.27286282306163023 0.8978779840848806 0.20178926441351888
0 0.5494031830238727 0.5089463220675944 0.8209549071618037 0.25745526838966204
0 0.5344827586206896 0.7793240556660039 0.7844827586206896 0.2783300198807157