0 0.8073529411764706 0.011904761904761904 0.34705882352941175 0.020146520146520148
0 0.5338235294117647 0.06043956043956044 0.4176470588235294 0.05860805860805861
0 0.5161764705882353 0.10805860805860806 0.21764705882352942 0.038461538461538464
0 0.5161764705882353 0.15567765567765568 0.8676470588235294 0.0641025641025641
0 0.5191176470588236 0.21794871794871795 0.3558823529411765 0.047619047619047616
0 0.5058823529411764 0.36904761904761907 0.8176470588235294 0.06776556776556776
0 0.5102941176470588 0.42032967032967034 0.8352941176470589 0.06593406593406594
0 0.5205882352941177 0.4652014652014652 0.8647058823529412 0.054945054945054944
0 0.5058823529411764 0.5228937728937729 0.8441176470588235 0.06776556776556776
0 0.16470588235294117 0.5540293040293041 0.15588235294117647 0.04212454212454213
0 0.5161764705882353 0.7078754578754579 0.861764705882353 0.05860805860805861
0 0.5161764705882353 0.7518315018315018 0.8676470588235294 0.056776556776556776
0 0.48823529411764705 0.7967032967032966 0.8235294117647058 0.06227106227106227
0 0.4661764705882353 0.8415750915750916 0.7970588235294118 0.05860805860805861
0 0.22058823529411764 0.8763736263736264 0.3058823529411765 0.04212454212454213
0 0.5014705882352941 0.9194139194139194 0.052941176470588235 0.02564102564102564
0 0.07794117647058824 0.9789377289377289 0.08529411764705883 0.020146520146520148
0 0.9411764705882353 0.9862637362637363 0.03823529411764706 0.018315018315018316