0 0.4077868852459016 0.027292576419213975 0.46584699453551914 0.05458515283842795
0 0.5170765027322405 0.07969432314410481 0.569672131147541 0.1222707423580786
0 0.4405737704918033 0.16812227074235808 0.3046448087431694 0.1222707423580786
0 0.5806010928961749 0.2762008733624454 0.8306010928961749 0.1572052401746725
0 0.549863387978142 0.3799126637554585 0.8975409836065574 0.13755458515283842
0 0.5300546448087432 0.48580786026200873 0.860655737704918 0.14192139737991266
0 0.5457650273224044 0.5873362445414847 0.9002732240437158 0.14847161572052403
0 0.5293715846994536 0.6932314410480349 0.8743169398907104 0.13755458515283842
0 0.5293715846994536 0.7980349344978166 0.8743169398907104 0.1331877729257642
0 0.5184426229508197 0.9082969432314411 0.8620218579234973 0.12663755458515283
0 0.5314207650273224 0.980349344978166 0.8142076502732241 0.039301310043668124