0 0.3912175648702595 0.03089080459770115 0.3592814371257485 0.0617816091954023
0 0.1781437125748503 0.07543103448275862 0.08582834331337326 0.05316091954022988
0 0.3458083832335329 0.9482758620689655 0.5159680638722555 0.07183908045977011
0 0.468063872255489 0.9058908045977011 0.7375249500998003 0.09626436781609195
0 0.19311377245508982 0.8369252873563219 0.21357285429141717 0.07183908045977011
0 0.49600798403193613 0.7801724137931034 0.8303393213572854 0.10632183908045977
0 0.49101796407185627 0.7198275862068966 0.7385229540918163 0.10488505747126436
0 0.6726546906187625 0.6580459770114943 0.4660678642714571 0.08620689655172414
0 0.48003992015968067 0.6048850574712644 0.7485029940119761 0.11781609195402298
0 0.5144710578842315 0.5524425287356322 0.8213572854291418 0.10632183908045977
0 0.5299401197604791 0.4964080459770115 0.7874251497005988 0.11781609195402298
0 0.18063872255489022 0.44037356321839083 0.13373253493013973 0.0603448275862069
0 0.5044910179640718 0.3714080459770115 0.783433133732535 0.11925287356321838
0 0.17115768463073852 0.34339080459770116 0.08183632734530938 0.05028735632183908
0 0.530938123752495 0.11781609195402298 0.7465069860279441 0.12643678160919541
0 0.5069860279441117 0.16738505747126436 0.7654690618762475 0.1235632183908046
0 0.5254491017964071 0.22844827586206898 0.8033932135728543 0.1221264367816092
0 0.4595808383233533 0.2765804597701149 0.6716566866267465 0.11494252873563218