0 0.5044609375 0.11775488069414317 0.6919609375 0.0650759219088937
0 0.3465390625 0.16734273318872017 0.447546875 0.0650759219088937
0 0.525109375 0.20994577006507592 0.7332578125 0.07592190889370933
0 0.51171875 0.2510086767895879 0.786828125 0.07437093275488069
0 0.5145078125 0.29129067245119306 0.796875 0.06817787418655098
0 0.5122734375 0.32848156182212584 0.7901796875 0.06197396963123644
0 0.5083671875 0.3734164859002169 0.791296875 0.08057483731019524
0 0.48939843749999995 0.41059652928416485 0.755578125 0.07747288503253796
0 0.212609375 0.4694793926247289 0.1997734375 0.05888286334056399
0 0.53125 0.5066594360086768 0.7299140625 0.07747288503253796
0 0.506140625 0.5430694143167027 0.7801328125 0.07592190889370933
0 0.5167421875 0.5818112798264642 0.8102656250000001 0.07902386117136659
0 0.5463203125 0.6205422993492408 0.8671875 0.07902386117136659
0 0.37890625 0.7212581344902386 0.322546875 0.05422993492407809
0 0.7315859375 0.6894902386117137 0.0903984375 0.05267895878524946
0 0.7377265625 0.7476030368763558 0.10714062499999999 0.057331887201735356
0 0.8102656250000001 0.8087960954446856 0.0669609375 0.03408893709327549