0 0.4248417721518987 0.13189655172413794 0.3528481012658228 0.06551724137931035
0 0.2927215189873418 0.17586206896551723 0.0949367088607595 0.04827586206896552
0 0.39082278481012656 0.20948275862068966 0.3022151898734177 0.06206896551724138
0 0.48575949367088606 0.2396551724137931 0.4651898734177215 0.07413793103448275
0 0.47468354430379744 0.3017241379310345 0.2974683544303797 0.07586206896551724
0 0.4675632911392405 0.3543103448275862 0.08227848101265822 0.04482758620689655
0 0.4177215189873418 0.3956896551724138 0.2120253164556962 0.04827586206896552
0 0.4240506329113924 0.43189655172413793 0.1629746835443038 0.04655172413793104
0 0.4802215189873418 0.4672413793103448 0.20569620253164558 0.04827586206896552
0 0.5181962025316456 0.5060344827586207 0.19936708860759494 0.04655172413793104
0 0.4153481012658228 0.5853448275862069 0.19462025316455697 0.04827586206896552
0 0.4596518987341772 0.625 0.21044303797468356 0.05517241379310345
0 0.49920886075949367 0.6637931034482759 0.22468354430379747 0.05172413793103448
0 0.5561708860759493 0.696551724137931 0.2468354430379747 0.04310344827586207
0 0.5783227848101266 0.7413793103448276 0.17246835443037975 0.05517241379310345
0 0.6526898734177216 0.8931034482758621 0.06329113924050633 0.022413793103448276
0 0.3694620253164557 0.9 0.19778481012658228 0.02586206896551724
0 0.2911392405063291 0.8568965517241379 0.10759493670886076 0.022413793103448276
0 0.3037974683544304 0.8793103448275862 0.12341772151898735 0.02413793103448276