0 0.5192424242424243 0.05235602094240838 0.7796590909090909 0.08727748691099477
0 0.49556818181818185 0.11272251308900524 0.9575 0.08287958115183246
0 0.5055681818181819 0.16722513089005236 0.9690530303030304 0.08146596858638744
0 0.47295454545454546 0.2268586387434555 0.9038257575757577 0.07853403141361257
0 0.5008333333333334 0.2806806282722513 0.9532954545454545 0.07560209424083769
0 0.47087121212121213 0.32141361256544504 0.8870075757575757 0.0494240837696335
0 0.42454545454545456 0.3904712041884817 0.8007196969696969 0.07706806282722513
0 0.5597727272727273 0.4472251308900524 0.8459469696969697 0.08287958115183246
0 0.1346969696969697 0.48722513089005237 0.21886363636363637 0.05528795811518325
0 0.5639772727272727 0.5417277486910995 0.8459469696969697 0.056701570680628276
0 0.5145075757575758 0.6173821989528796 0.9553787878787878 0.08581151832460733
0 0.2614772727272727 0.6704712041884817 0.44928030303030303 0.06979057591623036
0 0.5560984848484849 0.7176963350785341 0.8028030303030302 0.0886910994764398
0 0.14731060606060606 0.7795287958115182 0.2378030303030303 0.07853403141361257
0 0.5545075757575757 0.8820418848167539 0.8059848484848485 0.10036649214659686
0 0.12522727272727274 0.9438743455497383 0.1346969696969697 0.07560209424083769