0 0.06986531986531987 0.21962616822429906 0.020202020202020204 0.03271028037383177
0 0.08417508417508418 0.3726635514018692 0.02861952861952862 0.037383177570093455
0 0.08922558922558922 0.5595794392523364 0.02861952861952862 0.04205607476635514
0 0.0867003367003367 0.7523364485981309 0.04377104377104377 0.04906542056074766
0 0.5016835016835017 0.22897196261682243 0.7289562289562289 0.05841121495327103
0 0.3367003367003367 0.2780373831775701 0.398989898989899 0.0514018691588785
0 0.5420875420875421 0.375 0.8181818181818182 0.06074766355140187
0 0.5420875420875421 0.4287383177570093 0.8232323232323232 0.0630841121495327
0 0.4015151515151515 0.47546728971962615 0.5387205387205387 0.0514018691588785
0 0.5294612794612794 0.5712616822429907 0.7912457912457912 0.05841121495327103
0 0.563973063973064 0.625 0.8602693602693603 0.06775700934579439
0 0.42845117845117847 0.6705607476635514 0.5925925925925926 0.056074766355140186
0 0.5303030303030303 0.7710280373831776 0.803030303030303 0.07242990654205607
0 0.5260942760942761 0.8177570093457944 0.8097643097643098 0.07009345794392523
0 0.5328282828282829 0.8644859813084113 0.8080808080808081 0.07009345794392523
0 0.3442760942760943 0.9135514018691588 0.43097643097643096 0.056074766355140186