0 0.08754863813229571 0.03664921465968586 0.04669260700389105 0.017015706806282723
0 0.23638132295719844 0.04384816753926701 0.03501945525291829 0.017015706806282723
0 0.607976653696498 0.0274869109947644 0.08560311284046693 0.01963350785340314
0 0.26848249027237353 0.06806282722513089 0.3540856031128405 0.03534031413612566
0 0.2694552529182879 0.09096858638743456 0.26848249027237353 0.031413612565445025
0 0.2607003891050584 0.13743455497382198 0.3657587548638132 0.03664921465968586
0 0.3122568093385214 0.16230366492146597 0.490272373540856 0.03534031413612566
0 0.2928015564202335 0.18390052356020942 0.3443579766536965 0.031413612565445025
0 0.26653696498054474 0.2107329842931937 0.38910505836575876 0.03664921465968586
0 0.3132295719844358 0.2349476439790576 0.39299610894941633 0.03534031413612566
0 0.2538910505836576 0.25719895287958117 0.4708171206225681 0.03926701570680628
0 0.2898832684824903 0.2846858638743455 0.3346303501945525 0.030104712041884817
0 0.28891050583657585 0.3102094240837696 0.33852140077821014 0.03534031413612566
0 0.7996108949416343 0.9365183246073299 0.09727626459143969 0.02617801047120419
0 0.9640077821011673 0.02617801047120419 0.07198443579766536 0.04450261780104712
0 0.9844357976653697 0.10405759162303665 0.0311284046692607 0.04581151832460733
0 0.97568093385214 0.18586387434554974 0.048638132295719845 0.0549738219895288