0 0.49324324324324326 0.028072033898305086 0.8903903903903904 0.05614406779661017
0 0.48123123123123124 0.06408898305084745 0.8648648648648649 0.07627118644067797
0 0.20270270270270271 0.10328389830508475 0.31681681681681684 0.0635593220338983
0 0.45795795795795796 0.15466101694915255 0.8393393393393394 0.07521186440677965
0 0.4294294294294294 0.2007415254237288 0.7702702702702703 0.06991525423728813
0 0.4894894894894895 0.2489406779661017 0.8918918918918919 0.07838983050847458
0 0.08483483483483484 0.2876059322033898 0.11561561561561562 0.06779661016949153
0 0.481981981981982 0.3331567796610169 0.8888888888888888 0.059322033898305086
0 0.2552552552552553 0.3877118644067797 0.45345345345345345 0.06673728813559322
0 0.5165165165165165 0.4401483050847458 0.9384384384384384 0.07521186440677965
0 0.4797297297297297 0.4856991525423729 0.9099099099099099 0.08050847457627118
0 0.45570570570570573 0.5360169491525424 0.8693693693693694 0.08050847457627118
0 0.19369369369369369 0.5810381355932204 0.35585585585585583 0.07627118644067797
0 0.4376876876876877 0.6334745762711864 0.7912912912912913 0.07733050847457627
0 0.4692192192192192 0.6763771186440678 0.9159159159159159 0.0847457627118644
0 0.43093093093093093 0.7309322033898306 0.8348348348348348 0.07733050847457627
0 0.2222222222222222 0.7680084745762712 0.4219219219219219 0.05402542372881356
0 0.45570570570570573 0.8289194915254238 0.8933933933933934 0.07944915254237288
0 0.44894894894894893 0.8755296610169492 0.8843843843843844 0.07309322033898305
0 0.46321321321321324 0.9316737288135594 0.9234234234234234 0.0815677966101695
0 0.21246246246246248 0.9846398305084746 0.3708708708708709 0.02754237288135593