0 0.06886138613861387 0.09951807228915663 0.07316831683168316 0.034939759036144574
0 0.4326237623762376 0.0916867469879518 0.4046534653465346 0.061124497991967876
0 0.8491089108910892 0.0934136546184739 0.10975247524752477 0.03666666666666667
0 0.7005940594059407 0.10389558232931727 0.08396039603960397 0.03317269076305221
0 0.7070792079207922 0.13096385542168673 0.12267326732673269 0.034939759036144574
0 0.7081188118811881 0.1527710843373494 0.060247524752475246 0.02618473895582329
0 0.40143564356435646 0.142289156626506 0.43693069306930693 0.061124497991967876
0 0.4864356435643565 0.20080321285140562 0.8093069306930692 0.0593574297188755
0 0.46707920792079205 0.23397590361445783 0.7447029702970297 0.04188755020080321
0 0.48752475247524757 0.26192771084337346 0.7899504950495049 0.045381526104417674
0 0.4789108910891089 0.2942168674698795 0.7598019801980197 0.04365461847389558
0 0.5014851485148515 0.3221686746987952 0.8136138613861386 0.05413654618473896
0 0.3067326732673267 0.35357429718875505 0.4197029702970297 0.04365461847389558
0 0.31103960396039604 0.40859437751004013 0.3896039603960396 0.05236947791164658
0 0.4886138613861386 0.4644578313253012 0.6973762376237624 0.05236947791164658
0 0.5111881188118812 0.49939759036144576 0.6737128712871288 0.045381526104417674
0 0.5262376237623763 0.5246987951807229 0.6823267326732674 0.04714859437751004
0 0.5004455445544554 0.5526506024096386 0.6435643564356436 0.040160642570281124
0 0.5090594059405941 0.5823293172690763 0.6521782178217822 0.04365461847389558
0 0.507970297029703 0.6155020080321285 0.6586138613861385 0.05413654618473896
0 0.5111881188118812 0.6434538152610442 0.6478712871287129 0.04714859437751004
0 0.4832178217821782 0.674859437751004 0.6091089108910891 0.04365461847389558
0 0.23678217821782177 0.705421686746988 0.11623762376237624 0.034939759036144574
0 0.31534653465346535 0.7630522088353414 0.3766831683168317 0.05236947791164658
0 0.49717821782178223 0.8180722891566264 0.6887623762376237 0.04714859437751004
0 0.30886138613861386 0.8512449799196787 0.24321782178217824 0.03666666666666667