0 0.12172774869109948 0.13636363636363635 0.14136125654450263 0.04895104895104895
0 0.13089005235602094 0.17482517482517482 0.225130890052356 0.05944055944055944
0 0.4856020942408377 0.11888111888111888 0.19633507853403143 0.05944055944055944
0 0.45157068062827227 0.16083916083916083 0.16230366492146597 0.045454545454545456
0 0.10209424083769633 0.24825174825174826 0.06544502617801047 0.045454545454545456
0 0.43586387434554974 0.23426573426573427 0.1387434554973822 0.04895104895104895
0 0.10471204188481675 0.32867132867132864 0.041884816753926704 0.06643356643356643
0 0.36780104712041883 0.2867132867132867 0.18848167539267016 0.05944055944055944
0 0.443717277486911 0.31993006993006995 0.3586387434554974 0.06293706293706294
0 0.2617801047120419 0.45104895104895104 0.09424083769633508 0.05244755244755245
0 0.32591623036649214 0.4982517482517482 0.6518324607329843 0.08741258741258741
0 0.2801047120418848 0.5804195804195804 0.10732984293193717 0.05944055944055944
0 0.337696335078534 0.6293706293706294 0.5916230366492147 0.08741258741258741
0 0.3285340314136126 0.6730769230769231 0.6518324607329843 0.08041958041958042
0 0.32722513089005234 0.7237762237762237 0.6492146596858639 0.08391608391608392
0 0.3285340314136126 0.7692307692307693 0.6492146596858639 0.08391608391608392
0 0.3298429319371728 0.8164335664335665 0.6518324607329843 0.08041958041958042
0 0.3324607329842932 0.8653846153846154 0.6544502617801047 0.08741258741258741
0 0.3180628272251309 0.9125874125874126 0.6256544502617801 0.08391608391608392
0 0.3298429319371728 0.958041958041958 0.6492146596858639 0.08391608391608392
0 0.331151832460733 0.986013986013986 0.6518324607329843 0.027972027972027972
0 0.9345549738219895 0.09965034965034965 0.12041884816753927 0.03496503496503497
0 0.8861256544502618 0.17482517482517482 0.2198952879581152 0.04195804195804196
0 0.81282722513089 0.2202797202797203 0.06806282722513089 0.03496503496503497
0 0.8835078534031413 0.27797202797202797 0.2094240837696335 0.038461538461538464
0 0.9096858638743456 0.3304195804195804 0.17539267015706805 0.038461538461538464
0 0.8704188481675392 0.38286713286713286 0.08376963350785341 0.03496503496503497
0 0.9764397905759162 0.4353146853146853 0.04450261780104712 0.03146853146853147
0 0.9267015706806283 0.47202797202797203 0.14659685863874344 0.038461538461538464
0 0.9280104712041884 0.7115384615384616 0.14397905759162305 0.038461538461538464
0 0.9594240837696335 0.7674825174825175 0.08115183246073299 0.038461538461538464
0 0.9293193717277487 0.8024475524475524 0.14136125654450263 0.038461538461538464
0 0.975130890052356 0.8601398601398601 0.049738219895287955 0.04195804195804196
0 0.900523560209424 0.8933566433566433 0.07591623036649214 0.038461538461538464
0 0.9293193717277487 0.9213286713286714 0.14136125654450263 0.038461538461538464
0 0.975130890052356 0.9755244755244755 0.049738219895287955 0.027972027972027972