0 0.10890365448504984 0.11968866749688667 0.09598006644518273 0.029053549190535488
0 0.4771096345514951 0.15774595267745953 0.8545514950166114 0.049813200498132
0 0.27408637873754155 0.1909464508094645 0.38574750830564786 0.04150684931506849
0 0.43373754152823923 0.24145703611457034 0.7604318936877076 0.04843088418430884
0 0.48172757475083056 0.27327521793275217 0.8637873754152824 0.05396014943960149
0 0.5057142857142857 0.309252801992528 0.8564119601328902 0.04843088418430884
0 0.5094186046511628 0.34454545454545454 0.8564119601328902 0.049813200498132
0 0.5158803986710964 0.3791282689912827 0.8693189368770765 0.044283935242839356
0 0.5121760797342192 0.4137235367372354 0.8434883720930232 0.049813200498132
0 0.4937209302325582 0.4524657534246575 0.806578073089701 0.04704856787048568
0 0.29438538205980064 0.4815317559153176 0.400514950166113 0.05811955168119552
0 0.5269435215946844 0.523038605230386 0.8508637873754153 0.049813200498132
0 0.5232558139534884 0.5687048567870486 0.8471760797342193 0.055342465753424656
0 0.5057142857142857 0.6060647571606476 0.819485049833887 0.05257783312577833
0 0.5103322259136213 0.6427272727272727 0.8434883720930232 0.05673723536737236
0 0.5167940199335549 0.684931506849315 0.8674750830564785 0.06641344956413449
0 0.4568106312292359 0.7250560398505604 0.7475083056478405 0.06088418430884184