0 0.4861111111111111 0.14038461538461539 0.7277777777777777 0.05384615384615385
0 0.4777777777777778 0.18653846153846154 0.7333333333333333 0.057692307692307696
0 0.5055555555555555 0.22884615384615384 0.7777777777777778 0.05384615384615385
0 0.49722222222222223 0.275 0.7833333333333333 0.05384615384615385
0 0.45555555555555555 0.3153846153846154 0.7 0.046153846153846156
0 0.4861111111111111 0.40384615384615385 0.75 0.057692307692307696
0 0.4305555555555556 0.3596153846153846 0.6555555555555556 0.05384615384615385
0 0.49166666666666664 0.4403846153846154 0.7777777777777778 0.046153846153846156
0 0.4722222222222222 0.48846153846153845 0.7277777777777777 0.057692307692307696
0 0.48055555555555557 0.5326923076923077 0.75 0.05384615384615385
0 0.46944444444444444 0.573076923076923 0.7277777777777777 0.057692307692307696
0 0.46944444444444444 0.6192307692307693 0.7222222222222222 0.05384615384615385
0 0.49444444444444446 0.6615384615384615 0.7666666666666667 0.05384615384615385
0 0.4583333333333333 0.698076923076923 0.7111111111111111 0.04230769230769231