0 0.09475806451612903 0.06534090909090909 0.13978494623655913 0.05113636363636364
0 0.16196236559139784 0.8622159090909091 0.11424731182795698 0.03977272727272727
0 0.15524193548387097 0.9801136363636364 0.09005376344086022 0.03977272727272727
0 0.5557795698924731 0.045454545454545456 0.6626344086021505 0.06676136363636363
0 0.5477150537634409 0.08806818181818182 0.6491935483870968 0.07528409090909091
0 0.45698924731182794 0.1278409090909091 0.45026881720430106 0.06534090909090909
0 0.29368279569892475 0.17613636363636365 0.11559139784946236 0.05823863636363636
0 0.519489247311828 0.15696022727272727 0.2056451612903226 0.05397727272727273
0 0.5315860215053764 0.1981534090909091 0.22849462365591397 0.06392045454545454
0 0.46841397849462363 0.23508522727272727 0.0846774193548387 0.04261363636363636
0 0.4852150537634409 0.27982954545454547 0.11559139784946236 0.056818181818181816
0 0.3272849462365591 0.3196022727272727 0.15188172043010753 0.04403409090909091
0 0.36693548387096775 0.36079545454545453 0.22849462365591397 0.05823863636363636
0 0.7278225806451613 0.34232954545454547 0.28225806451612906 0.05539772727272727
0 0.39448924731182794 0.39488636363636365 0.2916666666666667 0.061079545454545456
0 0.6129032258064516 0.3856534090909091 0.05241935483870968 0.04403409090909091
0 0.7399193548387096 0.37642045454545453 0.09543010752688172 0.03977272727272727
0 0.8044354838709677 0.4083806818181818 0.08736559139784947 0.02556818181818182
0 0.7486559139784946 0.6711647727272727 0.25 0.03977272727272727
0 0.5168010752688172 0.7407670454545454 0.5 0.07244318181818182
0 0.5342741935483871 0.8174715909090909 0.5510752688172043 0.07386363636363637
0 0.5860215053763441 0.8508522727272727 0.6290322580645161 0.06818181818181818
0 0.592741935483871 0.8913352272727273 0.6505376344086021 0.07386363636363637
0 0.6129032258064516 0.9609375 0.6854838709677419 0.078125
0 0.4321236559139785 0.9886363636363636 0.2970430107526882 0.022727272727272728