0 0.8782552083333334 0.06201171875 0.031901041666666664 0.01806640625
0 0.88671875 0.08349609375 0.044270833333333336 0.0166015625
0 0.5377604166666666 0.15185546875 0.7291666666666666 0.056640625
0 0.5013020833333334 0.18798828125 0.845703125 0.07470703125
0 0.48046875 0.2119140625 0.814453125 0.06103515625
0 0.4915364583333333 0.2529296875 0.8489583333333334 0.06591796875
0 0.4837239583333333 0.28564453125 0.8430989583333334 0.06787109375
0 0.49609375 0.3232421875 0.876953125 0.06884765625
0 0.4954427083333333 0.35498046875 0.888671875 0.0615234375
0 0.4739583333333333 0.40185546875 0.86328125 0.064453125
0 0.298828125 0.43359375 0.50390625 0.0537109375
0 0.5266927083333334 0.46728515625 0.8033854166666666 0.04248046875
0 0.4889322916666667 0.51708984375 0.9016927083333334 0.064453125
0 0.478515625 0.55029296875 0.8815104166666666 0.03955078125
0 0.4700520833333333 0.59814453125 0.8697916666666666 0.0546875
0 0.4309895833333333 0.63232421875 0.7057291666666666 0.04931640625