0 0.35904255319148937 0.036 0.5797872340425532 0.072
0 0.7712765957446809 0.01 0.07446808510638298 0.02
0 0.7686170212765957 0.03 0.10638297872340426 0.028
0 0.7712765957446809 0.046 0.05319148936170213 0.024
0 0.4228723404255319 0.092 0.6861702127659575 0.056
0 0.34574468085106386 0.126 0.5212765957446809 0.048
0 0.44148936170212766 0.178 0.601063829787234 0.064
0 0.4441489361702128 0.234 0.5957446808510638 0.056
0 0.4574468085106383 0.27 0.48404255319148937 0.052
0 0.4441489361702128 0.316 0.723404255319149 0.056
0 0.43617021276595747 0.356 0.7127659574468085 0.04
0 0.43351063829787234 0.382 0.7021276595744681 0.048
0 0.44148936170212766 0.412 0.7340425531914894 0.048
0 0.45478723404255317 0.466 0.6542553191489362 0.06
0 0.29521276595744683 0.498 0.21808510638297873 0.04
0 0.40691489361702127 0.554 0.5904255319148937 0.06
0 0.4654255319148936 0.612 0.6968085106382979 0.06
0 0.4122340425531915 0.674 0.5957446808510638 0.076
0 0.43351063829787234 0.754 0.7021276595744681 0.048
0 0.3271276595744681 0.788 0.48404255319148937 0.048
0 0.44148936170212766 0.844 0.6542553191489362 0.052
0 0.4521276595744681 0.906 0.6861702127659575 0.068