0 0.49324324324324326 0.08164556962025317 0.6858108108108109 0.14936708860759493
0 0.16216216216216217 0.1759493670886076 0.22466216216216217 0.04810126582278481
0 0.6731418918918919 0.11392405063291139 0.21283783783783783 0.02911392405063291
0 0.19172297297297297 0.19936708860759494 0.2635135135135135 0.03670886075949367
0 0.5320945945945946 0.22468354430379747 0.8952702702702703 0.07088607594936709
0 0.36739864864864863 0.2620253164556962 0.6300675675675675 0.05822784810126582
0 0.2179054054054054 0.2974683544303797 0.25844594594594594 0.05443037974683544
0 0.2905405405405405 0.3227848101265823 0.4172297297297297 0.049367088607594936
0 0.12246621621621621 0.36075949367088606 0.15878378378378377 0.039240506329113925
0 0.44256756756756754 0.3930379746835443 0.7820945945945946 0.0670886075949367
0 0.5228040540540541 0.4215189873417722 0.9527027027027027 0.08354430379746836
0 0.20692567567567569 0.4620253164556962 0.3293918918918919 0.04556962025316456
0 0.5118243243243243 0.4930379746835443 0.9341216216216216 0.0810126582278481
0 0.5194256756756757 0.5278481012658228 0.9459459459459459 0.0949367088607595
0 0.24408783783783783 0.5734177215189873 0.39864864864864863 0.06455696202531645
0 0.1545608108108108 0.6145569620253165 0.23817567567567569 0.05189873417721519
0 0.4822635135135135 0.6417721518987342 0.8766891891891891 0.08481012658227848
0 0.5236486486486487 0.6727848101265823 0.9527027027027027 0.0949367088607595
0 0.5219594594594594 0.7082278481012658 0.956081081081081 0.1
0 0.19172297297297297 0.7715189873417722 0.30405405405405406 0.06962025316455696
0 0.21283783783783783 0.8037974683544303 0.33783783783783783 0.053164556962025315
0 0.2533783783783784 0.8487341772151898 0.42736486486486486 0.0620253164556962
0 0.5194256756756757 0.8721518987341772 0.9611486486486487 0.12151898734177215
0 0.28631756756756754 0.9348101265822785 0.5084459459459459 0.07848101265822785
0 0.512668918918919 0.9474683544303798 0.9746621621621622 0.10506329113924051
0 0.6630067567567568 0.9740506329113924 0.6739864864864865 0.05189873417721519