0 0.49318181818181817 0.03424657534246575 0.9840909090909091 0.06678082191780822
0 0.44772727272727275 0.1053082191780822 0.8931818181818182 0.06506849315068493
0 0.47613636363636364 0.1720890410958904 0.9522727272727273 0.0702054794520548
0 0.4420454545454545 0.2422945205479452 0.884090909090909 0.06335616438356165
0 0.4909090909090909 0.3133561643835616 0.9818181818181818 0.07191780821917808
0 0.44431818181818183 0.3844178082191781 0.8886363636363637 0.0702054794520548
0 0.4784090909090909 0.4529109589041096 0.9568181818181818 0.0702054794520548
0 0.4602272727272727 0.5256849315068494 0.9181818181818182 0.06506849315068493
0 0.42272727272727273 0.5907534246575342 0.8454545454545455 0.07191780821917808
0 0.49318181818181817 0.663527397260274 0.9863636363636363 0.0702054794520548
0 0.4784090909090909 0.7337328767123288 0.9568181818181818 0.06678082191780822
0 0.4681818181818182 0.8013698630136986 0.9363636363636364 0.0684931506849315
0 0.4863636363636364 0.8698630136986302 0.9727272727272728 0.07191780821917808
0 0.4068181818181818 0.9392123287671232 0.8136363636363636 0.0702054794520548
0 0.18863636363636363 0.9888698630136986 0.37727272727272726 0.02226027397260274