0 0.4906832298136646 0.05712890625 0.5859213250517599 0.0625
0 0.4996549344375431 0.09619140625 0.4389233954451346 0.046875
0 0.48378191856452724 0.14404296875 0.30986887508626637 0.04833984375
0 0.8322981366459627 0.11962890625 0.16908212560386474 0.0283203125
0 0.8350586611456177 0.09814453125 0.178743961352657 0.0224609375
0 0.8219461697722568 0.14111328125 0.11249137336093858 0.0224609375
0 0.8350586611456177 0.1630859375 0.23947550034506557 0.03515625
0 0.44651483781918566 0.1904296875 0.6266390614216701 0.0439453125
0 0.5148378191856453 0.2265625 0.759144237405107 0.0595703125
0 0.5044858523119393 0.2646484375 0.7391304347826086 0.046875
0 0.5148378191856453 0.29931640625 0.7715665976535542 0.0537109375
0 0.5031055900621118 0.3349609375 0.7474120082815735 0.0537109375
0 0.27674258109040717 0.3779296875 0.2919254658385093 0.03955078125
0 0.5120772946859904 0.40283203125 0.7536231884057971 0.052734375
0 0.549344375431332 0.44677734375 0.8481711525189786 0.041015625
0 0.8764665286404417 0.4619140625 0.1932367149758454 0.025390625
0 0.5058661145617668 0.48779296875 0.7412008281573499 0.03955078125
0 0.515527950310559 0.52392578125 0.7694962042788129 0.0439453125
0 0.37060041407867494 0.55517578125 0.4830917874396135 0.041015625
0 0.5010351966873706 0.58935546875 0.7550034506556246 0.041015625
0 0.5100069013112492 0.62939453125 0.7736369910282954 0.0498046875
0 0.4996549344375431 0.666015625 0.7570738440303658 0.04541015625
0 0.5065562456866805 0.70556640625 0.7715665976535542 0.04248046875
0 0.5127674258109041 0.7451171875 0.7874396135265701 0.041015625
0 0.4975845410628019 0.78271484375 0.7612146307798482 0.04541015625
0 0.5210489993098689 0.82568359375 0.7998619737750172 0.03955078125
0 0.5106970324361628 0.86279296875 0.7957211870255348 0.0341796875
0 0.4209799861973775 0.8955078125 0.6245686680469289 0.04248046875
0 0.6507936507936508 0.923828125 0.2939958592132505 0.03662109375
0 0.6438923395445134 0.953125 0.11870255348516218 0.041015625
0 0.6783988957902002 0.97998046875 0.24775707384403037 0.03271484375