0 0.6092150170648464 0.16936046511627906 0.013651877133105802 0.036337209302325583
0 0.6373720136518771 0.17151162790697674 0.017064846416382253 0.02616279069767442
0 0.08276450511945392 0.0377906976744186 0.13139931740614336 0.04941860465116279
0 0.3174061433447099 0.08139534883720931 0.31569965870307165 0.13662790697674418
0 0.19112627986348124 0.17953488372093024 0.14334470989761092 0.04215116279069767
0 0.09812286689419795 0.23476744186046514 0.05802047781569966 0.08575581395348837
0 0.10283276450511945 0.3444767441860465 0.0537542662116041 0.08430232558139535
0 0.12160409556313995 0.4731395348837209 0.09982935153583618 0.12063953488372094
0 0.12245733788395906 0.5843023255813954 0.1015358361774744 0.12790697674418605
0 0.25597269624573377 0.6940697674418604 0.3703071672354949 0.12063953488372094
0 0.25853242320819114 0.7659883720930233 0.13651877133105803 0.04941860465116279
0 0.2640955631399317 0.8190697674418604 0.15443686006825938 0.04796511627906977
0 0.26068259385665526 0.873546511627907 0.14249146757679182 0.0436046511627907
0 0.21331058020477817 0.9229651162790697 0.052901023890784986 0.046511627906976744
0 0.8779863481228669 0.14901162790697675 0.14334470989761092 0.05377906976744186
0 0.8626279863481229 0.2013372093023256 0.10238907849829351 0.059593023255813955
0 0.8506825938566553 0.2543604651162791 0.08361774744027303 0.061046511627906974
0 0.880136518771331 0.4491279069767442 0.14249146757679182 0.05813953488372093
0 0.8826962457337884 0.5072674418604651 0.15784982935153583 0.055232558139534885
0 0.8826962457337884 0.5559883720930232 0.15102389078498293 0.056686046511627904
0 0.8767235494880546 0.6075581395348837 0.13737201365187712 0.05232558139534884
0 0.9082935153583618 0.8473837209302325 0.17150170648464164 0.061046511627906974
0 0.903174061433447 0.8975581395348837 0.16638225255972697 0.050872093023255814
0 0.8613651877133106 0.9556976744186046 0.08276450511945392 0.050872093023255814