0 0.5454545454545454 0.11813186813186813 0.6652892561983471 0.2032967032967033
0 0.5723140495867769 0.21978021978021978 0.2975206611570248 0.0989010989010989
0 0.45041322314049587 0.28846153846153844 0.9008264462809917 0.21428571428571427
0 0.53099173553719 0.37362637362637363 0.8099173553719008 0.07692307692307693
0 0.518595041322314 0.4258241758241758 0.7975206611570248 0.08791208791208792
0 0.53099173553719 0.46703296703296704 0.7933884297520661 0.08241758241758242
0 0.5392561983471075 0.5192307692307693 0.7851239669421488 0.08241758241758242
0 0.5413223140495868 0.5659340659340659 0.7892561983471075 0.07692307692307693
0 0.5227272727272727 0.6153846153846154 0.7520661157024794 0.08241758241758242
0 0.5268595041322314 0.6648351648351648 0.7603305785123967 0.07692307692307693
0 0.5454545454545454 0.7115384615384616 0.8140495867768595 0.08241758241758242
0 0.5702479338842975 0.7664835164835165 0.859504132231405 0.11538461538461539