0 0.5272222222222221 0.11461756373937677 0.5254629629629629 0.059716713881019824
0 0.5223148148148148 0.19150141643059487 0.8624814814814815 0.10424929178470255
0 0.4837777777777778 0.2642776203966006 0.883037037037037 0.09521246458923513
0 0.47055555555555556 0.3361189801699717 0.8582777777777778 0.09056657223796033
0 0.5197037037037037 0.4059206798866855 0.8690555555555556 0.07974504249291785
0 0.5043148148148148 0.48215297450424927 0.9308333333333333 0.08178470254957507
0 0.4882407407407407 0.5572521246458924 0.9104629629629629 0.08356940509915015
0 0.4085185185185185 0.6387535410764872 0.7628518518518519 0.08793201133144475
0 0.5304074074074074 0.7152407932011331 0.8988518518518518 0.08430594900849858
0 0.5014444444444444 0.8006232294617563 0.9486851851851851 0.09640226628895185
0 0.5032962962962962 0.8740509915014165 0.9624814814814815 0.07835694050991501
0 0.4795555555555555 0.9576203966005666 0.9251111111111111 0.08475920679886687