0 0.5023006134969326 0.0713276836158192 0.1687116564417178 0.01977401129943503
0 0.9049079754601227 0.0769774011299435 0.07822085889570553 0.01977401129943503
0 0.6809815950920245 0.11581920903954802 0.5245398773006135 0.026836158192090395
0 0.6809815950920245 0.1285310734463277 0.5245398773006135 0.025423728813559324
0 0.6809815950920245 0.1440677966101695 0.5230061349693251 0.02401129943502825
0 0.6794478527607362 0.15677966101694915 0.5260736196319018 0.025423728813559324
0 0.678680981595092 0.1694915254237288 0.5245398773006135 0.026836158192090395
0 0.5958588957055214 0.18220338983050846 0.35736196319018404 0.018361581920903956
0 0.6733128834355828 0.2309322033898305 0.5337423312883436 0.04943502824858757
0 0.6710122699386503 0.2768361581920904 0.5368098159509203 0.052259887005649715
0 0.6480061349693251 0.327683615819209 0.48773006134969327 0.052259887005649715
0 0.6717791411042945 0.3757062146892655 0.5383435582822086 0.05508474576271186
0 0.674079754601227 0.4251412429378531 0.5506134969325154 0.059322033898305086
0 0.6748466257668712 0.4752824858757062 0.5475460122699386 0.059322033898305086
0 0.6549079754601227 0.5134180790960452 0.5 0.043785310734463276
0 0.6587423312883436 0.5663841807909604 0.5153374233128835 0.059322033898305086
0 0.4938650306748466 0.6080508474576272 0.18251533742331288 0.03672316384180791
0 0.48619631901840493 0.780367231638418 0.1579754601226994 0.046610169491525424