0 0.17123287671232876 0.020967741935483872 0.339041095890411 0.041935483870967745
0 0.5111301369863014 0.017741935483870968 0.14554794520547945 0.035483870967741936
0 0.75 0.018548387096774192 0.1267123287671233 0.037096774193548385
0 0.9366438356164384 0.01935483870967742 0.1267123287671233 0.03870967741935484
0 0.199486301369863 0.1 0.3852739726027397 0.05161290322580645
0 0.514554794520548 0.10161290322580645 0.14726027397260275 0.041935483870967745
0 0.7517123287671232 0.09919354838709678 0.125 0.0467741935483871
0 0.9460616438356164 0.1 0.10787671232876712 0.04516129032258064
0 0.5111301369863014 0.31209677419354837 0.9777397260273972 0.17903225806451614
0 0.488013698630137 0.5040322580645161 0.9263698630136986 0.17580645161290323
0 0.5051369863013698 0.6943548387096774 0.9897260273972602 0.16612903225806452
0 0.5102739726027398 0.8919354838709678 0.9794520547945206 0.1774193548387097