0 0.481981981981982 0.09067357512953368 0.7207207207207207 0.08290155440414508
0 0.45495495495495497 0.14766839378238342 0.536036036036036 0.07253886010362694
0 0.49774774774774777 0.2033678756476684 0.7072072072072072 0.08549222797927461
0 0.46396396396396394 0.24740932642487046 0.536036036036036 0.06735751295336788
0 0.46621621621621623 0.3069948186528497 0.6891891891891891 0.08549222797927461
0 0.47072072072072074 0.36139896373056996 0.5495495495495496 0.08549222797927461
0 0.47297297297297297 0.4119170984455959 0.19369369369369369 0.07253886010362694
0 0.46621621621621623 0.45984455958549225 0.7162162162162162 0.08031088082901554
0 0.4527027027027027 0.5181347150259067 0.6531531531531531 0.08031088082901554
0 0.4527027027027027 0.5673575129533679 0.6756756756756757 0.07512953367875648
0 0.481981981981982 0.6217616580310881 0.7252252252252253 0.08290155440414508
0 0.49324324324324326 0.6709844559585493 0.5540540540540541 0.07512953367875648
0 0.49774774774774777 0.7215025906735751 0.4369369369369369 0.07253886010362694
0 0.49099099099099097 0.7772020725388601 0.33783783783783783 0.06994818652849741
0 0.481981981981982 0.832901554404145 0.30180180180180183 0.07253886010362694
0 0.47072072072072074 0.8873056994818653 0.26126126126126126 0.07253886010362694
0 0.46846846846846846 0.944300518134715 0.20270270270270271 0.06217616580310881
0 0.45495495495495497 0.977979274611399 0.15315315315315314 0.04404145077720207