0 0.35169312169312167 0.06469924812030076 0.2026984126984127 0.047406015037593986
0 0.6147619047619047 0.06639097744360903 0.19608465608465608 0.04661654135338346
0 0.47973544973544974 0.09917293233082707 0.49534391534391536 0.04586466165413534
0 0.4875661375661376 0.14548872180451128 0.45629629629629626 0.059586466165413535
0 0.2786772486772487 0.1900751879699248 0.10052910052910052 0.042969924812030075
0 0.4948677248677249 0.1848872180451128 0.1643915343915344 0.042969924812030075
0 0.6453968253968254 0.18424812030075188 0.053068783068783064 0.031315789473684214
0 0.1955026455026455 0.2149624060150376 0.1385185185185185 0.03466165413533835
0 0.44158730158730153 0.2180827067669173 0.21835978835978836 0.038834586466165416
0 0.7014285714285714 0.22379699248120302 0.12492063492063492 0.03778195488721805
0 0.8455555555555556 0.19499999999999998 0.09936507936507936 0.02793233082706767
0 0.8331216931216932 0.22353383458646617 0.030793650793650797 0.02274436090225564
0 0.4283068783068783 0.24906015037593984 0.15164021164021163 0.02612781954887218
0 0.16428571428571428 0.28214285714285714 0.07539682539682539 0.01962406015037594
0 0.414973544973545 0.31454887218045113 0.15783068783068782 0.032593984962406015
0 0.5837566137566137 0.3159774436090225 0.06841269841269841 0.0375187969924812
0 0.8400529100529102 0.2793984962406015 0.09571428571428571 0.032857142857142856
0 0.5397354497354497 0.3998496240601504 0.7138624338624338 0.07458646616541353
0 0.4565608465608466 0.45729323308270675 0.7226455026455028 0.06082706766917293
0 0.4908465608465608 0.5334962406015038 0.8116402116402117 0.07842105263157895
0 0.4947089947089947 0.5984586466165414 0.8098412698412698 0.07142857142857142
0 0.3002116402116402 0.6649624060150375 0.42820105820105825 0.05507518796992481