0 0.23255813953488372 0.017391304347826087 0.09302325581395349 0.034782608695652174
0 0.4119601328903654 0.03369565217391304 0.10299003322259136 0.06739130434782609
0 0.5523255813953488 0.0391304347826087 0.11129568106312292 0.0782608695652174
0 0.71843853820598 0.03260869565217391 0.1511627906976744 0.05217391304347826
0 0.4277408637873754 0.10652173913043478 0.15780730897009967 0.09130434782608696
0 0.420265780730897 0.1858695652173913 0.3438538205980066 0.08478260869565217
0 0.06893687707641195 0.2554347826086957 0.04152823920265781 0.06739130434782609
0 0.08305647840531562 0.4282608695652174 0.02823920265780731 0.06521739130434782
0 0.06478405315614617 0.6021739130434782 0.05647840531561462 0.06956521739130435
0 0.08554817275747509 0.7782608695652173 0.11461794019933555 0.07608695652173914
0 0.1461794019933555 0.9521739130434783 0.23255813953488372 0.07391304347826087