0 0.1423781388478582 0.07605442176870748 0.19579025110782866 0.06718820861678004
0 0.5030280649926145 0.07405895691609976 0.3766322008862629 0.06319727891156462
0 0.4447415066469719 0.13755102040816325 0.25135893648449037 0.06424036281179138
0 0.5009453471196454 0.2035827664399093 0.2890546528803545 0.0682312925170068
0 0.4762776957163959 0.26215419501133785 0.1841063515509601 0.07648526077097505
0 0.48713441654357464 0.318843537414966 0.25274741506646975 0.06179138321995465
0 0.5277991137370753 0.3756689342403628 0.271506646971935 0.07086167800453515
0 0.5624519940915804 0.4506349206349206 0.3564697193500739 0.09698412698412699
0 0.41963072378138844 0.5714965986394558 0.1194682422451994 0.07401360544217687
0 0.6427326440177252 0.6328571428571428 0.572629246676514 0.09002267573696146
0 0.6055539143279173 0.7066213151927437 0.49131462333825704 0.10521541950113378
0 0.5228360413589365 0.8153514739229025 0.3467503692762186 0.09852607709750567
0 0.8995716395864106 0.8732426303854876 0.0923042836041359 0.030748299319727893