0 0.5197160883280757 0.19589178356713427 0.471608832807571 0.16032064128256512
0 0.5260252365930599 0.2925851703406814 0.4305993690851735 0.08517034068136273
0 0.5851735015772871 0.3241482965931864 0.31545741324921134 0.07014028056112225
0 0.6451104100946372 0.36773547094188375 0.24921135646687698 0.05911823647294589
0 0.612776025236593 0.41783567134268534 0.2854889589905363 0.06913827655310621
0 0.6253943217665615 0.45791583166332667 0.167192429022082 0.05110220440881764
0 0.5891167192429022 0.49448897795591185 0.2539432176656151 0.07114228456913828
0 0.5749211356466877 0.5450901803607214 0.40063091482649843 0.07915831663326653
0 0.6569400630914827 0.6132264529058116 0.27129337539432175 0.10220440881763528
0 0.6608832807570978 0.6583166332665331 0.32965299684542587 0.06212424849699399
0 0.6782334384858044 0.7044088176352705 0.23186119873817035 0.07314629258517034
0 0.6056782334384858 0.7575150300601202 0.3138801261829653 0.07915831663326653
0 0.7326498422712934 0.814629258517034 0.2113564668769716 0.04208416833667335
0 0.6774447949526814 0.8386773547094188 0.1892744479495268 0.03507014028056112
0 0.7397476340694006 0.8697394789579158 0.1861198738170347 0.06212424849699399