0 0.5953947368421053 0.03508771929824561 0.7697368421052632 0.07017543859649122
0 0.5515350877192983 0.10087719298245613 0.7543859649122807 0.15789473684210525
0 0.569078947368421 0.17324561403508773 0.8026315789473685 0.13157894736842105
0 0.5537280701754386 0.24342105263157895 0.7346491228070176 0.11842105263157894
0 0.5471491228070176 0.3223684210526316 0.7675438596491229 0.12280701754385964
0 0.5471491228070176 0.3925438596491228 0.7412280701754386 0.10526315789473684
0 0.5493421052631579 0.4758771929824561 0.7763157894736842 0.13596491228070176
0 0.569078947368421 0.5592105263157895 0.7982456140350878 0.13157894736842105
0 0.5142543859649122 0.6293859649122807 0.7390350877192983 0.14035087719298245
0 0.5383771929824561 0.7192982456140351 0.7807017543859649 0.15350877192982457
0 0.40021929824561403 0.7850877192982456 0.5197368421052632 0.14912280701754385
0 0.5361842105263158 0.875 0.7192982456140351 0.15350877192982457
0 0.40789473684210525 0.9364035087719298 0.49122807017543857 0.11403508771929824
0 0.5416666666666666 0.9758771929824561 0.7236842105263158 0.04824561403508772