0 0.49602389078498293 0.023418674698795182 0.5849829351535837 0.046822289156626506
0 0.25343003412969284 0.0868222891566265 0.12459044368600683 0.03225903614457831
0 0.5467576791808874 0.10887048192771086 0.6523037542662116 0.04567771084337349
0 0.5168088737201365 0.16378012048192772 0.6699829351535836 0.04813253012048193
0 0.34276450511945394 0.22649096385542167 0.34051194539249147 0.04865963855421687
0 0.5186689419795222 0.2579819277108434 0.6861262798634812 0.04591867469879518
0 0.2849146757679181 0.2875602409638554 0.05416382252559727 0.019623493975903614
0 0.5112457337883959 0.28974397590361445 0.05071672354948805 0.02618975903614458
0 0.2807337883959044 0.31439759036144577 0.07991467576791808 0.031671686746987955
0 0.5123378839590444 0.3149397590361446 0.09322525597269625 0.030572289156626506
0 0.5403924914675768 0.38340361445783133 0.7047269624573379 0.046987951807228916
0 0.3026109215017065 0.4124397590361446 0.27656996587030713 0.04370481927710843
0 0.5320136518771331 0.44516566265060237 0.6817747440273038 0.05218373493975904
0 0.5888054607508533 0.47924698795180726 0.1934300341296928 0.04149096385542169
0 0.5151194539249146 0.5395030120481928 0.39044368600682594 0.052439759036144576
0 0.5441126279863482 0.577289156626506 0.7121843003412969 0.07105421686746988
0 0.2670819112627986 0.604683734939759 0.24522184300341296 0.05350903614457832
0 0.30215017064846417 0.6378162650602409 0.33023890784982934 0.06939759036144579
0 0.5261604095563139 0.6832680722891566 0.7633788395904436 0.08801204819277109
0 0.23232081911262797 0.698328313253012 0.19409556313993173 0.05239457831325301
0 0.3556484641638225 0.7755572289156627 0.4264505119453925 0.0710090361445783
0 0.7118259385665529 0.785421686746988 0.18813993174061433 0.04253012048192771
0 0.7104266211604096 0.8223945783132531 0.1636348122866894 0.03977409638554217
0 0.6958532423208191 0.8548343373493976 0.14476109215017063 0.04332831325301205
0 0.7873720136518771 0.902078313253012 0.0941296928327645 0.028253012048192774