0 0.5121258341277407 0.03041388518024032 0.15570066730219256 0.028184245660881173
0 0.8860247855100096 0.03337783711615487 0.0688465204957102 0.025220293724966623
0 0.6784270734032412 0.0904939919893191 0.4861773117254528 0.023738317757009346
0 0.6778932316491897 0.11125500667556742 0.4872354623450906 0.023738317757009346
0 0.6789513822688275 0.1283177570093458 0.48511916110581504 0.022256341789052073
0 0.5020686367969495 0.149826435246996 0.1334604385128694 0.020774365821094792
0 0.657769304099142 0.24551401869158876 0.434280266920877 0.0697196261682243
0 0.6651858913250714 0.3152336448598131 0.442745471877979 0.06675567423230974
0 0.6710104861773117 0.38495327102803734 0.4544041944709247 0.06675567423230974
0 0.6625357483317446 0.45022696929238987 0.4395710200190658 0.0697196261682243
0 0.6763012392755006 0.5177303070761015 0.4565204957102002 0.06527369826435248
0 0.5984556720686368 0.5874499332443258 0.30081982840800764 0.06230974632843792