0 0.4166666666666667 0.0859375 0.65625 0.08984375
0 0.4270833333333333 0.12109375 0.5208333333333334 0.0625
0 0.4270833333333333 0.169921875 0.7135416666666666 0.0625
0 0.40625 0.203125 0.65625 0.0625
0 0.1875 0.2265625 0.21354166666666666 0.0390625
0 0.4947916666666667 0.2578125 0.5989583333333334 0.05078125
0 0.4505208333333333 0.310546875 0.7291666666666666 0.0625
0 0.4505208333333333 0.345703125 0.7239583333333334 0.0625
0 0.4583333333333333 0.375 0.7552083333333334 0.05859375
0 0.4036458333333333 0.3984375 0.6354166666666666 0.0546875
0 0.46875 0.43359375 0.5416666666666666 0.0625
0 0.4583333333333333 0.48046875 0.7708333333333334 0.0625
0 0.4713541666666667 0.517578125 0.7864583333333334 0.0546875
0 0.4739583333333333 0.568359375 0.53125 0.05859375
0 0.328125 0.59765625 0.10416666666666667 0.03125
0 0.4583333333333333 0.65234375 0.7604166666666666 0.0625
0 0.1875 0.6875 0.203125 0.0390625
0 0.4505208333333333 0.744140625 0.4635416666666667 0.06640625