0 0.5759803921568627 0.05592105263157895 0.3627450980392157 0.05592105263157895
0 0.5825163398692811 0.09703947368421052 0.2908496732026144 0.049342105263157895
0 0.5506535947712419 0.12828947368421054 0.1568627450980392 0.039473684210526314
0 0.545751633986928 0.16776315789473684 0.5212418300653595 0.05592105263157895
0 0.45751633986928103 0.203125 0.34477124183006536 0.04276315789473684
0 0.5751633986928104 0.24424342105263158 0.5049019607843137 0.06414473684210527
0 0.5620915032679739 0.28536184210526316 0.5588235294117647 0.06907894736842106
0 0.5433006535947712 0.3215460526315789 0.5294117647058824 0.06414473684210527
0 0.5669934640522876 0.3626644736842105 0.5882352941176471 0.07236842105263158
0 0.5531045751633987 0.40707236842105265 0.5555555555555556 0.06743421052631579
0 0.3627450980392157 0.4465460526315789 0.18137254901960784 0.05263157894736842
0 0.5906862745098039 0.4810855263157895 0.5343137254901961 0.07894736842105263
0 0.45098039215686275 0.5296052631578947 0.36437908496732024 0.05921052631578947
0 0.5661764705882353 0.569078947368421 0.5032679738562091 0.06578947368421052
0 0.5106209150326797 0.615953947368421 0.4869281045751634 0.06907894736842106
0 0.5580065359477124 0.6603618421052632 0.576797385620915 0.0756578947368421
0 0.40522875816993464 0.7080592105263158 0.272875816993464 0.06085526315789474
0 0.3284313725490196 0.7516447368421053 0.2696078431372549 0.0756578947368421
0 0.5416666666666666 0.7393092105263158 0.10457516339869281 0.05921052631578947
0 0.7263071895424836 0.7574013157894737 0.31862745098039214 0.06578947368421052
0 0.2834967320261438 0.8157894736842105 0.25326797385620914 0.09046052631578948
0 0.36519607843137253 0.8495065789473685 0.36437908496732024 0.07401315789473684
0 0.5106209150326797 0.7935855263157895 0.12418300653594772 0.054276315789473686
0 0.7630718954248366 0.7960526315789473 0.23366013071895425 0.05263157894736842
0 0.6944444444444444 0.8552631578947368 0.238562091503268 0.08881578947368421
0 0.7287581699346405 0.9078947368421053 0.27124183006535946 0.11019736842105263
0 0.24673202614379086 0.9276315789473685 0.21405228758169934 0.11019736842105263
0 0.4616013071895425 0.9424342105263158 0.17483660130718953 0.10855263157894737