0 0.251865671641791 0.08675373134328358 0.11007462686567164 0.022388059701492536
0 0.25 0.10354477611940298 0.10261194029850747 0.018656716417910446
0 0.6371268656716418 0.009328358208955223 0.38619402985074625 0.018656716417910446
0 0.7966417910447762 0.024253731343283583 0.07276119402985075 0.024253731343283583
0 0.523320895522388 0.32276119402985076 0.6119402985074627 0.1884328358208955
0 0.4533582089552239 0.46455223880597013 0.06343283582089553 0.03731343283582089
0 0.5158582089552238 0.4962686567164179 0.07276119402985075 0.1417910447761194
0 0.5214552238805971 0.6259328358208955 0.08582089552238806 0.033582089552238806
0 0.3983208955223881 0.7555970149253731 0.07276119402985075 0.03917910447761194
0 0.2658582089552239 0.9356343283582089 0.04291044776119403 0.04291044776119403
0 0.3908582089552239 0.9617537313432836 0.20522388059701493 0.024253731343283583
0 0.39738805970149255 0.7882462686567164 0.03731343283582089 0.029850746268656716
0 0.43283582089552236 0.8190298507462687 0.08582089552238806 0.03171641791044776
0 0.4626865671641791 0.8544776119402985 0.08208955223880597 0.027985074626865673