0 0.4793046357615894 0.0796979865771812 0.21357615894039736 0.031879194630872486
0 0.4776490066225166 0.11073825503355705 0.28311258278145696 0.03523489932885906
0 0.5264900662251656 0.174496644295302 0.3162251655629139 0.050335570469798654
0 0.4246688741721854 0.23825503355704697 0.27980132450331124 0.04194630872483222
0 0.527317880794702 0.28942953020134227 0.48509933774834435 0.03691275167785235
0 0.5165562913907285 0.3221476510067114 0.5149006622516556 0.04194630872483222
0 0.5149006622516556 0.34815436241610737 0.5099337748344371 0.04194630872483222
0 0.5082781456953642 0.3716442953020134 0.5033112582781457 0.03859060402684564
0 0.5231788079470199 0.39932885906040266 0.5298013245033113 0.040268456375838924
0 0.5256622516556292 0.42701342281879195 0.5331125827814569 0.03859060402684564
0 0.527317880794702 0.45302013422818793 0.5380794701986755 0.03691275167785235
0 0.5124172185430463 0.4823825503355705 0.5149006622516556 0.040268456375838924
0 0.5364238410596026 0.5100671140939598 0.5513245033112583 0.04865771812080537
0 0.515728476821192 0.5360738255033557 0.5215231788079471 0.03691275167785235
0 0.5198675496688742 0.5645973154362416 0.5331125827814569 0.040268456375838924
0 0.5281456953642384 0.5889261744966443 0.5331125827814569 0.026845637583892617
0 0.38162251655629137 0.6199664429530202 0.1357615894039735 0.04194630872483222
0 0.5455298013245033 0.6736577181208053 0.4768211920529801 0.0436241610738255
0 0.5256622516556292 0.7063758389261745 0.5364238410596026 0.0436241610738255
0 0.5314569536423841 0.7374161073825504 0.5529801324503312 0.053691275167785234
0 0.6804635761589404 0.7936241610738255 0.12086092715231789 0.04697986577181208
0 0.6440397350993378 0.8557046979865772 0.16225165562913907 0.08053691275167785