0 0.13214207650273224 0.06812910284463895 0.06358469945355191 0.02287746170678337
0 0.3055191256830601 0.11040481400437636 0.4023825136612022 0.03580962800875273
0 0.30501639344262294 0.1347702407002188 0.409344262295082 0.030831509846827133
0 0.4148087431693989 0.17157549234135666 0.6209617486338798 0.03282275711159737
0 0.4108306010928962 0.19544857768052515 0.6607103825136611 0.0387855579868709
0 0.2454098360655738 0.22229759299781182 0.33184699453551914 0.03282275711159737
0 0.24092896174863387 0.2640700218818381 0.28315846994535515 0.036805251641137855
0 0.27421857923497267 0.3048577680525164 0.3636393442622951 0.040776805251641145
0 0.41132240437158474 0.340164113785558 0.6060655737704918 0.04575492341356674
0 0.2051693989071038 0.3714989059080963 0.21360655737704917 0.0387855579868709
0 0.4282185792349727 0.3844201312910285 0.564327868852459 0.044759299781181615
0 0.18231693989071038 0.41575492341356673 0.08245901639344262 0.02188183807439825
0 0.4048633879781421 0.4485776805251641 0.6428196721311474 0.04774617067833698
0 0.43120218579234976 0.48935448577680524 0.6219562841530055 0.051717724288840264
0 0.4267213114754098 0.5341137855579868 0.6706448087431693 0.059682713347921225
0 0.3452568306010929 0.5624617067833698 0.48584699453551916 0.0487417943107221
0 0.49428415300546447 0.5758862144420132 0.49775956284153006 0.051717724288840264
0 0.4446120218579235 0.6022428884026259 0.4520655737704918 0.05470459518599562
0 0.3830054644808743 0.651477024070022 0.5057158469945355 0.059682713347921225
0 0.35568306010928963 0.6967396061269148 0.44311475409836065 0.06066739606126915
0 0.45107103825136613 0.7335339168490154 0.6636830601092896 0.07459518599562363
0 0.44660109289617483 0.7544310722100656 0.6507650273224044 0.07260393873085338
0 0.4500765027322404 0.7787964989059082 0.6597158469945356 0.07160831509846828
0 0.1778469945355191 0.8220568927789934 0.1351256830601093 0.03282275711159737
0 0.4277158469945355 0.8469256017505471 0.6269289617486339 0.07459518599562363
0 0.43914754098360653 0.8702954048140045 0.6676612021857923 0.08156455142231947