0 0.74534375 0.0179 0.10218750000000001 0.0358
0 0.5920625 0.0604 0.0719375 0.053399999999999996
0 0.77509375 0.05515 0.27025 0.053399999999999996
0 0.73375 0.0966 0.1793125 0.05205
0 0.75890625 0.13449999999999998 0.34478125 0.0605
0 0.79746875 0.16925 0.242625 0.0647
0 0.77509375 0.2108 0.38209375 0.06570000000000001
0 0.7475625 0.25425000000000003 0.41746875 0.06835
0 0.75734375 0.28845 0.4386875 0.0757
0 0.75215625 0.33159999999999995 0.43324999999999997 0.06095
0 0.75946875 0.37634999999999996 0.4501875 0.0683
0 0.7218125 0.4127 0.37684375000000003 0.05885
0 0.78175 0.45375 0.40034375000000005 0.0799
0 0.75690625 0.49744999999999995 0.45265625 0.0662
0 0.76225 0.5385 0.46828125 0.04724999999999999
0 0.7734375 0.6127 0.41828125 0.0567
0 0.7615937500000001 0.64955 0.47681250000000003 0.0567
0 0.7611875 0.69955 0.477625 0.061950000000000005
0 0.75840625 0.75535 0.4720625 0.07665
0 0.71821875 0.7972 0.396125 0.09295
0 0.82478125 0.8959 0.19196875 0.06924999999999999
0 0.8343125 0.9638 0.15184375 0.0724