0 0.5175983436853002 0.03881987577639751 0.5626293995859213 0.04710144927536232
0 0.26811594202898553 0.09730848861283643 0.17753623188405798 0.029503105590062112
0 0.2329192546583851 0.13819875776397517 0.10921325051759834 0.042443064182194616
0 0.23395445134575568 0.229296066252588 0.10869565217391304 0.04503105590062112
0 0.2515527950310559 0.37836438923395443 0.14440993788819875 0.030538302277432712
0 0.458592132505176 0.4244306418219462 0.28209109730848864 0.051759834368530024
0 0.4508281573498965 0.4694616977225673 0.2608695652173913 0.050724637681159424
0 0.4472049689440994 0.5139751552795031 0.2546583850931677 0.05124223602484472
0 0.4725672877846791 0.5605590062111802 0.30383022774327123 0.061076604554865424
0 0.6019668737060041 0.605072463768116 0.193064182194617 0.027950310559006212
0 0.839544513457557 0.9909420289855072 0.019668737060041408 0.018115942028985508