0 0.4988738738738739 0.03511705685618729 0.9797297297297297 0.07023411371237458
0 0.48986486486486486 0.06939799331103678 0.9617117117117117 0.07023411371237458
0 0.5033783783783784 0.12876254180602006 0.9932432432432432 0.08695652173913043
0 0.4740990990990991 0.17474916387959866 0.9346846846846847 0.08695652173913043
0 0.5022522522522522 0.2148829431438127 0.9954954954954955 0.09531772575250837
0 0.5022522522522522 0.2600334448160535 0.9954954954954955 0.08862876254180602
0 0.49211711711711714 0.29431438127090304 0.9774774774774775 0.08695652173913043
0 0.46846846846846846 0.3494983277591973 0.9324324324324325 0.08361204013377926
0 0.4864864864864865 0.38461538461538464 0.9707207207207207 0.07190635451505016
0 0.5 0.42642140468227424 1 0.08695652173913043
0 0.4988738738738739 0.4790969899665552 0.9977477477477478 0.08528428093645485
0 0.481981981981982 0.5284280936454849 0.963963963963964 0.07692307692307693
0 0.5900900900900901 0.6688963210702341 0.268018018018018 0.046822742474916385
0 0.5957207207207207 0.7048494983277592 0.28378378378378377 0.03177257525083612
0 0.05292792792792793 0.9874581939799331 0.10585585585585586 0.015050167224080268
0 0.49436936936936937 0.5702341137123745 0.9887387387387387 0.0802675585284281
0 0.4988738738738739 0.6103678929765887 0.9977477477477478 0.08361204013377926
0 0.47297297297297297 0.6622073578595318 0.9459459459459459 0.0802675585284281
0 0.4752252252252252 0.697324414715719 0.9504504504504504 0.08361204013377926
0 0.48986486486486486 0.7449832775919732 0.9797297297297297 0.08862876254180602
0 0.46846846846846846 0.7892976588628763 0.9369369369369369 0.07023411371237458
0 0.47297297297297297 0.8319397993311036 0.9459459459459459 0.07859531772575251
0 0.4740990990990991 0.8770903010033445 0.9481981981981982 0.09531772575250837
0 0.46621621621621623 0.919732441471572 0.9324324324324325 0.08361204013377926
0 0.4605855855855856 0.9640468227424749 0.9211711711711712 0.07190635451505016
0 0.7927927927927928 0.9916387959866221 0.18468468468468469 0.016722408026755852