0 0.158203125 0.06307339449541284 0.158203125 0.028669724770642203
0 0.654296875 0.06450688073394495 0.150390625 0.025802752293577983
0 0.10205468749999999 0.10894495412844037 0.0302734375 0.034403669724770644
0 0.154296875 0.11110091743119266 0.03125 0.03583715596330275
0 0.205078125 0.11181192660550458 0.03125 0.03153669724770642
0 0.2563515625 0.11253440366972477 0.0302734375 0.03297018348623853
0 0.308109375 0.11110091743119266 0.0322265625 0.03297018348623853
0 0.3583984375 0.11037844036697247 0.029296875 0.03153669724770642
0 0.4111328125 0.11037844036697247 0.029296875 0.034403669724770644
0 0.4619140625 0.10966743119266055 0.03125 0.030103211009174312
0 0.1015625 0.14764908256880735 0.03125 0.034403669724770644
0 0.10205468749999999 0.18635321100917432 0.0283203125 0.03153669724770642
0 0.12109375 0.23008027522935778 0.078125 0.047305045871559634
0 0.2251015625 0.22935779816513763 0.0791015625 0.040137614678899085
0 0.327640625 0.23079128440366972 0.0771484375 0.0430045871559633
0 0.4306640625 0.232947247706422 0.078125 0.04443807339449541
0 0.12109375 0.2702178899082569 0.076171875 0.04157110091743119
0 0.12256249999999999 0.30748853211009175 0.0771484375 0.04443807339449541
0 0.09921875 0.34059633027522934 0.025 0.02981651376146789
0 0.15078125 0.3394495412844037 0.025 0.03211009174311927
0 0.20234375 0.3394495412844037 0.025 0.02981651376146789
0 0.25390625 0.3388761467889908 0.0265625 0.03096330275229358
0 0.305859375 0.3388761467889908 0.02578125 0.03096330275229358
0 0.35703125 0.3394495412844037 0.025 0.02981651376146789
0 0.409765625 0.3394495412844037 0.02734375 0.02981651376146789
0 0.4609375 0.3400229357798165 0.025 0.028669724770642203
0 0.099609375 0.37786697247706424 0.02421875 0.028669724770642203
0 0.100390625 0.41628440366972475 0.02734375 0.03211009174311927
0 0.1125 0.45355504587155965 0.053125 0.03096330275229358
0 0.190625 0.4518348623853211 0.053125 0.02981651376146789
0 0.26796875 0.45240825688073394 0.053125 0.03096330275229358
0 0.345703125 0.45298165137614677 0.05078125 0.03211009174311927
0 0.421875 0.4541284403669725 0.05 0.02981651376146789
0 0.11328125 0.4908256880733945 0.0515625 0.02981651376146789
0 0.1140625 0.5286697247706422 0.0515625 0.02981651376146789
0 0.2546875 0.6032110091743119 0.196875 0.03211009174311927
0 0.254296875 0.6422018348623854 0.19609375 0.034403669724770644
0 0.248828125 0.7591743119266054 0.19296875 0.045871559633027525
0 0.2484375 0.7993119266055045 0.1921875 0.04357798165137615
0 0.083984375 0.8973623853211009 0.04453125 0.0194954128440367
0 0.1453125 0.8979357798165137 0.0171875 0.016055045871559634
0 0.222265625 0.8996559633027523 0.02109375 0.014908256880733946
0 0.331640625 0.8973623853211009 0.05859375 0.0194954128440367
0 0.263671875 0.9455275229357798 0.01796875 0.021788990825688075
0 0.60234375 0.11295871559633028 0.0328125 0.03096330275229358
0 0.653515625 0.11181192660550458 0.03203125 0.033256880733944956
0 0.704296875 0.11238532110091744 0.03203125 0.03211009174311927
0 0.755859375 0.1106651376146789 0.03203125 0.033256880733944956
0 0.808203125 0.11238532110091744 0.03359375 0.034403669724770644
0 0.859765625 0.11181192660550458 0.03203125 0.03555045871559633
0 0.911328125 0.11123853211009174 0.03359375 0.034403669724770644
0 0.96328125 0.11181192660550458 0.03125 0.03555045871559633
0 0.6015625 0.14850917431192662 0.03125 0.03096330275229358
0 0.601171875 0.18692660550458715 0.03359375 0.02981651376146789
0 0.624609375 0.22649082568807338 0.07578125 0.03096330275229358
0 0.728125 0.2253440366972477 0.0765625 0.033256880733944956
0 0.831640625 0.22591743119266056 0.07890625 0.03211009174311927
0 0.933984375 0.22419724770642202 0.07734375 0.033256880733944956
0 0.624609375 0.26089449541284404 0.07734375 0.028669724770642203
0 0.6234375 0.30045871559633025 0.0765625 0.03211009174311927
0 0.598828125 0.3394495412844037 0.02578125 0.02981651376146789
0 0.651171875 0.33772935779816515 0.02578125 0.03096330275229358
0 0.700390625 0.33715596330275227 0.02421875 0.034403669724770644
0 0.75234375 0.33658256880733944 0.0234375 0.033256880733944956
0 0.804296875 0.33772935779816515 0.02421875 0.03096330275229358
0 0.85625 0.33658256880733944 0.025 0.033256880733944956
0 0.908203125 0.3388761467889908 0.02421875 0.03096330275229358
0 0.959765625 0.338302752293578 0.02734375 0.03211009174311927
0 0.59921875 0.37786697247706424 0.025 0.03096330275229358
0 0.599609375 0.41456422018348627 0.02578125 0.028669724770642203
0 0.61875 0.45355504587155965 0.0671875 0.03096330275229358
0 0.722265625 0.45298165137614677 0.06640625 0.03211009174311927
0 0.825 0.45240825688073394 0.065625 0.03096330275229358
0 0.927734375 0.45355504587155965 0.06484375 0.033256880733944956
0 0.61953125 0.4908256880733945 0.065625 0.03211009174311927
0 0.61875 0.5286697247706422 0.065625 0.02981651376146789
0 0.7765625 0.5711009174311926 0.1890625 0.045871559633027525
0 0.77734375 0.6118119266055045 0.1875 0.04472477064220184
0 0.763671875 0.7540137614678899 0.16328125 0.03096330275229358
0 0.76328125 0.7924311926605505 0.1625 0.03211009174311927