0 0.48307017543859654 0.03439628482972136 0.8662280701754386 0.06019607843137255
0 0.47149122807017546 0.07739938080495357 0.8406432748538012 0.06364293085655315
0 0.2010233918128655 0.11867905056759546 0.30701754385964913 0.05848297213622291
0 0.45077485380116955 0.1655521155830753 0.8162719298245614 0.06277605779153766
0 0.4239766081871345 0.2107017543859649 0.7480555555555556 0.05848297213622291
0 0.4836695906432748 0.25714138286893706 0.8674415204678363 0.06535603715170278
0 0.09076023391812865 0.2997110423116615 0.1108625730994152 0.06449948400412797
0 0.47818713450292394 0.3392672858617131 0.8637865497076024 0.047296181630546955
0 0.2588888888888889 0.39517027863777093 0.4398099415204678 0.05933952528379773
0 0.5147368421052632 0.4428998968008256 0.9125292397660818 0.06191950464396285
0 0.4800146198830409 0.48804953560371517 0.8845029239766082 0.0679360165118679
0 0.4574853801169591 0.5370691434468524 0.8442982456140351 0.0679360165118679
0 0.20406432748538014 0.5839318885448916 0.34478070175438597 0.07051599587203303
0 0.4428654970760234 0.6325283797729617 0.7687573099415205 0.06622291021671826
0 0.47453216374269 0.6738080495356037 0.8905994152046783 0.07138286893704851
0 0.43859649122807015 0.7275541795665634 0.8114035087719298 0.06535603715170278
0 0.236359649122807 0.7658204334365325 0.4093567251461988 0.047296181630546955
0 0.46479532163742693 0.8225799793601651 0.8686695906432748 0.06622291021671826
0 0.45931286549707606 0.8681630546955624 0.8601315789473685 0.06106295149638803
0 0.47453216374269 0.9223426212590299 0.8979093567251462 0.0679360165118679
0 0.2320906432748538 0.9803921568627451 0.3618421052631579 0.02752321981424149