0 0.5556379821958457 0.036585365853658534 0.6543026706231454 0.07317073170731707
0 0.49332344213649854 0.07150776053215077 0.2626112759643917 0.05543237250554324
0 0.6053412462908012 0.12139689578713969 0.6335311572700296 0.07427937915742794
0 0.5637982195845698 0.21008869179600886 0.6780415430267063 0.07649667405764966
0 0.4940652818991098 0.2522172949002217 0.2774480712166172 0.06208425720620843
0 0.5526706231454006 0.2998891352549889 0.39465875370919884 0.052106430155210645
0 0.5563798219584569 0.4024390243902439 0.6750741839762612 0.07538802660753881
0 0.47997032640949555 0.44844789356984477 0.2626112759643917 0.058758314855875834
0 0.4606824925816024 0.5022172949002217 0.37833827893175076 0.06984478935698447
0 0.5741839762611276 0.6031042128603105 0.7373887240356083 0.07760532150776053
0 0.5459940652818991 0.6529933481152993 0.2685459940652819 0.06651884700665188
0 0.5652818991097923 0.7067627494456763 0.5919881305637982 0.06762749445676275
0 0.5474777448071216 0.8181818181818182 0.7077151335311572 0.08647450110864745
0 0.4688427299703264 0.8686252771618626 0.27299703264094954 0.06319290465631928
0 0.45845697329376855 0.9279379157427938 0.39020771513353114 0.08314855875831485
0 0.5037091988130564 0.9623059866962306 0.6364985163204748 0.07538802660753881