0 0.17784090909090908 0.02154434250764526 0.3202435064935065 0.04308868501529052
0 0.5002922077922078 0.018761467889908255 0.13871753246753246 0.037538226299694194
0 0.7268344155844156 0.019464831804281345 0.11954545454545455 0.03891437308868501
0 0.9105681818181818 0.020152905198776758 0.13577922077922078 0.040305810397553515
0 0.20365259740259742 0.09799694189602447 0.3659902597402597 0.048654434250764524
0 0.5025162337662338 0.09938837920489296 0.1401948051948052 0.040305810397553515
0 0.727564935064935 0.09730886850152905 0.11806818181818182 0.04448012232415902
0 0.9186850649350649 0.09799694189602447 0.11659090909090908 0.04308868501529052
0 0.5062012987012987 0.29955657492354737 0.938603896103896 0.17097859327217124
0 0.4774188311688311 0.4809633027522936 0.8781006493506494 0.16680428134556574
0 0.49733766233766236 0.6623547400611621 0.9445129870129871 0.15707951070336393
0 0.5010389610389611 0.8486238532110092 0.9312337662337662 0.16819571865443425
0 0.3187662337662338 0.9788685015290519 0.05313311688311688 0.042262996941896024
0 0.7666720779220779 0.979571865443425 0.051655844155844156 0.04087155963302752