0 0.3645833333333333 0.04346666666666666 0.24910416666666665 0.08406666666666666
0 0.4669375 0.1181 0.7581458333333334 0.13476666666666667
0 0.481875 0.20363333333333333 0.8097916666666667 0.1261
0 0.4248125 0.2833333333333333 0.6721041666666667 0.1261
0 0.5040833333333333 0.3442 0.8106875 0.14056666666666667
0 0.48460416666666667 0.43043333333333333 0.7807916666666667 0.13333333333333333
0 0.5145000000000001 0.5079666666666666 0.8351458333333334 0.14346666666666666
0 0.4859583333333333 0.5804333333333334 0.7835208333333333 0.12030000000000002
0 0.48460416666666667 0.6681 0.7699374999999999 0.12463333333333333
0 0.5104166666666666 0.729 0.7491041666666667 0.09566666666666666
0 0.5008958333333333 0.8145 0.7898541666666666 0.12463333333333333
0 0.5018125 0.8913 0.7880416666666666 0.11303333333333332
0 0.4959166666666667 0.9514333333333334 0.7907708333333333 0.0942