0 0.3285472972972973 0.08164556962025317 0.5625 0.0810126582278481
0 0.13006756756756757 0.14936708860759493 0.1554054054054054 0.04556962025316456
0 0.3285472972972973 0.20822784810126582 0.5472972972972973 0.05949367088607595
0 0.4864864864864865 0.2689873417721519 0.2179054054054054 0.053164556962025315
0 0.5472972972972973 0.3246835443037975 0.8209459459459459 0.07468354430379746
0 0.5084459459459459 0.3905063291139241 0.9003378378378378 0.06582278481012659
0 0.5118243243243243 0.4468354430379747 0.8952702702702703 0.06582278481012659
0 0.5101351351351351 0.5044303797468355 0.8817567567567568 0.06582278481012659
0 0.5160472972972973 0.5658227848101266 0.8969594594594594 0.07088607594936709
0 0.5101351351351351 0.6265822784810127 0.875 0.07215189873417721
0 0.5067567567567568 0.6879746835443038 0.9087837837837838 0.06455696202531645
0 0.5320945945945946 0.7436708860759493 0.8885135135135135 0.05822784810126582
0 0.2195945945945946 0.8075949367088607 0.2702702702702703 0.053164556962025315