0 0.29532967032967034 0.068359375 0.4336813186813187 0.0237109375
0 0.8810714285714285 0.12033203125 0.08634615384615385 0.01603515625
0 0.8948076923076923 0.137421875 0.10989010989010989 0.01673828125
0 0.48813186813186815 0.1273046875 0.1717032967032967 0.03279296875
0 0.5106868131868132 0.1866015625 0.5092307692307693 0.048125
0 0.4439835164835165 0.22251953125 0.5092307692307693 0.04603515625
0 0.48225274725274725 0.259140625 0.5935989010989011 0.048125
0 0.5111813186813187 0.28982421875 0.6318681318681318 0.04255859375
0 0.5028571428571428 0.32609375 0.648543956043956 0.0537109375
0 0.47782967032967033 0.36306640625 0.5828021978021978 0.04673828125
0 0.46947802197802196 0.3962109375 0.570054945054945 0.04185546875
0 0.46802197802197804 0.43212890625 0.569065934065934 0.057890625
0 0.4891208791208791 0.4645703125 0.6053846153846154 0.05162109375
0 0.4763461538461538 0.492109375 0.5681043956043956 0.0537109375
0 0.47978021978021973 0.522109375 0.5906593406593407 0.04533203125
0 0.4631043956043956 0.55455078125 0.569065934065934 0.0446484375
0 0.4665384615384615 0.58873046875 0.5857417582417582 0.0530078125
0 0.4743956043956044 0.61453125 0.5975274725274725 0.04185546875
0 0.25706043956043956 0.65046875 0.1667857142857143 0.03
0 0.5303296703296703 0.688828125 0.4758516483516484 0.04953125
0 0.4488736263736263 0.7216015625 0.5425824175824175 0.04255859375
0 0.4739010989010989 0.74951171875 0.600467032967033 0.04115234375
0 0.44447802197802194 0.7808984375 0.5612362637362637 0.0439453125
0 0.47733516483516486 0.81716796875 0.6210714285714286 0.05650390625
0 0.46211538461538465 0.84611328125 0.5847802197802198 0.0432421875
0 0.48027472527472526 0.87123046875 0.6308791208791208 0.0446484375
0 0.2453021978021978 0.90123046875 0.2040934065934066 0.01673828125
0 0.21733516483516482 0.91447265625 0.14618131868131867 0.01673828125
0 0.6720879120879121 0.90994140625 0.1726923076923077 0.02302734375
0 0.6931868131868132 0.92634765625 0.21879120879120878 0.02650390625