0 0.7525862068965518 0.014593908629441625 0.032758620689655175 0.017766497461928935
0 0.7612068965517241 0.03934010152284264 0.04655172413793104 0.012690355329949238
0 0.5387931034482759 0.060279187817258884 0.75 0.06472081218274112
0 0.4336206896551724 0.09263959390862944 0.18448275862068966 0.03426395939086294
0 0.39741379310344827 0.12119289340101523 0.65 0.050761421319796954
0 0.10258620689655172 0.14911167512690354 0.04310344827586207 0.027918781725888325
0 0.5172413793103449 0.21763959390862944 0.896551724137931 0.05203045685279188
0 0.30431034482758623 0.24619289340101522 0.4706896551724138 0.03807106598984772
0 0.4525862068965517 0.2823604060913706 0.7517241379310344 0.04949238578680203
0 0.4086206896551724 0.3102791878172589 0.6810344827586207 0.04568527918781726
0 0.3413793103448276 0.3762690355329949 0.5396551724137931 0.044416243654822336
0 0.4387931034482759 0.4098984771573604 0.7413793103448276 0.046954314720812185
0 0.3474137931034483 0.44543147208121825 0.55 0.04568527918781726
0 0.6060344827586207 0.4784263959390863 0.6189655172413793 0.04568527918781726
0 0.2982758620689655 0.5139593908629442 0.47758620689655173 0.046954314720812185
0 0.40344827586206894 0.5767766497461929 0.6793103448275862 0.048223350253807105
0 0.3887931034482759 0.6104060913705583 0.6327586206896552 0.048223350253807105
0 0.27586206896551724 0.641497461928934 0.41206896551724137 0.046954314720812185
0 0.4827586206896552 0.7176395939086294 0.8275862068965517 0.06979695431472081
0 0.2982758620689655 0.7829949238578681 0.4413793103448276 0.0532994923857868
0 0.25948275862068965 0.8204314720812182 0.33793103448275863 0.04949238578680203
0 0.12844827586206897 0.8565989847715736 0.09310344827586207 0.03553299492385787
0 0.13706896551724138 0.8953045685279187 0.11206896551724138 0.03426395939086294
0 0.20775862068965517 0.9295685279187818 0.24482758620689654 0.05710659898477157
0 0.3146551724137931 0.9625634517766497 0.10689655172413794 0.030456852791878174