0 0.19103773584905662 0.026128266033254157 0.16352201257861634 0.04631828978622328
0 0.5322327044025157 0.01840855106888361 0.4166666666666667 0.03681710213776722
0 0.5731132075471698 0.035629453681710214 0.4811320754716981 0.05344418052256532
0 0.1792452830188679 0.0831353919239905 0.12578616352201258 0.047505938242280284
0 0.5943396226415094 0.07304038004750593 0.5613207547169812 0.06294536817102138
0 0.7657232704402516 0.10688836104513064 0.3081761006289308 0.05344418052256532
0 0.3977987421383648 0.14786223277909738 0.1509433962264151 0.03800475059382423
0 0.29323899371069184 0.1846793349168646 0.32861635220125784 0.055819477434679333
0 0.35691823899371067 0.2173396674584323 0.4669811320754717 0.06532066508313539
0 0.5007861635220126 0.24524940617577198 0.64937106918239 0.060570071258907364
0 0.4056603773584906 0.2856294536817102 0.3553459119496855 0.055819477434679333
0 0.49764150943396224 0.30700712589073637 0.5251572327044025 0.07007125890736342
0 0.4143081761006289 0.3491686460807601 0.4716981132075472 0.05819477434679335
0 0.41745283018867924 0.3842042755344418 0.36163522012578614 0.05344418052256532
0 0.5738993710691824 0.42577197149643703 0.6698113207547169 0.10451306413301663
0 0.7963836477987422 0.4643705463182898 0.14622641509433962 0.04513064133016627
0 0.47641509433962265 0.5154394299287411 0.559748427672956 0.07125890736342043
0 0.4308176100628931 0.582541567695962 0.3977987421383648 0.0997624703087886
0 0.24213836477987422 0.6823040380047506 0.04874213836477988 0.029691211401425176
0 0.34827044025157233 0.6763657957244655 0.03459119496855346 0.020190023752969122
0 0.485062893081761 0.6680522565320665 0.0440251572327044 0.030878859857482184
0 0.6312893081761006 0.6633016627078385 0.03773584905660377 0.030878859857482184
0 0.8427672955974843 0.6573634204275535 0.14937106918238993 0.03681710213776722
0 0.3018867924528302 0.7090261282660333 0.13836477987421383 0.028503562945368172
0 0.2429245283018868 0.7416864608076009 0.025157232704402517 0.027315914489311165
0 0.23820754716981132 0.7731591448931117 0.029874213836477988 0.032066508313539195
0 0.24056603773584906 0.8058194774346793 0.025157232704402517 0.027315914489311165
0 0.34591194968553457 0.7387173396674585 0.08647798742138364 0.026128266033254157
0 0.3498427672955975 0.7672209026128266 0.09433962264150944 0.026128266033254157
0 0.3128930817610063 0.8081947743467933 0.06446540880503145 0.0344418052256532
0 0.6407232704402516 0.6941805225653207 0.03773584905660377 0.023752969121140142
0 0.6446540880503144 0.7286223277909739 0.03773584905660377 0.02494061757719715
0 0.64937106918239 0.7606888361045131 0.040880503144654086 0.026128266033254157
0 0.6525157232704403 0.7903800475059383 0.040880503144654086 0.027315914489311165
0 0.25235849056603776 0.8681710213776722 0.13050314465408805 0.03681710213776722
0 0.39544025157232704 0.8937054631828979 0.35377358490566035 0.05344418052256532
0 0.3553459119496855 0.9530878859857482 0.2169811320754717 0.09382422802850356
0 0.8254716981132075 0.9519002375296912 0.11320754716981132 0.020190023752969122