0 0.8028523489932886 0.014830508474576272 0.04194630872483222 0.01694915254237288
0 0.5343959731543624 0.07627118644067797 0.8791946308724832 0.13135593220338984
0 0.5234899328859061 0.13559322033898305 0.8540268456375839 0.1059322033898305
0 0.5285234899328859 0.1917372881355932 0.8791946308724832 0.11864406779661017
0 0.36661073825503354 0.23940677966101695 0.5553691275167785 0.1059322033898305
0 0.5419463087248322 0.3548728813559322 0.8590604026845637 0.11016949152542373
0 0.5369127516778524 0.4173728813559322 0.9093959731543624 0.11652542372881355
0 0.537751677852349 0.4724576271186441 0.9177852348993288 0.1038135593220339
0 0.5318791946308725 0.5211864406779662 0.9093959731543624 0.1038135593220339
0 0.5243288590604027 0.5815677966101694 0.9043624161073825 0.09957627118644068
0 0.5318791946308725 0.635593220338983 0.912751677852349 0.09322033898305085
0 0.5226510067114094 0.7002118644067796 0.8942953020134228 0.10805084745762712
0 0.5260067114093959 0.7584745762711864 0.9060402684563759 0.11652542372881355
0 0.23573825503355705 0.8103813559322034 0.337248322147651 0.07627118644067797
0 0.17197986577181207 0.9141949152542372 0.1342281879194631 0.06991525423728813
0 0.11912751677852348 0.972457627118644 0.04697986577181208 0.038135593220338986