0 0.4092039800995025 0.011904761904761904 0.7985074626865671 0.023809523809523808
0 0.4191542288557214 0.06318681318681318 0.818407960199005 0.06227106227106227
0 0.42039800995024873 0.12728937728937728 0.8233830845771144 0.05860805860805861
0 0.39676616915422885 0.19230769230769232 0.7786069651741293 0.06043956043956044
0 0.40049751243781095 0.2554945054945055 0.7885572139303483 0.06593406593406594
0 0.42661691542288555 0.31776556776556775 0.845771144278607 0.05128205128205128
0 0.4154228855721393 0.3791208791208791 0.8258706467661692 0.0641025641025641
0 0.3917910447761194 0.4423076923076923 0.7810945273631841 0.05860805860805861
0 0.3917910447761194 0.5054945054945055 0.7835820895522388 0.056776556776556776
0 0.07711442786069651 0.5677655677655677 0.15422885572139303 0.040293040293040296
0 0.18407960199004975 0.7078754578754579 0.22139303482587064 0.05311355311355311
0 0.9751243781094527 0.9615384615384616 0.02736318407960199 0.01282051282051282