0 0.1046875 0.01875 0.046875 0.025
0 0.09739583333333333 0.03802083333333333 0.040625 0.021875
0 0.10208333333333333 0.053125 0.046875 0.022916666666666665
0 0.096875 0.0703125 0.03333333333333333 0.023958333333333335
0 0.11666666666666667 0.12916666666666668 0.046875 0.026041666666666668
0 0.11875 0.3463541666666667 0.05 0.022916666666666665
0 0.12239583333333333 0.59375 0.051041666666666666 0.021875
0 0.22135416666666666 0.11510416666666666 0.03333333333333333 0.019791666666666666
0 0.2515625 0.14895833333333333 0.09583333333333334 0.03854166666666667
0 0.21822916666666667 0.23802083333333332 0.026041666666666668 0.023958333333333335
0 0.259375 0.278125 0.11770833333333333 0.027083333333333334
0 0.22135416666666666 0.36302083333333335 0.030208333333333334 0.020833333333333332
0 0.25677083333333334 0.4041666666666667 0.103125 0.028125
0 0.228125 0.4947916666666667 0.03958333333333333 0.035416666666666666
0 0.26927083333333335 0.528125 0.12395833333333334 0.05416666666666667
0 0.23385416666666667 0.6098958333333333 0.040625 0.025
0 0.27708333333333335 0.6510416666666666 0.134375 0.053125
0 0.23802083333333332 0.7432291666666667 0.04791666666666667 0.03854166666666667
0 0.2791666666666667 0.7807291666666667 0.13125 0.04583333333333333
0 0.2375 0.8614583333333333 0.04479166666666667 0.021875
0 0.275 0.8942708333333333 0.11979166666666667 0.03958333333333333