0 0.9605446927374302 0.06518324607329842 0.034916201117318434 0.020418848167539267
0 0.9685754189944135 0.08848167539267016 0.04818435754189944 0.018848167539267015
0 0.5911312849162011 0.1518324607329843 0.784217877094972 0.08115183246073299
0 0.5471368715083799 0.18952879581151832 0.9057262569832403 0.10366492146596859
0 0.526536312849162 0.21465968586387435 0.8763966480446927 0.08848167539267016
0 0.5363128491620112 0.25890052356020943 0.9134078212290503 0.09424083769633508
0 0.526536312849162 0.293717277486911 0.9071229050279329 0.09633507853403141
0 0.5328212290502793 0.33403141361256544 0.9343575418994413 0.09842931937172775
0 0.5286312849162011 0.36832460732984296 0.9427374301675978 0.0905759162303665
0 0.5101256983240223 0.4180628272251309 0.9287709497206704 0.09319371727748692
0 0.32087988826815644 0.44712041884816756 0.5425977653631285 0.07172774869109948
0 0.5631983240223464 0.4895287958115183 0.8631284916201117 0.06806282722513089
0 0.5171089385474861 0.5418848167539267 0.9643854748603352 0.09424083769633508
0 0.50768156424581 0.5772251308900523 0.946927374301676 0.06701570680628273
0 0.496159217877095 0.6282722513089005 0.9350558659217877 0.08324607329842931
0 0.45251396648044695 0.6638743455497382 0.7590782122905028 0.07277486910994764