0 0.5131578947368421 0.020394736842105264 0.28596491228070176 0.04078947368421053
0 0.7929824561403509 0.06973684210526315 0.41403508771929826 0.08157894736842106
0 0.4342105263157895 0.1355263157894737 0.7631578947368421 0.10526315789473684
0 0.4017543859649123 0.16973684210526316 0.7280701754385965 0.08026315789473684
0 0.3780701754385965 0.2131578947368421 0.6964912280701754 0.0881578947368421
0 0.41228070175438597 0.2519736842105263 0.7684210526315789 0.0868421052631579
0 0.48333333333333334 0.29736842105263156 0.9105263157894737 0.1
0 0.46228070175438596 0.34342105263157896 0.8771929824561403 0.1
0 0.40964912280701754 0.3743421052631579 0.7912280701754386 0.09868421052631579
0 0.3815789473684211 0.41578947368421054 0.7385964912280701 0.09078947368421053
0 0.4368421052631579 0.5 0.3929824561403509 0.09210526315789473
0 0.7824561403508772 0.5532894736842106 0.43157894736842106 0.06710526315789474
0 0.4087719298245614 0.5736842105263158 0.7929824561403509 0.1
0 0.41403508771929826 0.6171052631578947 0.8087719298245614 0.08421052631578947
0 0.4105263157894737 0.655921052631579 0.8210526315789474 0.09078947368421053
0 0.4236842105263158 0.7078947368421052 0.8473684210526315 0.10263157894736842
0 0.41228070175438597 0.7473684210526316 0.8245614035087719 0.10789473684210527
0 0.42719298245614035 0.7914473684210527 0.8543859649122807 0.10657894736842105
0 0.41403508771929826 0.8276315789473684 0.8280701754385965 0.09473684210526316
0 0.3631578947368421 0.8690789473684211 0.7263157894736842 0.1013157894736842