0 0.36850393700787404 0.11676646706586827 0.5070866141732283 0.08982035928143713
0 0.3826771653543307 0.1631736526946108 0.5094488188976378 0.09281437125748503
0 0.5405511811023622 0.23253493013972057 0.8188976377952756 0.13373253493013973
0 0.3984251968503937 0.28293413173652693 0.594488188976378 0.11477045908183632
0 0.5433070866141733 0.3403193612774451 0.8236220472440945 0.10978043912175649
0 0.5062992125984253 0.39471057884231536 0.8511811023622047 0.10878243512974052
0 0.5122047244094489 0.45858283433133734 0.8480314960629921 0.11377245508982035
0 0.5354330708661418 0.5144710578842315 0.8929133858267716 0.09381237524950099
0 0.5401574803149606 0.5703592814371258 0.9031496062992126 0.10978043912175649
0 0.5374015748031497 0.6307385229540918 0.8921259842519685 0.10678642714570859
0 0.5220472440944882 0.6916167664670658 0.8661417322834646 0.11077844311377245
0 0.5413385826771654 0.7465069860279441 0.8944881889763779 0.11377245508982035
0 0.5141732283464567 0.8068862275449101 0.8763779527559055 0.11676646706586827
0 0.2795275590551181 0.8912175648702595 0.3889763779527559 0.10079840319361277
0 0.4393700787401575 0.9266467065868264 0.1984251968503937 0.059880239520958084