0 0.5632458233890215 0.012461059190031152 0.441527446300716 0.024922118380062305
0 0.5769689737470167 0.0778816199376947 0.49403341288782815 0.07009345794392523
0 0.2464200477326969 0.10669781931464174 0.09785202863961814 0.040498442367601244
0 0.6235083532219571 0.11993769470404984 0.5620525059665871 0.07009345794392523
0 0.6270883054892601 0.16121495327102803 0.5727923627684964 0.06697819314641744
0 0.23448687350835323 0.2398753894080997 0.07995226730310262 0.04672897196261682
0 0.6408114558472554 0.24299065420560748 0.6050119331742243 0.07165109034267912
0 0.4809069212410501 0.2834890965732087 0.26610978520286394 0.05451713395638629
0 0.2541766109785203 0.3582554517133956 0.10978520286396182 0.0514018691588785
0 0.6187350835322196 0.367601246105919 0.568019093078759 0.07320872274143302
0 0.6115751789976134 0.40965732087227413 0.548926014319809 0.06853582554517133
0 0.45346062052505964 0.4454828660436137 0.22195704057279236 0.037383177570093455
0 0.6420047732696897 0.49065420560747663 0.6026252983293556 0.06697819314641744
0 0.42183770883054894 0.5451713395638629 0.081145584725537 0.059190031152647975
0 0.7070405727923628 0.5272585669781932 0.09188544152744631 0.040498442367601244
0 0.2356801909307876 0.6098130841121495 0.11694510739856802 0.056074766355140186
0 0.22553699284009546 0.6456386292834891 0.027446300715990454 0.029595015576323987
0 0.19868735083532219 0.6884735202492211 0.057279236276849645 0.03271028037383177
0 0.6181384248210023 0.6985981308411215 0.5668257756563246 0.06853582554517133
0 0.5590692124105012 0.7375389408099688 0.4498806682577566 0.06386292834890965
0 0.5501193317422435 0.7725856697819314 0.0441527446300716 0.040498442367601244
0 0.5208830548926014 0.8169781931464174 0.373508353221957 0.06074766355140187
0 0.19988066825775655 0.897196261682243 0.06921241050119331 0.048286604361370715
0 0.5208830548926014 0.9018691588785047 0.32577565632458233 0.06853582554517133
0 0.5304295942720764 0.9478193146417445 0.13365155131264916 0.0514018691588785