0 0.32752613240418116 0.028720626631853787 0.6550522648083623 0.057441253263707574
0 0.4442508710801394 0.05613577023498695 0.8885017421602788 0.07571801566579635
0 0.4642857142857143 0.0881201044386423 0.9285714285714286 0.0926892950391645
0 0.4625435540069686 0.12467362924281984 0.9250871080139372 0.09007832898172324
0 0.46777003484320556 0.15731070496083552 0.9355400696864111 0.08224543080939947
0 0.4625435540069686 0.19386422976501305 0.9250871080139372 0.08746736292428199
0 0.4346689895470383 0.23237597911227154 0.8693379790940766 0.0835509138381201
0 0.2770034843205575 0.30548302872062666 0.5487804878048781 0.07049608355091384
0 0.5034843205574913 0.3263707571801567 0.9860627177700348 0.08877284595300261
0 0.5043554006968641 0.35900783289817234 0.9860627177700348 0.07571801566579635
0 0.5052264808362369 0.39556135770234985 0.9860627177700348 0.0783289817232376
0 0.5052264808362369 0.43407310704960833 0.9878048780487805 0.07702349869451697
0 0.4442508710801394 0.5 0.8606271777003485 0.06657963446475196
0 0.5121951219512195 0.5313315926892951 0.975609756097561 0.06788511749347259
0 0.509581881533101 0.5678851174934726 0.9703832752613241 0.0639686684073107
0 0.4416376306620209 0.6057441253263708 0.8101045296167247 0.06005221932114883
0 0.5104529616724739 0.6390339425587467 0.9651567944250871 0.06919060052219321
0 0.27090592334494773 0.6768929503916449 0.47038327526132406 0.05352480417754569
0 0.47473867595818814 0.7408616187989556 0.9059233449477352 0.07180156657963446
0 0.2926829268292683 0.77088772845953 0.5052264808362369 0.04046997389033943
0 0.519163763066202 0.8093994778067886 0.9616724738675958 0.0731070496083551
0 0.5087108013937283 0.8407310704960835 0.9250871080139372 0.06005221932114883
0 0.514808362369338 0.8759791122715405 0.9477351916376306 0.06788511749347259
0 0.5235191637630662 0.9046997389033943 0.9529616724738676 0.06527415143603134
0 0.5130662020905923 0.9445169712793734 0.9285714285714286 0.06657963446475196
0 0.3893728222996516 0.970626631853786 0.6986062717770035 0.0587467362924282