0 0.4923033067274801 0.09487179487179487 0.4846066134549601 0.09487179487179487
0 0.27223489167616877 0.2692307692307692 0.2879133409350057 0.08632478632478632
0 0.701254275940707 0.2594017094017094 0.23660205245153934 0.11367521367521367
0 0.2708095781071836 0.3769230769230769 0.19327251995438996 0.09145299145299145
0 0.7029646522234891 0.3717948717948718 0.17730900798175597 0.10512820512820513
0 0.27964652223489167 0.49914529914529915 0.3209806157354618 0.09487179487179487
0 0.7063854047890535 0.4876068376068376 0.29076396807297605 0.08717948717948718
0 0.2856328392246294 0.6170940170940171 0.30444697833523376 0.08376068376068375
0 0.7149372862029647 0.6021367521367521 0.22633979475484606 0.09316239316239316
0 0.282497149372862 0.744017094017094 0.28107183580387685 0.10512820512820513
0 0.7172177879133409 0.7401709401709402 0.2708095781071836 0.12051282051282051
0 0.2767958950969213 0.8833333333333333 0.24971493728620298 0.14957264957264957
0 0.7169327251995439 0.8606837606837607 0.28905359179019385 0.11196581196581197