0 0.4936131386861314 0.0375 0.9872262773722628 0.075
0 0.055656934306569344 0.08571428571428572 0.08941605839416059 0.05357142857142857
0 0.22536496350364962 0.09196428571428572 0.11678832116788321 0.04285714285714286
0 0.6313868613138686 0.08392857142857142 0.28284671532846717 0.055357142857142855
0 0.012773722627737226 0.15267857142857144 0.025547445255474453 0.0375
0 0.5209854014598541 0.15178571428571427 0.145985401459854 0.044642857142857144
0 0.7864963503649635 0.14821428571428572 0.18065693430656934 0.039285714285714285
0 0.12226277372262774 0.26607142857142857 0.08394160583941605 0.04285714285714286
0 0.6286496350364964 0.26607142857142857 0.3448905109489051 0.04642857142857143
0 0.17427007299270073 0.39553571428571427 0.1843065693430657 0.1357142857142857
0 0.5465328467153284 0.38125 0.45072992700729925 0.21785714285714286
0 0.5465328467153284 0.5294642857142857 0.13138686131386862 0.048214285714285716
0 0.5666058394160584 0.6169642857142857 0.3357664233576642 0.0875
0 0.5492700729927007 0.7035714285714286 0.9014598540145985 0.08571428571428572
0 0.5182481751824818 0.7866071428571428 0.9635036496350365 0.12321428571428572
0 0.5191605839416058 0.8776785714285714 0.9616788321167883 0.12321428571428572
0 0.5237226277372263 0.9491071428571428 0.9525547445255474 0.10178571428571428
0 0.9543795620437956 0.9741071428571428 0.09124087591240876 0.0375