0 0.14167725540025414 0.06095238095238095 0.12134688691232529 0.0380952380952381
0 0.39453621346886913 0.07476190476190477 0.11880559085133419 0.03333333333333333
0 0.639135959339263 0.08714285714285715 0.12198221092757307 0.03428571428571429
0 0.8856416772554002 0.10047619047619048 0.1207115628970775 0.03333333333333333
0 0.11944091486658195 0.9166666666666666 0.12134688691232529 0.02857142857142857
0 0.37261753494282085 0.9261904761904762 0.12007623888182974 0.03238095238095238
0 0.613722998729352 0.940952380952381 0.1181702668360864 0.03142857142857143
0 0.8624523506988564 0.9547619047619048 0.12198221092757307 0.03333333333333333
0 0.49904701397712836 0.25333333333333335 0.8614993646759848 0.21523809523809523
0 0.5320838627700127 0.4804761904761905 0.7890724269377383 0.26761904761904765
0 0.5149301143583227 0.7390476190476191 0.7541296060991105 0.2857142857142857