0 0.4377358490566038 0.005681818181818182 0.20754716981132076 0.011363636363636364
0 0.9330188679245283 0.01948051948051948 0.09433962264150944 0.016233766233766232
0 0.659433962264151 0.05194805194805195 0.6471698113207547 0.03896103896103896
0 0.6566037735849056 0.0698051948051948 0.6433962264150943 0.03571428571428571
0 0.6575471698113208 0.08279220779220779 0.6452830188679245 0.03571428571428571
0 0.6566037735849056 0.10064935064935066 0.6433962264150943 0.03896103896103896
0 0.6556603773584906 0.11444805194805195 0.6452830188679245 0.037337662337662336
0 0.38113207547169814 0.12094155844155845 0.08867924528301886 0.021103896103896104
0 0.6056603773584905 0.21266233766233766 0.5622641509433962 0.06168831168831169
0 0.6226415094339622 0.273538961038961 0.6169811320754717 0.06818181818181818
0 0.6490566037735849 0.3319805194805195 0.6792452830188679 0.08441558441558442
0 0.6415094339622641 0.3823051948051948 0.6584905660377358 0.07305194805194805
0 0.6509433962264151 0.4375 0.6622641509433962 0.06655844155844155
0 0.6141509433962264 0.4943181818181818 0.590566037735849 0.07305194805194805
0 0.5867924528301887 0.5397727272727273 0.5660377358490566 0.06655844155844155
0 0.5669811320754717 0.6006493506493507 0.5245283018867924 0.0633116883116883
0 0.6188679245283019 0.6550324675324676 0.6660377358490566 0.06818181818181818
0 0.39811320754716983 0.7053571428571429 0.19056603773584907 0.05194805194805195