0 0.2729100529100529 0.13108614232209737 0.1838095238095238 0.04138576779026217
0 0.39544973544973544 0.18232209737827715 0.5458201058201058 0.03745318352059925
0 0.49148148148148146 0.2099250936329588 0.7602116402116402 0.04138576779026217
0 0.2742857142857143 0.23456928838951313 0.17544973544973544 0.03153558052434457
0 0.4970899470899471 0.2552808988764045 0.7435449735449735 0.03745318352059925
0 0.5291005291005291 0.30752808988764047 0.7852910052910053 0.035468164794007495
0 0.5861904761904763 0.3350936329588015 0.7992063492063493 0.035468164794007495
0 0.55 0.3597378277153558 0.7268253968253968 0.033520599250936325
0 0.2742857142857143 0.4110112359550562 0.17544973544973544 0.033520599250936325
0 0.4929100529100529 0.45831460674157304 0.751904761904762 0.033520599250936325
0 0.39544973544973544 0.4868913857677903 0.4177248677248677 0.03943820224719101
0 0.543015873015873 0.5095505617977528 0.8521164021164022 0.03745318352059925
0 0.2868253968253968 0.5332209737827716 0.2060846560846561 0.029550561797752808
0 0.4970899470899471 0.559812734082397 0.7435449735449735 0.03943820224719101
0 0.26037037037037036 0.5854681647940074 0.14756613756613757 0.035468164794007495
0 0.55 0.6357303370786517 0.7212698412698413 0.04138576779026217
0 0.5750264550264551 0.6633333333333333 0.7769312169312169 0.04138576779026217
0 0.5861904761904763 0.6889513108614231 0.8048148148148149 0.033520599250936325
0 0.37735449735449733 0.7579400749063671 0.37037037037037035 0.04535580524344569
0 0.43582010582010583 0.8131460674157304 0.6265608465608465 0.03745318352059925
0 0.29798941798941797 0.8436704119850187 0.3397354497354497 0.03153558052434457
0 0.4929100529100529 0.8929588014981273 0.7351851851851852 0.03943820224719101
0 0.2715343915343915 0.9235205992509363 0.3313756613756614 0.03745318352059925