0 0.20659375 0.0132 0.18403125 0.026387499999999998
0 0.56596875 0.015275 0.19096875 0.027774999999999998
0 0.921 0.0173625 0.157984375 0.020837500000000002
0 0.4288125 0.122225 0.55903125 0.127775
0 0.470484375 0.234025 0.8680625 0.115275
0 0.45746875 0.34027500000000005 0.8454843750000001 0.1166625
0 0.5 0.4479125 0.9270781250000001 0.115275
0 0.436625 0.54305 0.79340625 0.13055
0 0.400171875 0.6576375 0.7274375 0.11805
0 0.407125 0.7541625000000001 0.7274375 0.1083375
0 0.4930625 0.8645875 0.8888906249999999 0.1208375