0 0.2839622641509434 0.07132018209408195 0.20566037735849058 0.021244309559939303
0 0.780188679245283 0.06980273141122914 0.09245283018867924 0.021244309559939303
0 0.5056603773584906 0.11532625189681335 0.6452830188679245 0.018209408194233688
0 0.5047169811320755 0.13125948406676782 0.6433962264150943 0.019726858877086494
0 0.5075471698113208 0.1441578148710167 0.6415094339622641 0.018209408194233688
0 0.5047169811320755 0.15933232169954475 0.6433962264150943 0.018209408194233688
0 0.39528301886792455 0.17450682852807284 0.42452830188679247 0.018209408194233688
0 0.5047169811320755 0.2283763277693475 0.6471698113207547 0.05614567526555387
0 0.5141509433962265 0.27996965098634297 0.6433962264150943 0.0622154779969651
0 0.4962264150943396 0.3323216995447648 0.6452830188679245 0.0637329286798179
0 0.519811320754717 0.38012139605462825 0.6735849056603773 0.05918057663125948
0 0.519811320754717 0.4362670713201821 0.6698113207547169 0.0622154779969651
0 0.5103773584905661 0.48710166919575115 0.6584905660377358 0.06676783004552352
0 0.5150943396226415 0.5402124430955993 0.6792452830188679 0.06069802731411229
0 0.4877358490566038 0.5940819423368741 0.6245283018867924 0.0622154779969651
0 0.469811320754717 0.6418816388467374 0.5773584905660377 0.06069802731411229
0 0.5226415094339623 0.6911987860394537 0.690566037735849 0.05918057663125948
0 0.21509433962264152 0.8232169954476479 0.05660377358490566 0.019726858877086494