0 0.0202991452991453 0.03316326530612245 0.0405982905982906 0.030612244897959183
0 0.018162393162393164 0.07525510204081633 0.03632478632478633 0.05357142857142857
0 0.056623931623931624 0.13137755102040816 0.11324786324786325 0.06377551020408163
0 0.7361111111111112 0.044642857142857144 0.2863247863247863 0.06377551020408163
0 0.5790598290598291 0.11989795918367346 0.31196581196581197 0.07653061224489796
0 0.6068376068376068 0.1683673469387755 0.24786324786324787 0.05612244897959184
0 0.19017094017094016 0.2576530612244898 0.0641025641025641 0.04081632653061224
0 0.6047008547008547 0.2461734693877551 0.24786324786324787 0.04846938775510204
0 0.19123931623931623 0.35841836734693877 0.0641025641025641 0.08673469387755102
0 0.625 0.3278061224489796 0.4465811965811966 0.13010204081632654
0 0.5202991452991453 0.38010204081632654 0.26282051282051283 0.08928571428571429
0 0.5181623931623932 0.5191326530612245 0.09615384615384616 0.04591836734693878
0 0.530982905982906 0.6071428571428571 0.8076923076923077 0.09693877551020408
0 0.5202991452991453 0.6556122448979592 0.8333333333333334 0.09948979591836735
0 0.15064102564102563 0.7142857142857143 0.09401709401709402 0.04591836734693878
0 0.4444444444444444 0.7461734693877551 0.11752136752136752 0.05357142857142857
0 0.5438034188034188 0.7920918367346939 0.7799145299145299 0.09438775510204081
0 0.5192307692307693 0.8405612244897959 0.8269230769230769 0.10459183673469388
0 0.13995726495726496 0.9043367346938775 0.0641025641025641 0.058673469387755105