0 0.39019197207678885 0.06971428571428571 0.19284467713787085 0.020962406015037592
0 0.8473647469458988 0.07046616541353383 0.08799301919720769 0.022466165413533835
0 0.5946073298429319 0.11333834586466165 0.5981675392670157 0.017924812030075187
0 0.5928621291448516 0.12938345864661654 0.594694589877836 0.015909774436090224
0 0.5940314136125654 0.14192481203007518 0.5970157068062827 0.014902255639097745
0 0.5943106457242583 0.15846616541353384 0.5941012216404887 0.017909774436090226
0 0.5934380453752182 0.17100751879699247 0.595846422338569 0.016887218045112784
0 0.34020942408376964 0.18479699248120302 0.08165794066317626 0.016390977443609022
0 0.5509947643979058 0.2637593984962406 0.5179232111692844 0.04190977443609023
0 0.5687260034904014 0.31915789473684214 0.5685165794066317 0.046390977443609024
0 0.5960558464223386 0.3725563909774436 0.6255148342059337 0.05890225563909775
0 0.5902443280977312 0.41968421052631577 0.6068935427574171 0.04884210526315789
0 0.6010122164048866 0.47033082706766915 0.6109773123909249 0.043804511278195485
0 0.5698952879581152 0.5239699248120301 0.5452530541012216 0.05079699248120301
0 0.5463350785340314 0.5668421052631579 0.5225828970331589 0.04625563909774436
0 0.5300523560209425 0.6237593984962406 0.48303664921465966 0.04371428571428571
0 0.5797731239092495 0.6726315789473685 0.613891797556719 0.04520300751879699
0 0.3773996509598604 0.7252781954887219 0.17424083769633508 0.042165413533834586