0 0.11322188449848024 0.032507739938080496 0.19908814589665655 0.06501547987616099
0 0.3594224924012158 0.04411764705882353 0.2507598784194529 0.08823529411764706
0 0.621580547112462 0.0456656346749226 0.24164133738601823 0.0913312693498452
0 0.8814589665653495 0.0565015479876161 0.23708206686930092 0.09442724458204334
0 0.1094224924012158 0.13080495356037153 0.19756838905775076 0.10681114551083591
0 0.3556231003039514 0.14086687306501547 0.25227963525835867 0.12229102167182662
0 0.6231003039513677 0.14938080495356038 0.2613981762917933 0.12074303405572756
0 0.8913373860182371 0.16176470588235295 0.1899696048632219 0.10990712074303406
0 0.11246200607902736 0.23839009287925697 0.21124620060790272 0.09442724458204334
0 0.3465045592705167 0.2561919504643963 0.25379939209726443 0.11145510835913312
0 0.6177811550151976 0.26160990712074306 0.2553191489361702 0.10371517027863777
0 0.8776595744680851 0.27167182662538697 0.24468085106382978 0.1130030959752322
0 0.10714285714285714 0.3544891640866873 0.20820668693009117 0.1130030959752322
0 0.35030395136778114 0.36919504643962847 0.25987841945288753 0.12074303405572756
0 0.6139817629179332 0.3784829721362229 0.25227963525835867 0.11145510835913312
0 0.8738601823708206 0.38390092879256965 0.25227963525835867 0.1238390092879257
0 0.4810030395136778 0.4674922600619195 0.33586626139817627 0.04179566563467492
0 0.47416413373860183 0.5487616099071208 0.6458966565349544 0.09752321981424149
0 0.45896656534954405 0.651702786377709 0.6337386018237082 0.1238390092879257
0 0.4726443768996961 0.7221362229102167 0.1838905775075988 0.03715170278637771
0 0.23100303951367782 0.7933436532507739 0.22036474164133737 0.08359133126934984
0 0.5904255319148937 0.7979876160990712 0.3130699088145897 0.08668730650154799
0 0.5752279635258358 0.9109907120743034 0.25987841945288753 0.08204334365325078
0 0.21580547112462006 0.9024767801857585 0.16717325227963525 0.07585139318885449
0 0.46200607902735563 0.9860681114551083 0.2066869300911854 0.02786377708978328