0 0.455521472392638 0.10337552742616034 0.20552147239263804 0.0379746835443038
0 0.4171779141104294 0.14767932489451477 0.46932515337423314 0.05063291139240506
0 0.3895705521472393 0.17932489451476794 0.5337423312883436 0.05063291139240506
0 0.4049079754601227 0.22257383966244726 0.44785276073619634 0.05485232067510549
0 0.4493865030674847 0.26476793248945146 0.6595092024539877 0.06118143459915612
0 0.4171779141104294 0.29957805907172996 0.48466257668711654 0.05063291139240506
0 0.4723926380368098 0.3407172995780591 0.6932515337423313 0.06118143459915612
0 0.4539877300613497 0.3808016877637131 0.549079754601227 0.056962025316455694
0 0.5030674846625767 0.41983122362869196 0.7791411042944786 0.06118143459915612
0 0.401840490797546 0.45358649789029537 0.4723926380368098 0.05485232067510549
0 0.40950920245398775 0.4957805907172996 0.5858895705521472 0.05907172995780591
0 0.43558282208588955 0.5379746835443038 0.5429447852760736 0.056962025316455694
0 0.4156441717791411 0.5738396624472574 0.6226993865030674 0.056962025316455694
0 0.3834355828220859 0.6065400843881856 0.44171779141104295 0.0379746835443038
0 0.4708588957055215 0.6540084388185654 0.7116564417177914 0.05485232067510549
0 0.4156441717791411 0.6930379746835443 0.5 0.04852320675105485
0 0.450920245398773 0.7362869198312236 0.6656441717791411 0.05485232067510549
0 0.5567484662576687 0.7753164556962026 0.34049079754601225 0.046413502109704644
0 0.5337423312883436 0.810126582278481 0.29754601226993865 0.04219409282700422