0 0.45908745247148286 0.04328571428571429 0.8309125475285171 0.026057142857142855
0 0.13756653992395437 0.06008571428571429 0.19460076045627375 0.026057142857142855
0 0.4959695817490494 0.11722857142857143 0.45737642585551336 0.05631428571428572
0 0.43836501901140684 0.14957142857142858 0.7895437262357414 0.04202857142857143
0 0.9131178707224334 0.14874285714285715 0.04585551330798479 0.03697142857142857
0 0.47920152091254753 0.19622857142857145 0.8756273764258555 0.05631428571428572
0 0.47304182509505704 0.2357142857142857 0.8857034220532319 0.05462857142857143
0 0.4707984790874524 0.27562857142857144 0.8588593155893536 0.053771428571428574
0 0.46520912547528515 0.3180571428571428 0.8431939163498099 0.05631428571428572
0 0.45627376425855515 0.3563142857142857 0.847680608365019 0.05545714285714286
0 0.45961977186311787 0.39537142857142854 0.838745247148289 0.05797142857142857
0 0.4786311787072243 0.4365428571428571 0.8790114068441065 0.052942857142857146
0 0.42159695817490495 0.47605714285714285 0.7626996197718632 0.05462857142857143
0 0.7610266159695818 0.9609142857142857 0.39923954372623577 0.03108571428571429