0 0.3098705501618123 0.141875 0.07281553398058252 0.0325
0 0.44336569579288027 0.15 0.07605177993527508 0.03625
0 0.5550161812297735 0.144375 0.08737864077669903 0.04375
0 0.6682847896440129 0.143125 0.06472491909385113 0.01875
0 0.18446601941747573 0.185 0.1650485436893204 0.04125
0 0.494336569579288 0.183125 0.24919093851132687 0.0475
0 0.5088996763754046 0.21875 0.7540453074433657 0.05375
0 0.470873786407767 0.255625 0.7588996763754046 0.04875
0 0.48705501618122976 0.2925 0.7928802588996764 0.05125
0 0.49919093851132684 0.329375 0.813915857605178 0.055
0 0.2807443365695793 0.369375 0.3705501618122977 0.04625
0 0.19983818770226539 0.43625 0.11650485436893204 0.0325
0 0.3244336569579288 0.77 0.34951456310679613 0.0475
0 0.33980582524271846 0.84375 0.37702265372168287 0.05
0 0.48705501618122976 0.92875 0.042071197411003236 0.02375