0 0.4752604166666667 0.06103515625 0.55078125 0.07666015625
0 0.494140625 0.1455078125 0.8294270833333334 0.07421875
0 0.4055989583333333 0.22119140625 0.68359375 0.07177734375
0 0.47265625 0.2890625 0.791015625 0.07177734375
0 0.4654947916666667 0.3662109375 0.8092447916666666 0.08935546875
0 0.4485677083333333 0.408203125 0.7825520833333334 0.06298828125
0 0.45703125 0.4775390625 0.7760416666666666 0.06787109375
0 0.4856770833333333 0.53369140625 0.8802083333333334 0.0791015625
0 0.107421875 0.60302734375 0.12760416666666666 0.0615234375
0 0.4361979166666667 0.6484375 0.7473958333333334 0.11962890625
0 0.3763020833333333 0.70947265625 0.6412760416666666 0.11083984375
0 0.48828125 0.7783203125 0.875 0.07177734375
0 0.431640625 0.83740234375 0.7591145833333334 0.0791015625
0 0.48046875 0.89208984375 0.826171875 0.0703125
0 0.4869791666666667 0.9423828125 0.8430989583333334 0.0703125