0 0.40479876160990713 0.061813186813186816 0.33591331269349844 0.12362637362637363
0 0.9481424148606811 0.04807692307692308 0.0696594427244582 0.057692307692307696
0 0.9736842105263158 0.08104395604395605 0.05263157894736842 0.03296703296703297
0 0.47678018575851394 0.22664835164835165 0.8204334365325078 0.14835164835164835
0 0.4295665634674923 0.3159340659340659 0.8018575851393189 0.1565934065934066
0 0.5007739938080495 0.385989010989011 0.9303405572755418 0.1401098901098901
0 0.5154798761609907 0.4642857142857143 0.9659442724458205 0.14285714285714285
0 0.5046439628482973 0.5576923076923077 0.9597523219814241 0.15384615384615385
0 0.35758513931888547 0.6373626373626373 0.6594427244582043 0.13736263736263737
0 0.531733746130031 0.728021978021978 0.7879256965944272 0.14560439560439561
0 0.48839009287925694 0.8255494505494505 0.9504643962848297 0.1510989010989011
0 0.11919504643962849 0.8997252747252747 0.19349845201238391 0.07417582417582418
0 0.7956656346749226 0.9574175824175825 0.38390092879256965 0.08516483516483517