0 0.4171388101983003 0.02230971128608924 0.42917847025495753 0.04461942257217848
0 0.7096317280453258 0.045931758530183726 0.25920679886685555 0.030183727034120734
0 0.060906515580736544 0.11614173228346457 0.06940509915014165 0.03280839895013123
0 0.44192634560906513 0.08333333333333333 0.4065155807365439 0.04068241469816273
0 0.5623229461756374 0.12598425196850394 0.7124645892351275 0.06299212598425197
0 0.2669971671388102 0.16076115485564305 0.12322946175637393 0.05249343832020997
0 0.08640226628895184 0.2211286089238845 0.12889518413597734 0.04199475065616798
0 0.10835694050991501 0.260498687664042 0.14305949008498584 0.05511811023622047
0 0.0906515580736544 0.3320209973753281 0.13739376770538245 0.05643044619422572
0 0.09631728045325778 0.43503937007874016 0.17138810198300283 0.06036745406824147
0 0.08640226628895184 0.5387139107611548 0.13739376770538245 0.04330708661417323
0 0.10198300283286119 0.5780839895013123 0.15439093484419264 0.05643044619422572
0 0.08144475920679886 0.7086614173228346 0.14447592067988668 0.03674540682414698
0 0.05594900849858357 0.7519685039370079 0.05240793201133145 0.049868766404199474
0 0.07223796033994334 0.7821522309711286 0.11048158640226628 0.03805774278215223
0 0.08852691218130311 0.821522309711286 0.14447592067988668 0.04461942257217848
0 0.05594900849858357 0.8576115485564304 0.07365439093484419 0.04199475065616798
0 0.3314447592067989 0.229002624671916 0.19688385269121814 0.05380577427821522
0 0.5297450424929179 0.2283464566929134 0.11614730878186968 0.04068241469816273
0 0.7039660056657224 0.24015748031496062 0.039660056657223795 0.028871391076115485
0 0.5354107648725213 0.2723097112860892 0.11048158640226628 0.04068241469816273
0 0.4992917847025496 0.34186351706036744 0.5084985835694051 0.05905511811023622
0 0.5580736543909348 0.37926509186351703 0.613314447592068 0.05643044619422572
0 0.43342776203966005 0.41338582677165353 0.358356940509915 0.051181102362204724
0 0.49079320113314445 0.44816272965879267 0.471671388101983 0.05511811023622047
0 0.5609065155807366 0.4881889763779528 0.6246458923512748 0.06299212598425197
0 0.37039660056657225 0.515748031496063 0.17280453257790368 0.05249343832020997
0 0.40509915014164305 0.5544619422572179 0.35694050991501414 0.05774278215223097
0 0.5601983002832861 0.5879265091863517 0.6685552407932012 0.05643044619422572
0 0.3356940509915014 0.6181102362204725 0.2096317280453258 0.047244094488188976
0 0.3604815864022663 0.655511811023622 0.24362606232294617 0.05249343832020997
0 0.2358356940509915 0.7532808398950132 0.046742209631728045 0.023622047244094488
0 0.43555240793201133 0.7578740157480315 0.2988668555240793 0.051181102362204724
0 0.3810198300283286 0.8195538057742782 0.1643059490084986 0.07742782152230972
0 0.2301699716713881 0.8877952755905512 0.0453257790368272 0.030183727034120734
0 0.46104815864022664 0.8963254593175853 0.3130311614730878 0.05380577427821522
0 0.42776203966005666 0.9330708661417323 0.23654390934844194 0.05774278215223097
0 0.46104815864022664 0.9717847769028871 0.19688385269121814 0.05643044619422572