0 0.36824894514767936 0.08631329113924051 0.12274261603375528 0.0345253164556962
0 0.45071729957805906 0.14311708860759495 0.3720675105485232 0.08199367088607595
0 0.5178270042194093 0.3121360759493671 0.5063291139240507 0.10643987341772151
0 0.5398945147679325 0.37759493670886074 0.19371308016877636 0.033085443037974685
0 0.47468354430379744 0.4969778481012658 0.3548101265822785 0.11651898734177216
0 0.4593459915611814 0.6084651898734177 0.42386075949367086 0.12370253164556963
0 0.4823628691983122 0.7084335443037975 0.3663291139240506 0.07335443037974683
0 0.47947257383966246 0.5473259493670887 0.16109704641350212 0.04170886075949367
0 0.4286497890295359 0.8112816455696202 0.4698945147679325 0.13520569620253164
0 0.7307172995780591 0.7220886075949368 0.09972573839662448 0.04890822784810127
0 0.7134599156118143 0.7659651898734177 0.09972573839662448 0.04170886075949367
0 0.7326371308016877 0.8134335443037976 0.07289029535864978 0.04746835443037975