0 0.6716791979949874 0.04600484261501211 0.045112781954887216 0.025423728813559324
0 0.7374686716791979 0.07445520581113801 0.23308270676691728 0.03026634382566586
0 0.16854636591478697 0.09745762711864407 0.07644110275689223 0.0423728813559322
0 0.19987468671679198 0.12893462469733658 0.14411027568922305 0.04963680387409201
0 0.5939849624060151 0.11501210653753027 0.5789473684210527 0.06174334140435835
0 0.20927318295739347 0.1652542372881356 0.10902255639097744 0.05084745762711865
0 0.18295739348370926 0.19612590799031476 0.14285714285714285 0.0423728813559322
0 0.16791979949874686 0.23002421307506055 0.08395989974937343 0.0423728813559322
0 0.43734335839599 0.20702179176755447 0.2518796992481203 0.05811138014527845
0 0.6403508771929824 0.211864406779661 0.08521303258145363 0.035108958837772396
0 0.6365914786967418 0.2536319612590799 0.07393483709273183 0.044794188861985475
0 0.6353383458646616 0.2845036319612591 0.06766917293233082 0.03389830508474576
0 0.6397243107769424 0.31234866828087166 0.08395989974937343 0.0387409200968523
0 0.575187969924812 0.3450363196125908 0.6052631578947368 0.06174334140435835
0 0.5889724310776943 0.4085956416464891 0.6015037593984962 0.07021791767554479
0 0.35902255639097747 0.4328087167070218 0.15288220551378445 0.0387409200968523
0 0.14661654135338345 0.4552058111380145 0.08145363408521303 0.048426150121065374
0 0.14097744360902256 0.5199757869249395 0.09022556390977443 0.0423728813559322
0 0.12092731829573934 0.6828087167070218 0.040100250626566414 0.03631961259079903
0 0.14661654135338345 0.7560532687651331 0.11904761904761904 0.048426150121065374
0 0.16353383458646617 0.8214285714285714 0.15288220551378445 0.05447941888619855
0 0.5401002506265664 0.4715496368038741 0.5200501253132832 0.059322033898305086
0 0.48872180451127817 0.5042372881355932 0.43107769423558895 0.06416464891041163
0 0.5156641604010025 0.538135593220339 0.487468671679198 0.05811138014527845
0 0.3283208020050125 0.5647699757869249 0.11779448621553884 0.04600484261501211
0 0.5382205513784462 0.5690072639225182 0.13909774436090225 0.031476997578692496
0 0.3283208020050125 0.5944309927360775 0.12656641604010024 0.0387409200968523
0 0.5914786967418546 0.6071428571428571 0.23057644110275688 0.048426150121065374
0 0.600250626566416 0.6361985472154964 0.30451127819548873 0.05205811138014528
0 0.6535087719298246 0.6743341404358354 0.38220551378446116 0.05569007263922518
0 0.543233082706767 0.7033898305084746 0.5651629072681704 0.06295399515738499
0 0.5858395989974937 0.7330508474576272 0.5075187969924813 0.048426150121065374
0 0.3483709273182957 0.7572639225181598 0.08020050125313283 0.048426150121065374
0 0.618421052631579 0.7717917675544794 0.34210526315789475 0.053268765133171914
0 0.35526315789473684 0.788135593220339 0.09273182957393483 0.03753026634382567
0 0.6296992481203008 0.7990314769975787 0.3408521303258145 0.0423728813559322
0 0.5093984962406015 0.8329297820823245 0.4448621553884712 0.06174334140435835
0 0.5576441102756893 0.9001210653753027 0.5977443609022557 0.07263922518159806
0 0.5131578947368421 0.9612590799031477 0.4849624060150376 0.059322033898305086
0 0.5150375939849624 0.9830508474576272 0.49122807017543857 0.03389830508474576