0 0.17169082125603866 0.06172839506172839 0.06729468599033817 0.0205761316872428
0 0.5305314009661836 0.2726337448559671 0.3329951690821256 0.05436213991769548
0 0.5322705314009663 0.3395061728395062 0.7298067632850241 0.04995884773662552
0 0.4977777777777778 0.4460493827160494 0.6745893719806763 0.051440329218107
0 0.4977777777777778 0.5533333333333333 0.6608212560386473 0.05436213991769548
0 0.48396135265700485 0.664320987654321 0.6400966183574879 0.04703703703703704
0 0.22169082125603864 0.7664609053497943 0.16391304347826086 0.02497942386831276
0 0.3830434782608696 0.8208230452674897 0.4451207729468599 0.05436213991769548
0 0.22685990338164252 0.9472427983539095 0.1742512077294686 0.02205761316872428
0 0.8031400966183575 0.9487242798353909 0.1121256038647343 0.013209876543209877
0 0.904927536231884 0.9442798353909465 0.036231884057971016 0.02794238683127572