0 0.17066666666666666 0.17666666666666667 0.116 0.10166666666666667
0 0.168 0.29583333333333334 0.09866666666666667 0.07833333333333334
0 0.15666666666666668 0.3875 0.07466666666666667 0.06166666666666667
0 0.154 0.5133333333333333 0.06933333333333333 0.08333333333333333
0 0.16266666666666665 0.6083333333333333 0.07733333333333334 0.085
0 0.17 0.72 0.08133333333333333 0.085
0 0.17466666666666666 0.84 0.28 0.12833333333333333
0 0.5866666666666667 0.33666666666666667 0.112 0.09333333333333334
0 0.5306666666666666 0.43166666666666664 0.19733333333333333 0.056666666666666664
0 0.6426666666666667 0.49166666666666664 0.25066666666666665 0.06666666666666667
0 0.5413333333333333 0.5766666666666667 0.17333333333333334 0.085
0 0.5966666666666667 0.6575 0.256 0.07