0 0.4581712062256809 0.09652509652509653 0.8521400778210116 0.09652509652509653
0 0.48443579766536965 0.15057915057915058 0.8540856031128404 0.09266409266409266
0 0.5116731517509727 0.20366795366795368 0.9221789883268483 0.08494208494208494
0 0.490272373540856 0.25868725868725867 0.8696498054474708 0.07722007722007722
0 0.49416342412451364 0.3194980694980695 0.8949416342412452 0.07915057915057915
0 0.49416342412451364 0.37741312741312744 0.8929961089494164 0.10038610038610038
0 0.519455252918288 0.4343629343629344 0.9610894941634242 0.0945945945945946
0 0.5155642023346303 0.49034749034749037 0.9299610894941635 0.08301158301158301
0 0.5068093385214008 0.553088803088803 0.943579766536965 0.10038610038610038
0 0.4805447470817121 0.6187258687258688 0.9007782101167315 0.10038610038610038
0 0.5145914396887159 0.6708494208494209 0.9708171206225681 0.09845559845559845
0 0.504863813229572 0.7335907335907336 0.9708171206225681 0.10231660231660232
0 0.08560311284046693 0.8001930501930502 0.12840466926070038 0.05019305019305019
0 0.25583657587548636 0.8561776061776062 0.4669260700389105 0.06177606177606178