0 0.15853658536585366 0.04142011834319527 0.28222996515679444 0.038461538461538464
0 0.8423344947735192 0.058431952662721894 0.12717770034843207 0.034023668639053255
0 0.4573170731707317 0.11538461538461539 0.8832752613240418 0.05029585798816568
0 0.45818815331010454 0.13683431952662722 0.8832752613240418 0.051775147928994084
0 0.45905923344947736 0.15754437869822485 0.8867595818815331 0.051775147928994084
0 0.4573170731707317 0.17751479289940827 0.8850174216027874 0.05029585798816568
0 0.08275261324041812 0.1915680473372781 0.13763066202090593 0.02514792899408284
0 0.48606271777003485 0.2906804733727811 0.945993031358885 0.08136094674556213
0 0.490418118466899 0.3646449704142012 0.9616724738675958 0.07396449704142012
0 0.48519163763066203 0.4430473372781065 0.9668989547038328 0.07840236686390532
0 0.4738675958188153 0.5162721893491125 0.9477351916376306 0.07396449704142012
0 0.44773519163763065 0.5894970414201184 0.8954703832752613 0.06656804733727811
0 0.45905923344947736 0.6686390532544378 0.9181184668989547 0.07692307692307693
0 0.45557491289198604 0.7448224852071006 0.9111498257839721 0.07248520710059171
0 0.460801393728223 0.8187869822485208 0.921602787456446 0.07544378698224852
0 0.18815331010452963 0.8853550295857988 0.37630662020905925 0.060650887573964495