0 0.4087677725118483 0.24200236966824645 0.5347551342812006 0.09123222748815166
0 0.4206161137440758 0.2908767772511848 0.48578199052132703 0.09656398104265403
0 0.41350710900473936 0.3302725118483412 0.5173775671406003 0.09537914691943128
0 0.4589257503949447 0.37174170616113744 0.523696682464455 0.10011848341232228
0 0.46208530805687204 0.4206161137440758 0.5829383886255924 0.11552132701421801
0 0.4000789889415482 0.46949052132701424 0.37282780410742494 0.08471563981042654
0 0.4419431279620853 0.5195497630331753 0.5213270142180095 0.10426540284360189
0 0.4537914691943128 0.5651658767772512 0.4399684044233807 0.08590047393364929
0 0.4822274881516588 0.5995260663507109 0.5671406003159558 0.10959715639810426
0 0.4948657187993681 0.643957345971564 0.4881516587677725 0.09656398104265403
0 0.523696682464455 0.6872037914691943 0.5908372827804107 0.12026066350710901
0 0.4636650868878357 0.7434834123222749 0.3767772511848341 0.08945497630331753
0 0.5390995260663507 0.7899881516587678 0.5774091627172195 0.11552132701421801
0 0.43759873617693523 0.8483412322274881 0.27567140600315954 0.06575829383886256
0 0.5221169036334913 0.8812203791469194 0.4921011058451817 0.10426540284360189
0 0.5699052132701422 0.928021327014218 0.4976303317535545 0.10722748815165876