0 0.5 0.059475806451612906 0.8902439024390244 0.11693548387096774
0 0.524390243902439 0.11693548387096774 0.8943089430894309 0.11290322580645161
0 0.5335365853658537 0.17137096774193547 0.9329268292682927 0.10483870967741936
0 0.524390243902439 0.22983870967741934 0.9105691056910569 0.0967741935483871
0 0.5254065040650406 0.29435483870967744 0.9349593495934959 0.09879032258064516
0 0.5223577235772358 0.3548387096774194 0.9349593495934959 0.12096774193548387
0 0.5213414634146342 0.41330645161290325 0.9573170731707317 0.11290322580645161
0 0.5254065040650406 0.47076612903225806 0.9491869918699187 0.1028225806451613
0 0.5152439024390244 0.5383064516129032 0.9695121951219512 0.12096774193548387
0 0.49390243902439024 0.6048387096774194 0.943089430894309 0.12096774193548387
0 0.5071138211382114 0.6612903225806451 0.975609756097561 0.11895161290322581
0 0.49898373983739835 0.7247983870967742 0.9878048780487805 0.125
0 0.07113821138211382 0.7731854838709677 0.13414634146341464 0.05443548387096774
0 0.24695121951219512 0.8407258064516129 0.4898373983739837 0.07258064516129033