0 0.6536697247706422 0.13221153846153846 0.03363914373088685 0.022435897435897436
0 0.7209480122324159 0.13541666666666666 0.039755351681957186 0.027243589743589744
0 0.3287461773700306 0.19631410256410256 0.5458715596330275 0.0673076923076923
0 0.32262996941896027 0.28205128205128205 0.5290519877675841 0.05128205128205128
0 0.46559633027522934 0.3645833333333333 0.7996941896024465 0.0625
0 0.4487767584097859 0.4046474358974359 0.790519877675841 0.05929487179487179
0 0.33256880733944955 0.44551282051282054 0.5382262996941896 0.05448717948717949
0 0.28440366972477066 0.53125 0.43119266055045874 0.05608974358974359
0 0.3287461773700306 0.6049679487179487 0.5198776758409785 0.052884615384615384
0 0.38685015290519875 0.6794871794871795 0.5749235474006116 0.09134615384615384
0 0.11926605504587157 0.7315705128205128 0.03058103975535168 0.04006410256410257
0 0.31574923547400613 0.7347756410256411 0.06422018348623854 0.035256410256410256
0 0.29434250764525993 0.8084935897435898 0.42660550458715596 0.060897435897435896
0 0.46636085626911317 0.8485576923076923 0.7874617737003058 0.08173076923076923
0 0.4602446483180428 0.8894230769230769 0.8134556574923547 0.06891025641025642
0 0.4709480122324159 0.9318910256410257 0.8180428134556575 0.08012820512820513
0 0.27522935779816515 0.9767628205128205 0.382262996941896 0.046474358974358976