0 0.553659793814433 0.32675675675675675 0.38948453608247424 0.04432432432432432
0 0.48778350515463914 0.38467181467181466 0.6280927835051546 0.06579150579150579
0 0.4744329896907217 0.43544401544401545 0.6472164948453608 0.06436293436293437
0 0.4687113402061856 0.47760617760617763 0.6280927835051546 0.07722007722007722
0 0.48206185567010307 0.5140926640926641 0.6472164948453608 0.08436293436293436
0 0.4868041237113402 0.5562548262548263 0.6529381443298969 0.07722007722007722
0 0.4543814432989691 0.6041698841698842 0.603298969072165 0.07864864864864865
0 0.48396907216494844 0.6527799227799228 0.6395360824742268 0.07579150579150579
0 0.4992268041237113 0.6913899613899613 0.6624742268041237 0.07007722007722007
0 0.5011340206185567 0.7435907335907336 0.658659793814433 0.08864864864864865
0 0.5192783505154639 0.7893436293436293 0.6758247422680413 0.08579150579150578
0 0.49067010309278347 0.8315444015444016 0.6223711340206185 0.07579150579150579
0 0.4935051546391752 0.8594208494208494 0.4829896907216495 0.037181467181467184