0 0.1580188679245283 0.065 0.1580188679245283 0.076
0 0.27712264150943394 0.203 0.39622641509433965 0.078
0 0.5011792452830188 0.281 0.8867924528301887 0.08
0 0.46108490566037735 0.35 0.7900943396226415 0.098
0 0.4386792452830189 0.414 0.7523584905660378 0.07
0 0.25471698113207547 0.482 0.375 0.064
0 0.43042452830188677 0.55 0.7665094339622641 0.102
0 0.49292452830188677 0.617 0.8773584905660378 0.086
0 0.24764150943396226 0.678 0.37971698113207547 0.068
0 0.35141509433962265 0.749 0.5589622641509434 0.08
0 0.44339622641509435 0.825 0.7948113207547169 0.1
0 0.6367924528301887 0.89 0.4410377358490566 0.08