0 0.5258064516129032 0.14367816091954022 0.7870967741935484 0.1839080459770115
0 0.9435483870967742 0.017241379310344827 0.08709677419354839 0.034482758620689655
0 0.967741935483871 0.05172413793103448 0.054838709677419356 0.040229885057471264
0 0.020967741935483872 0.35344827586206895 0.03225806451612903 0.08045977011494253
0 0.3790322580645161 0.35919540229885055 0.5967741935483871 0.1724137931034483
0 0.017741935483870968 0.45977011494252873 0.035483870967741936 0.07471264367816093
0 0.020967741935483872 0.5660919540229885 0.03870967741935484 0.09195402298850575
0 0.02258064516129032 0.6609195402298851 0.041935483870967745 0.07471264367816093
0 0.025806451612903226 0.7701149425287356 0.03870967741935484 0.08045977011494253
0 0.4532258064516129 0.4425287356321839 0.7354838709677419 0.16091954022988506
0 0.5419354838709678 0.5459770114942529 0.9161290322580645 0.1896551724137931
0 0.4532258064516129 0.6494252873563219 0.7451612903225806 0.16091954022988506
0 0.8016129032258065 0.9540229885057471 0.3967741935483871 0.08045977011494253