0 0.052845528455284556 0.012195121951219513 0.09349593495934959 0.024390243902439025
0 0.052845528455284556 0.0524390243902439 0.08536585365853659 0.05121951219512195
0 0.08739837398373984 0.1073170731707317 0.15447154471544716 0.05853658536585366
0 0.7601626016260162 0.06585365853658537 0.27235772357723576 0.05609756097560976
0 0.6077235772357723 0.12804878048780488 0.2967479674796748 0.06585365853658537
0 0.6310975609756098 0.17560975609756097 0.23577235772357724 0.04878048780487805
0 0.23272357723577236 0.23536585365853657 0.06097560975609756 0.03902439024390244
0 0.6270325203252033 0.24878048780487805 0.23577235772357724 0.041463414634146344
0 0.22865853658536586 0.33170731707317075 0.05894308943089431 0.08048780487804878
0 0.6422764227642277 0.3280487804878049 0.42276422764227645 0.11463414634146342
0 0.5416666666666666 0.3719512195121951 0.24796747967479674 0.08048780487804878
0 0.5335365853658537 0.5048780487804878 0.08943089430894309 0.041463414634146344
0 0.5416666666666666 0.5902439024390244 0.7682926829268293 0.07804878048780488
0 0.5294715447154471 0.6353658536585366 0.7926829268292683 0.08048780487804878
0 0.1758130081300813 0.6695121951219513 0.08739837398373984 0.04390243902439024
0 0.45426829268292684 0.7170731707317073 0.11178861788617886 0.04878048780487805
0 0.5457317073170732 0.7670731707317073 0.741869918699187 0.07560975609756097
0 0.5203252032520326 0.8121951219512196 0.7865853658536586 0.08292682926829269
0 0.15752032520325204 0.8512195121951219 0.05894308943089431 0.05609756097560976