0 0.142 0.006644518272425249 0.264 0.013289036544850499
0 0.114 0.02408637873754153 0.208 0.03156146179401993
0 0.098 0.053156146179401995 0.178 0.023255813953488372
0 0.5 0.04568106312292359 0.498 0.05149501661129568
0 0.269 0.08970099667774087 0.424 0.046511627906976744
0 0.698 0.09883720930232558 0.098 0.029900332225913623
0 0.319 0.13538205980066445 0.514 0.06312292358803986
0 0.257 0.16943521594684385 0.398 0.03820598006644518
0 0.162 0.20681063122923588 0.214 0.029900332225913623
0 0.185 0.24833887043189368 0.154 0.07308970099667775
0 0.169 0.3064784053156146 0.142 0.026578073089700997
0 0.161 0.33554817275747506 0.276 0.04817275747508306
0 0.585 0.21179401993355482 0.304 0.029900332225913623
0 0.599 0.24169435215946844 0.636 0.059800664451827246
0 0.446 0.2724252491694352 0.338 0.05647840531561462
0 0.81 0.3014950166112957 0.146 0.046511627906976744
0 0.479 0.3853820598006645 0.158 0.046511627906976744
0 0.479 0.42857142857142855 0.138 0.04152823920265781
0 0.456 0.47674418604651164 0.418 0.059800664451827246
0 0.494 0.520764119601329 0.612 0.0664451827242525
0 0.481 0.563953488372093 0.476 0.059800664451827246
0 0.488 0.6088039867109635 0.596 0.06478405315614617
0 0.611 0.6461794019933554 0.114 0.04152823920265781
0 0.92 0.9858803986710963 0.13 0.026578073089700997