0 0.5024038461538461 0.039965986394557826 0.9535256410256411 0.0663265306122449
0 0.48157051282051283 0.13095238095238096 0.905448717948718 0.06802721088435375
0 0.4935897435897436 0.22108843537414966 0.9423076923076923 0.06292517006802721
0 0.4807692307692308 0.3086734693877551 0.9214743589743589 0.061224489795918366
0 0.48157051282051283 0.4064625850340136 0.9230769230769231 0.06292517006802721
0 0.5056089743589743 0.4991496598639456 0.9871794871794872 0.0663265306122449
0 0.5 0.5960884353741497 0.9903846153846154 0.06462585034013606
0 0.5112179487179487 0.6811224489795918 0.9663461538461539 0.06802721088435375
0 0.5088141025641025 0.7755102040816326 0.9727564102564102 0.05612244897959184
0 0.5048076923076923 0.8690476190476191 0.9647435897435898 0.05952380952380952
0 0.5096153846153846 0.95578231292517 0.9807692307692307 0.06462585034013606