0 0.7912857142857143 0.025739750445632797 0.3368857142857143 0.020338680926916222
0 0.5235714285714286 0.07844919786096256 0.4054857142857142 0.05242424242424242
0 0.5072285714285715 0.12442067736185383 0.20957142857142855 0.03433155080213904
0 0.5092571428571429 0.17128342245989306 0.8422 0.05265597147950089
0 0.5133428571428571 0.23188948306595367 0.3442571428571428 0.04347593582887701
0 0.5047714285714285 0.37871657754010696 0.7923999999999999 0.05796791443850268
0 0.5110857142857143 0.4283778966131907 0.8091428571428572 0.055401069518716574
0 0.5213142857142857 0.47192513368983957 0.8377142857142856 0.04470588235294117
0 0.5096571428571428 0.5280748663101604 0.8185142857142857 0.05716577540106952
0 0.17891428571428572 0.5627094474153298 0.14914285714285716 0.03882352941176471
0 0.5241714285714286 0.7086452762923351 0.8352571428571428 0.047450980392156866
0 0.5256000000000001 0.7510338680926916 0.8422 0.046684491978609625
0 0.4990571428571428 0.7954901960784313 0.7973142857142858 0.05201426024955437
0 0.47945714285714286 0.8394117647058824 0.7744571428571428 0.04818181818181819
0 0.24154285714285717 0.8750623885918004 0.29728571428571426 0.03800356506238859
0 0.5152 0.9145454545454544 0.05 0.025258467023172904
0 0.10562857142857142 0.9764349376114082 0.08228571428571428 0.018627450980392157
0 0.9449714285714286 0.9746524064171123 0.03605714285714286 0.017094474153297682