0 0.6723488045007032 0.03975103734439834 0.03744022503516174 0.024107883817427386
0 0.7486779184247538 0.042392807745504836 0.04433192686357243 0.021341632088520055
0 0.4545991561181435 0.11004149377593361 0.4790717299578059 0.0620746887966805
0 0.540632911392405 0.15254495159059475 0.6383684950773558 0.06257261410788383
0 0.39988748241912797 0.19843706777316736 0.12416315049226442 0.07387275242047026
0 0.6805203938115331 0.1857399723374827 0.2379184247538678 0.03640387275242047
0 0.39540084388185653 0.30092669432918395 0.3110829817158931 0.04543568464730291
0 0.6066104078762307 0.3485892116182573 0.6271026722925457 0.060262793914246195
0 0.5552180028129395 0.3909681881051176 0.7442334739803094 0.05849239280774551
0 0.5913924050632912 0.42818810511756566 0.5838959212376934 0.05446749654218534
0 0.14749648382559777 0.4762240663900415 0.17686357243319267 0.06401106500691563
0 0.14136427566807314 0.5242600276625173 0.16458509142053446 0.06349930843706778
0 0.3218987341772152 0.501134163208852 0.17786216596343177 0.03936376210235132
0 0.6393530239099859 0.506417704011065 0.3550351617440225 0.05998616874135546
0 0.6374261603375527 0.5455186721991702 0.34454289732770743 0.05369294605809129
0 0.3224050632911392 0.5469017980636238 0.18911392405063293 0.048409405255878286
0 0.310014064697609 0.6188381742738589 0.03390998593530239 0.02525587828492393
0 0.5144444444444444 0.62298755186722 0.1589170182841069 0.049640387275242046
0 0.8108016877637131 0.6140525587828493 0.13279887482419128 0.039834024896265564
0 0.26909985935302394 0.6602074688796681 0.07482419127988749 0.045615491009681874
0 0.2889170182841069 0.6995712309820193 0.08632911392405064 0.04987551867219917
0 0.510098452883263 0.7008160442600276 0.10420534458509143 0.052392807745504845
0 0.8368917018284107 0.6921438450899032 0.16451476793248945 0.04712309820193638
0 0.27945147679324894 0.739432918395574 0.07251758087201125 0.03302904564315352
0 0.5386075949367088 0.733015214384509 0.15354430379746836 0.038312586445366524
0 0.8238537271448664 0.7393084370677732 0.10263009845288326 0.05088520055325035
0 0.4644444444444445 0.8189073305670816 0.4348382559774965 0.06520055325034578
0 0.8252461322081576 0.8088381742738588 0.2511954992967651 0.05514522821576763
0 0.4774824191279888 0.8632918395573996 0.4251195499296765 0.06946058091286307
0 0.5975386779184247 0.9198755186721992 0.6677637130801687 0.0820331950207469
0 0.3568073136427567 0.9656569847856155 0.18447257383966245 0.0508298755186722