0 0.5053765932792584 0.160625 0.18990730011587484 0.06244565217391305
0 0.13785631517960603 0.1853532608695652 0.1222827346465817 0.06188858695652173
0 0.30272305909617614 0.24460597826086958 0.4543453070683662 0.07383152173913043
0 0.3428041714947856 0.2974592391304348 0.5391541135573581 0.07953804347826086
0 0.532143684820394 0.35317934782608695 0.16232908458864426 0.04528532608695652
0 0.32949015063731174 0.17883152173913044 0.2413673232908459 0.10972826086956522
0 0.678018539976825 0.191875 0.24318655851680185 0.11407608695652173
0 0.4972653534183082 0.5951766304347826 0.3637079953650058 0.15529891304347826
0 0.7517149478563152 0.5337635869565218 0.2700579374275782 0.07160326086956523
0 0.529026651216686 0.6093206521739131 0.1259443800695249 0.050937500000000004
0 0.6827694090382387 0.6354076086956522 0.42648899188876016 0.07483695652173913
0 0.6436037079953649 0.6941032608695652 0.3435341830822712 0.0770108695652174
0 0.5800000000000001 0.7458831521739131 0.20936268829663965 0.052269021739130436
0 0.8051332560834299 0.7706114130434782 0.0686790266512167 0.04084239130434782
0 0.3376013904982619 0.8343342391304348 0.24368482039397452 0.1117663043478261
0 0.6855504055619931 0.8275407608695653 0.2466628041714948 0.10904891304347827