0 0.6560150375939849 0.04746835443037975 0.5075187969924813 0.0949367088607595
0 0.2800751879699248 0.18354430379746836 0.32706766917293234 0.05485232067510549
0 0.20676691729323307 0.21835443037974683 0.18421052631578946 0.04219409282700422
0 0.40037593984962405 0.2542194092827004 0.5451127819548872 0.05063291139240506
0 0.462406015037594 0.3069620253164557 0.38345864661654133 0.05485232067510549
0 0.24812030075187969 0.3670886075949367 0.15037593984962405 0.04430379746835443
0 0.6334586466165414 0.3850210970464135 0.5413533834586466 0.06329113924050633
0 0.22932330827067668 0.4166666666666667 0.08270676691729323 0.05907172995780591
0 0.6015037593984962 0.4166666666666667 0.48120300751879697 0.056962025316455694
0 0.42105263157894735 0.4356540084388186 0.10902255639097744 0.03375527426160337
0 0.4981203007518797 0.5 0.6541353383458647 0.05485232067510549
0 0.38721804511278196 0.5305907172995781 0.43609022556390975 0.04852320675105485
0 0.6597744360902256 0.7320675105485233 0.07518796992481203 0.02109704641350211