0 0.43667400881057267 0.025535420098846788 0.8403083700440529 0.051070840197693576
0 0.4840308370044053 0.05930807248764415 0.9372246696035242 0.07331136738056013
0 0.43006607929515417 0.10296540362438221 0.8270925110132159 0.07495881383855024
0 0.5005506607929515 0.20181219110378912 0.8359030837004405 0.0700164744645799
0 0.4873348017621145 0.25205930807248766 0.2566079295154185 0.07084019769357495
0 0.39262114537444937 0.2911861614497529 0.6431718061674009 0.09884678747940692
0 0.2290748898678414 0.3628500823723229 0.289647577092511 0.07166392092257001
0 0.3370044052863436 0.41227347611202636 0.538546255506608 0.06836902800658978
0 0.5352422907488987 0.4600494233937397 0.8931718061674009 0.07084019769357495
0 0.9774229074889867 0.42792421746293247 0.006607929515418502 0.006589785831960461
0 0.4752202643171806 0.5160626029654036 0.9107929515418502 0.07907742998352553
0 0.4091409691629956 0.5720757825370676 0.6530837004405287 0.08072487644151564
0 0.44438325991189426 0.6252059308072487 0.7213656387665198 0.0700164744645799
0 0.5501101321585903 0.6729818780889621 0.8997797356828194 0.08237232289950576
0 0.34801762114537443 0.7392915980230642 0.6552863436123348 0.08072487644151564
0 0.2852422907488987 0.7936573311367381 0.4790748898678414 0.07084019769357495
0 0.5126651982378855 0.8443163097199341 0.8436123348017621 0.08978583196046129
0 0.5203744493392071 0.9044481054365733 0.2698237885462555 0.07413509060955518
0 0.49284140969163 0.9538714991762768 0.4944933920704846 0.0642504118616145