0 0.5254777070063694 0.022340425531914895 0.9235668789808917 0.04468085106382979
0 0.5127388535031847 0.03829787234042553 0.8694267515923567 0.07021276595744681
0 0.535031847133758 0.07765957446808511 0.9299363057324841 0.059574468085106386
0 0.4840764331210191 0.11382978723404255 0.8343949044585988 0.05531914893617021
0 0.535031847133758 0.14468085106382977 0.9012738853503185 0.08297872340425531
0 0.5334394904458599 0.1797872340425532 0.9299363057324841 0.07021276595744681
0 0.4968152866242038 0.225531914893617 0.8757961783439491 0.06170212765957447
0 0.5318471337579618 0.25851063829787235 0.9363057324840764 0.07872340425531915
0 0.5334394904458599 0.2872340425531915 0.9331210191082803 0.059574468085106386
0 0.5270700636942676 0.3202127659574468 0.945859872611465 0.06170212765957447
0 0.5270700636942676 0.3606382978723404 0.945859872611465 0.06595744680851064
0 0.5015923566878981 0.4106382978723404 0.9076433121019108 0.07234042553191489
0 0.517515923566879 0.4521276595744681 0.945859872611465 0.0851063829787234
0 0.5 0.5063829787234042 0.9331210191082803 0.08085106382978724
0 0.49044585987261147 0.5329787234042553 0.8726114649681529 0.07021276595744681
0 0.5127388535031847 0.5691489361702128 0.9394904458598726 0.059574468085106386
0 0.46337579617834396 0.6085106382978723 0.8407643312101911 0.06170212765957447
0 0.5111464968152867 0.6393617021276595 0.9140127388535032 0.07659574468085106
0 0.5127388535031847 0.6808510638297872 0.9299363057324841 0.06808510638297872
0 0.47770700636942676 0.7212765957446808 0.8630573248407644 0.0574468085106383
0 0.5159235668789809 0.7531914893617021 0.945859872611465 0.06808510638297872
0 0.5143312101910829 0.7925531914893617 0.9394904458598726 0.07021276595744681
0 0.5143312101910829 0.824468085106383 0.9554140127388535 0.06808510638297872
0 0.5111464968152867 0.8617021276595744 0.9585987261146497 0.06170212765957447
0 0.47770700636942676 0.9063829787234042 0.910828025477707 0.059574468085106386
0 0.49044585987261147 0.9457446808510638 0.9331210191082803 0.07659574468085106