0 0.2350498338870432 0.03644314868804665 0.26578073089701 0.03498542274052478
0 0.8853820598006644 0.04518950437317784 0.1212624584717608 0.030612244897959183
0 0.5240863787375415 0.10349854227405247 0.8438538205980066 0.03498542274052478
0 0.5224252491694352 0.12536443148688048 0.8438538205980066 0.04081632653061224
0 0.521594684385382 0.14504373177842567 0.8471760797342193 0.03935860058309038
0 0.5224252491694352 0.16690962099125364 0.845514950166113 0.037900874635568516
0 0.40282392026578073 0.18877551020408162 0.6112956810631229 0.03498542274052478
0 0.4908637873754153 0.27113702623906705 0.8205980066445183 0.05102040816326531
0 0.5373754152823921 0.3462099125364432 0.9086378737541528 0.06268221574344024
0 0.5282392026578073 0.41909620991253643 0.9169435215946844 0.056851311953352766
0 0.5373754152823921 0.49416909620991256 0.925249169435216 0.056851311953352766
0 0.5307308970099668 0.5714285714285714 0.9352159468438538 0.06268221574344024
0 0.5332225913621262 0.6472303206997084 0.9269102990033222 0.0597667638483965
0 0.5066445182724253 0.7223032069970845 0.8887043189368771 0.05393586005830904
0 0.5099667774086378 0.793731778425656 0.893687707641196 0.05393586005830904
0 0.521594684385382 0.8731778425655977 0.915282392026578 0.0641399416909621
0 0.2931893687707641 0.9402332361516035 0.4684385382059801 0.052478134110787174