0 0.40902578796561606 0.013956310679611651 0.055873925501432664 0.02669902912621359
0 0.8459885386819485 0.03822815533980582 0.28939828080229224 0.04854368932038835
0 0.28939828080229224 0.08859223300970874 0.4140401146131805 0.08373786407766991
0 0.23209169054441262 0.13470873786407767 0.12893982808022922 0.04004854368932039
0 0.4355300859598854 0.1887135922330097 0.7120343839541547 0.08373786407766991
0 0.47349570200573066 0.24393203883495146 0.9255014326647565 0.08859223300970874
0 0.497134670487106 0.2967233009708738 0.7421203438395415 0.08737864077669903
0 0.3961318051575931 0.3628640776699029 0.4828080229226361 0.08131067961165049
0 0.4061604584527221 0.4381067961165049 0.502865329512894 0.07281553398058252
0 0.40830945558739257 0.49029126213592233 0.5243553008595988 0.055825242718446605
0 0.5200573065902578 0.558252427184466 0.7478510028653295 0.07160194174757281
0 0.5659025787965616 0.6231796116504854 0.7922636103151862 0.08616504854368932