0 0.4602272727272727 0.0873134328358209 0.17857142857142858 0.020895522388059702
0 0.8863636363636364 0.07985074626865672 0.08279220779220779 0.020895522388059702
0 0.650974025974026 0.1291044776119403 0.5551948051948052 0.028358208955223882
0 0.650974025974026 0.14253731343283582 0.5551948051948052 0.026865671641791045
0 0.6517857142857143 0.1582089552238806 0.5535714285714286 0.025373134328358207
0 0.650974025974026 0.17238805970149254 0.5568181818181818 0.026865671641791045
0 0.6501623376623377 0.18582089552238806 0.5551948051948052 0.028358208955223882
0 0.5633116883116883 0.20223880597014926 0.3782467532467532 0.019402985074626865
0 0.6477272727272727 0.2507462686567164 0.564935064935065 0.05223880597014925
0 0.6469155844155844 0.2992537313432836 0.5681818181818182 0.05522388059701493
0 0.625 0.3537313432835821 0.5162337662337663 0.05522388059701493
0 0.6517857142857143 0.40373134328358207 0.5698051948051948 0.058208955223880594
0 0.6558441558441559 0.45597014925373136 0.5827922077922078 0.0626865671641791
0 0.6590909090909091 0.5082089552238805 0.5795454545454546 0.0626865671641791
0 0.6387987012987013 0.55 0.5292207792207793 0.04626865671641791
0 0.6452922077922078 0.6052238805970149 0.5454545454545454 0.0626865671641791
0 0.4732142857142857 0.655223880597015 0.19318181818181818 0.03880597014925373
0 0.4715909090909091 0.8373134328358209 0.1672077922077922 0.049253731343283584