0 0.2564166666666667 0.07730769230769231 0.025633333333333334 0.015272952853598016
0 0.26025000000000004 0.09162531017369727 0.0359 0.015272952853598016
0 0.35128333333333334 0.12215880893300247 0.22051666666666667 0.03435483870967742
0 0.46024999999999994 0.18132754342431762 0.46409999999999996 0.04008684863523573
0 0.5390999999999999 0.20709677419354838 0.6294833333333333 0.03626550868486352
0 0.5596166666666667 0.23573200992555832 0.6730833333333334 0.028635235732009923
0 0.4980833333333334 0.2619727047146402 0.5448666666666667 0.03339950372208437
0 0.37051666666666666 0.28727047146401985 0.3 0.028635235732009923
0 0.5256333333333333 0.3163771712158809 0.5871833333333334 0.03339950372208437
0 0.4435833333333333 0.3440570719602978 0.4282 0.027679900744416872
0 0.5666666666666667 0.37220843672456577 0.6718 0.030545905707196033
0 0.4435833333333333 0.3974937965260546 0.44103333333333333 0.03148883374689826
0 0.5032 0.45238213399503724 0.5577 0.03435483870967742
0 0.2865333333333333 0.47384615384615386 0.11666666666666667 0.02576923076923077
0 0.5794833333333334 0.4800496277915633 0.3615333333333333 0.02672456575682382
0 0.6506333333333333 0.5105955334987593 0.4935833333333333 0.03626550868486352
0 0.5134666666666666 0.5349255583126551 0.20641666666666666 0.027679900744416872
0 0.2769166666666667 0.5559305210918114 0.13076666666666667 0.02576923076923077
0 0.6589666666666667 0.5606947890818859 0.5025666666666667 0.03339950372208437
0 0.4596166666666666 0.5869478908188586 0.15513333333333332 0.030545905707196033
0 0.56795 0.6189205955334988 0.71795 0.03722084367245657
0 0.4987166666666667 0.6446898263027295 0.5922999999999999 0.041042183622828785
0 0.5827 0.7038585607940446 0.6628166666666666 0.05249379652605459
0 0.53525 0.7286724565756824 0.6987166666666667 0.05249379652605459
0 0.5435833333333333 0.7606451612903227 0.7205166666666667 0.06107940446650124
0 0.2923 0.7806823821339951 0.22051666666666667 0.03244416873449131
0 0.5262833333333333 0.8188585607940446 0.39615 0.045806451612903226
0 0.6025666666666667 0.8508312655086848 0.6307666666666666 0.05249379652605459
0 0.5487166666666667 0.88136476426799 0.6128166666666667 0.05440446650124069
0 0.41475 0.9123821339950372 0.4807666666666666 0.05153846153846154