0 0.5142857142857142 0.12062937062937062 0.14395604395604394 0.037587412587412584
0 0.5104395604395604 0.17395104895104896 0.31758241758241756 0.044580419580419584
0 0.5071428571428571 0.2312062937062937 0.512087912087912 0.04895104895104895
0 0.5153846153846153 0.28715034965034963 0.11208791208791209 0.03671328671328671
0 0.5115384615384615 0.3500874125874126 0.7230769230769231 0.05856643356643357
0 0.5153846153846153 0.40515734265734266 0.3263736263736264 0.04020979020979021
0 0.47307692307692306 0.4549825174825175 0.7582417582417582 0.06818181818181818
0 0.4593406593406593 0.4986888111888112 0.7571428571428571 0.07342657342657342
0 0.44560439560439563 0.534965034965035 0.7505494505494505 0.07080419580419581
0 0.4664835164835165 0.5673076923076923 0.8032967032967033 0.08304195804195805
0 0.493956043956044 0.5992132867132867 0.8692307692307693 0.08479020979020979
0 0.10989010989010989 0.6341783216783217 0.10659340659340659 0.038461538461538464
0 0.49065934065934064 0.6634615384615384 0.856043956043956 0.07692307692307693
0 0.4642857142857143 0.7045454545454546 0.8219780219780219 0.08391608391608392
0 0.4835164835164835 0.7368881118881119 0.8791208791208791 0.07954545454545454
0 0.31978021978021975 0.777534965034965 0.5681318681318681 0.07867132867132867
0 0.2291208791208791 0.8168706293706294 0.35384615384615387 0.07342657342657342
0 0.23186813186813188 0.8457167832167832 0.36923076923076925 0.06555944055944056
0 0.25384615384615383 0.8972902097902098 0.4076923076923077 0.07517482517482517
0 0.18186813186813186 0.9335664335664335 0.25054945054945055 0.055944055944055944
0 0.7181318681318681 0.8422202797202797 0.3263736263736264 0.2403846153846154