0 0.2939914163090129 0.03289473684210526 0.30042918454935624 0.06578947368421052
0 0.5708154506437768 0.12938596491228072 0.7746781115879828 0.17105263157894737
0 0.21351931330472104 0.23903508771929824 0.17381974248927037 0.12280701754385964
0 0.628755364806867 0.36622807017543857 0.7424892703862661 0.17105263157894737
0 0.5804721030042919 0.48464912280701755 0.8390557939914163 0.15350877192982457
0 0.5611587982832618 0.6074561403508771 0.8776824034334764 0.17982456140350878
0 0.3648068669527897 0.7192982456140351 0.4678111587982833 0.17543859649122806
0 0.5107296137339056 0.8092105263157895 0.6630901287553648 0.13596491228070176
0 0.012875536480686695 0.9385964912280702 0.02575107296137339 0.12280701754385964
0 0.1255364806866953 0.9758771929824561 0.18669527896995708 0.04824561403508772
0 0.6394849785407726 0.9583333333333334 0.721030042918455 0.08333333333333333