0 0.20104895104895104 0.029605263157894735 0.1520979020979021 0.044407894736842105
0 0.3374125874125874 0.07319078947368421 0.42482517482517484 0.07894736842105263
0 0.44667832167832167 0.12088815789473684 0.5856643356643356 0.09210526315789473
0 0.6433566433566433 0.15625 0.4125874125874126 0.05921052631578947
0 0.7814685314685315 0.19325657894736842 0.04195804195804196 0.027960526315789474
0 0.3522727272727273 0.26151315789473684 0.4195804195804196 0.08881578947368421
0 0.45104895104895104 0.35526315789473684 0.29545454545454547 0.07401315789473684
0 0.22115384615384615 0.3149671052631579 0.05244755244755245 0.03782894736842105
0 0.611013986013986 0.2911184210526316 0.6258741258741258 0.08717105263157894
0 0.22465034965034966 0.40460526315789475 0.050699300699300696 0.04276315789473684
0 0.5585664335664335 0.40131578947368424 0.48951048951048953 0.09210526315789473
0 0.5323426573426573 0.49917763157894735 0.6870629370629371 0.20065789473684212
0 0.40996503496503495 0.6291118421052632 0.5944055944055944 0.09703947368421052
0 0.35926573426573427 0.6866776315789473 0.5017482517482518 0.08717105263157894
0 0.14947552447552448 0.756578947368421 0.08916083916083917 0.06907894736842106
0 0.5253496503496503 0.7524671052631579 0.4370629370629371 0.09046052631578948
0 0.5506993006993007 0.8009868421052632 0.8723776223776224 0.11842105263157894
0 0.15821678321678323 0.8930921052631579 0.07167832167832168 0.06578947368421052
0 0.5812937062937062 0.8626644736842105 0.534965034965035 0.07894736842105263
0 0.28496503496503495 0.9342105263157895 0.35664335664335667 0.0805921052631579
0 0.8513986013986014 0.9416118421052632 0.12937062937062938 0.03125