0 0.32299003322259134 0.08302615193026153 0.5537043189368771 0.08024906600249065
0 0.12827242524916943 0.149439601494396 0.1531893687707641 0.044283935242839356
0 0.32299003322259134 0.2075591531755915 0.5389368770764119 0.05811955168119552
0 0.47803986710963453 0.2670485678704857 0.21410299003322256 0.05257783312577833
0 0.5380232558139535 0.321706102117061 0.806578073089701 0.07333748443337484
0 0.5001827242524917 0.38674968866749687 0.8859302325581396 0.06503113325031133
0 0.5029568106312292 0.44209215442092153 0.8803986710963455 0.06503113325031133
0 0.5020265780730897 0.4988293897882939 0.8674750830564785 0.06503113325031133
0 0.5075747508305648 0.5590161892901618 0.8822425249169435 0.06919053549190536
0 0.5020265780730897 0.61920298879203 0.8600996677740863 0.07057285180572852
0 0.4983388704318937 0.6794022415940223 0.8933222591362125 0.06364881693648816
0 0.5232558139534884 0.7340473225404733 0.8730232558139533 0.05673723536737236
0 0.2159468438538206 0.797011207970112 0.26578073089701 0.05257783312577833