0 0.26232500000000003 0.09239234449760765 0.3993833333333333 0.0629505582137161
0 0.7515416666666667 0.08960127591706539 0.24863333333333335 0.05524720893141946
0 0.272675 0.23381180223285486 0.4575666666666667 0.1097129186602871
0 0.243375 0.41020733652312596 0.3573 0.11578947368421051
0 0.22760833333333333 0.6345773524720894 0.363275 0.09236044657097288
0 0.20650000000000002 0.8477830940988835 0.30439166666666667 0.1252791068580542
0 0.7503583333333332 0.25282296650717706 0.3865416666666667 0.13283891547049442
0 0.7602916666666667 0.3317862838915471 0.31890833333333335 0.10783094098883572
0 0.719525 0.4139234449760765 0.24155833333333335 0.1083572567783094
0 0.7195333333333334 0.4899521531100478 0.17489166666666667 0.08387559808612441
0 0.754175 0.6239393939393939 0.3900166666666667 0.07108452950558214
0 0.7284166666666667 0.7031738437001595 0.27044166666666664 0.0721371610845295
0 0.69675 0.7817224880382775 0.24045000000000002 0.06121212121212122
0 0.69425 0.8646730462519936 0.20211666666666667 0.06545454545454546