0 0.30974025974025976 0.048597194388777555 0.17402597402597403 0.028056112224448898
0 0.3409090909090909 0.125751503006012 0.06493506493506493 0.033066132264529056
0 0.475974025974026 0.13927855711422846 0.07272727272727272 0.033066132264529056
0 0.6188311688311688 0.13627254509018036 0.08701298701298701 0.04308617234468938
0 0.7512987012987012 0.13677354709418837 0.07662337662337662 0.01903807615230461
0 0.6097402597402597 0.16683366733466934 0.14155844155844155 0.03406813627254509
0 0.33766233766233766 0.16382765531062124 0.015584415584415584 0.01903807615230461
0 0.6025974025974026 0.23146292585170342 0.3194805194805195 0.06212424849699399
0 0.548051948051948 0.2850701402805611 0.3077922077922078 0.047094188376753505
0 0.5662337662337662 0.3241482965931864 0.33506493506493507 0.04408817635270541
0 0.5487012987012987 0.3587174348697395 0.3025974025974026 0.052104208416833664
0 0.5448051948051948 0.39779559118236474 0.3038961038961039 0.045090180360721446
0 0.2642857142857143 0.7630260521042084 0.23896103896103896 0.03807615230460922
0 0.22857142857142856 0.7995991983967936 0.1012987012987013 0.03206412825651302
0 0.5025974025974026 0.8121242484969939 0.17402597402597403 0.04909819639278557
0 0.2974025974025974 0.8416833667334669 0.24415584415584415 0.03206412825651302
0 0.2435064935064935 0.875250501002004 0.12337662337662338 0.033066132264529056
0 0.44155844155844154 0.8787575150300602 0.13376623376623376 0.03707414829659319
0 0.5136363636363637 0.9318637274549099 0.02727272727272727 0.02004008016032064