0 0.7192575406032483 0.13820078226857888 0.08816705336426914 0.02216427640156454
0 0.7708816705336426 0.1590612777053455 0.19837587006960558 0.03129074315514994
0 0.5968677494199536 0.19426336375488917 0.8062645011600929 0.06649282920469361
0 0.5185614849187935 0.26401564537157757 0.7494199535962877 0.06584093872229466
0 0.5823665893271461 0.33083441981747064 0.8352668213457076 0.06714471968709257
0 0.5359628770301624 0.40221642764015647 0.7935034802784223 0.06779661016949153
0 0.5696055684454756 0.46707953063885266 0.8607888631090487 0.059322033898305086
0 0.54292343387471 0.5423728813559322 0.8225058004640371 0.05867014341590613
0 0.5574245939675174 0.6205997392438071 0.8805104408352669 0.0788787483702738
0 0.5498839907192575 0.6998044328552803 0.839907192575406 0.07692307692307693
0 0.5446635730858469 0.7770534550195567 0.857308584686775 0.08148631029986962
0 0.558584686774942 0.8569100391134289 0.8631090487238979 0.0847457627118644