0 0.6655672823218998 0.041348600508905854 0.047493403693931395 0.02544529262086514
0 0.7348284960422163 0.07061068702290077 0.24538258575197888 0.027989821882951654
0 0.13654353562005278 0.1049618320610687 0.079155672823219 0.043256997455470736
0 0.17018469656992086 0.13676844783715011 0.1503957783641161 0.04961832061068702
0 0.5844327176781002 0.11577608142493638 0.6094986807387863 0.054707379134860054
0 0.18007915567282323 0.17493638676844783 0.11477572559366754 0.05216284987277354
0 0.1536939313984169 0.20801526717557253 0.1503957783641161 0.04198473282442748
0 0.13852242744063326 0.2436386768447837 0.08839050131926121 0.043256997455470736
0 0.42150395778364114 0.21501272264631044 0.2638522427440633 0.05597964376590331
0 0.6352242744063324 0.21628498727735368 0.08970976253298153 0.035623409669211195
0 0.6325857519788918 0.26017811704834604 0.07651715039577836 0.04580152671755725
0 0.6312664907651715 0.2926208651399491 0.06992084432717678 0.03435114503816794
0 0.6365435356200527 0.32188295165394404 0.0870712401055409 0.03816793893129771
0 0.5686015831134564 0.3568702290076336 0.637203166226913 0.054707379134860054
0 0.5850923482849604 0.42366412213740456 0.633245382585752 0.06361323155216285
0 0.34366754617414247 0.4535623409669211 0.15963060686015831 0.03816793893129771
0 0.12071240105540897 0.4802798982188295 0.08443271767810026 0.04961832061068702
0 0.11543535620052771 0.5483460559796438 0.09498680738786279 0.043256997455470736
0 0.09762532981530343 0.7201017811704835 0.04221635883905013 0.03816793893129771
0 0.12598944591029024 0.7964376590330788 0.12532981530343007 0.04834605597964377
0 0.14511873350923482 0.8651399491094147 0.15963060686015831 0.054707379134860054
0 0.5349604221635884 0.4910941475826972 0.5474934036939314 0.05343511450381679
0 0.4815303430079156 0.5260814249363868 0.45382585751978893 0.05979643765903308
0 0.5105540897097626 0.5610687022900763 0.5118733509234829 0.05343511450381679
0 0.31398416886543534 0.5928753180661578 0.12269129287598944 0.04580152671755725
0 0.5343007915567283 0.5935114503816794 0.14511873350923482 0.030534351145038167
0 0.31398416886543534 0.6240458015267175 0.13324538258575197 0.03816793893129771
0 0.5910290237467019 0.6329516539440203 0.24274406332453827 0.04580152671755725
0 0.6009234828496042 0.6628498727735369 0.31926121372031663 0.04961832061068702
0 0.6576517150395779 0.7016539440203562 0.4023746701846966 0.05216284987277354
0 0.5422163588390502 0.7347328244274809 0.5936675461741425 0.05597964376590331
0 0.587730870712401 0.7646310432569975 0.5343007915567283 0.04198473282442748
0 0.33839050131926124 0.794529262086514 0.08311345646437995 0.04961832061068702
0 0.6233509234828496 0.80470737913486 0.36015831134564646 0.04961832061068702
0 0.34630606860158314 0.8269720101781171 0.09630606860158311 0.03816793893129771
0 0.6352242744063324 0.8333333333333334 0.3575197889182058 0.03816793893129771
0 0.5092348284960422 0.8708651399491094 0.4683377308707124 0.05725190839694656
0 0.5613456464379947 0.9408396946564885 0.6279683377308707 0.06615776081424936
0 0.5151715039577837 0.9891857506361323 0.5105540897097626 0.021628498727735368