0 0.7857142857142857 0.109375 0.20142857142857143 0.049107142857142856
0 0.3192857142857143 0.22209821428571427 0.19428571428571428 0.08258928571428571
0 0.3271428571428571 0.30245535714285715 0.10857142857142857 0.09598214285714286
0 0.6642857142857143 0.3013392857142857 0.4257142857142857 0.10044642857142858
0 0.40714285714285714 0.41964285714285715 0.24857142857142858 0.09821428571428571
0 0.4707142857142857 0.5479910714285714 0.39 0.10714285714285714
0 0.6921428571428572 0.6071428571428571 0.5671428571428572 0.10267857142857142
0 0.6035714285714285 0.6785714285714286 0.4114285714285714 0.09375
0 0.9271428571428572 0.6473214285714286 0.08285714285714285 0.05133928571428571
0 0.11 0.7433035714285714 0.09285714285714286 0.09375
0 0.5835714285714285 0.7991071428571429 0.6057142857142858 0.09821428571428571
0 0.32142857142857145 0.8616071428571429 0.06714285714285714 0.05580357142857143
0 0.5585714285714286 0.8616071428571429 0.21142857142857144 0.0625
0 0.32285714285714284 0.9308035714285714 0.06714285714285714 0.04241071428571429
0 0.5771428571428572 0.9207589285714286 0.2357142857142857 0.060267857142857144
0 0.3271428571428571 0.9776785714285714 0.06857142857142857 0.044642857142857144