0 0.8347176684881603 0.01905940594059406 0.0295264116575592 0.020792079207920793
0 0.8412932604735883 0.05141914191419142 0.04550091074681239 0.024587458745874587
0 0.5357012750455373 0.07503300330033003 0.7149544626593807 0.09415841584158416
0 0.23743169398907102 0.15742574257425743 0.289344262295082 0.06392739273927393
0 0.39615664845173043 0.24983498349834984 0.5928051001821494 0.0821947194719472
0 0.3292167577413479 0.2864026402640264 0.46582877959927144 0.059834983498349835
0 0.4938615664845173 0.33490099009900987 0.7838979963570127 0.07963696369636963
0 0.35304189435336975 0.3752640264026403 0.4798542805100182 0.0649009900990099
0 0.20927140255009108 0.4189438943894389 0.19100182149362477 0.04863036303630363
0 0.4673588342440801 0.4217326732673267 0.17471766848816028 0.04813531353135314
0 0.5739708561020037 0.472013201320132 0.4075591985428051 0.049141914191419146
0 0.6417668488160291 0.5173267326732673 0.5431693989071038 0.052425742574257424
0 0.3441894353369763 0.5517326732673268 0.43 0.062326732673267334
0 0.39785063752276867 0.5970462046204621 0.517704918032787 0.045297029702970296
0 0.4275409836065574 0.6444059405940594 0.577103825136612 0.05468646864686469
0 0.46790528233151185 0.6926402640264027 0.6577959927140254 0.05975247524752476
0 0.30020036429872493 0.7836633663366336 0.4036794171220401 0.07318481848184819
0 0.45794171220400726 0.869108910891089 0.7023679417122041 0.06732673267326732
0 0.2403825136612022 0.9217821782178218 0.258816029143898 0.06097359735973598
0 0.5188888888888888 0.9551650165016502 0.7822222222222223 0.07290429042904291