0 0.4971771771771772 0.06056 0.8734234234234235 0.06609999999999999
0 0.48417417417417413 0.08962 0.8193693693693694 0.05596
0 0.505975975975976 0.12682 0.875015015015015 0.045020000000000004
0 0.45933933933933935 0.16122 0.7857357357357356 0.0434
0 0.5083783783783784 0.18924000000000002 0.8478078078078077 0.0674
0 0.5067867867867868 0.22296000000000002 0.8766366366366367 0.055920000000000004
0 0.47414414414414413 0.26577999999999996 0.8233933933933933 0.047659999999999994
0 0.5115915915915916 0.29684 0.8862462462462463 0.06284000000000001
0 0.5125825825825826 0.32432 0.8842342342342342 0.04524
0 0.5173873873873873 0.35712 0.90984984984985 0.048960000000000004
0 0.5197897897897898 0.39458 0.9146546546546546 0.05136
0 0.4831531531531531 0.44006 0.8533933933933934 0.05908
0 0.49897897897897897 0.47912 0.889039039039039 0.06894
0 0.48357357357357356 0.53046 0.8782282282282282 0.06494
0 0.47516516516516516 0.5555399999999999 0.8213813813813813 0.057460000000000004
0 0.49735735735735737 0.58928 0.8858258258258259 0.04598
0 0.45192192192192193 0.62622 0.7909609609609609 0.04944
0 0.49798798798798805 0.65474 0.859009009009009 0.061700000000000005
0 0.5005705705705705 0.6934199999999999 0.8762162162162161 0.053700000000000005
0 0.4675375375375375 0.73262 0.8141741741741741 0.04462
0 0.5051651651651652 0.7615599999999999 0.8894294294294295 0.05342
0 0.5045645645645646 0.79902 0.8842342342342342 0.05582
0 0.510990990990991 0.83036 0.9130630630630631 0.054479999999999994
0 0.505975975975976 0.86436 0.9070570570570571 0.047799999999999995
0 0.47315315315315315 0.90638 0.8574174174174174 0.04646
0 0.4861561561561561 0.94278 0.8794294294294295 0.06164