0 0.7484756097560976 0.06064073226544622 0.041158536585365856 0.021739130434782608
0 0.20503048780487804 0.09839816933638444 0.17835365853658536 0.038901601830663615
0 0.5746951219512195 0.14016018306636155 0.8140243902439024 0.05263157894736842
0 0.14557926829268292 0.16418764302059496 0.051829268292682924 0.02402745995423341
0 0.23170731707317074 0.20022883295194507 0.20579268292682926 0.041189931350114416
0 0.5701219512195121 0.232837528604119 0.7698170731707317 0.038901601830663615
0 0.17454268292682926 0.2580091533180778 0.09603658536585366 0.032036613272311214
0 0.2782012195121951 0.3197940503432494 0.2820121951219512 0.03546910755148741
0 0.3826219512195122 0.38501144164759726 0.4969512195121951 0.03546910755148741
0 0.32698170731707316 0.41533180778032036 0.2942073170731707 0.04462242562929062
0 0.5640243902439024 0.4759725400457666 0.8185975609756098 0.04233409610983982
0 0.23551829268292682 0.5051487414187643 0.21341463414634146 0.03775743707093822
0 0.2888719512195122 0.5663615560640732 0.31402439024390244 0.043478260869565216
0 0.4070121951219512 0.6024027459954233 0.5335365853658537 0.04462242562929062
0 0.2660060975609756 0.6361556064073226 0.20884146341463414 0.04004576659038902
0 0.3978658536585366 0.6596109839816934 0.5121951219512195 0.05034324942791762
0 0.35365853658536583 0.6922196796338673 0.41310975609756095 0.04691075514874142
0 0.5548780487804879 0.7196796338672768 0.8307926829268293 0.05263157894736842
0 0.26753048780487804 0.7591533180778032 0.27896341463414637 0.043478260869565216
0 0.2538109756097561 0.818649885583524 0.1722560975609756 0.041189931350114416
0 0.46265243902439024 0.8409610983981693 0.5274390243902439 0.05835240274599542
0 0.2682926829268293 0.8867276887871853 0.19207317073170732 0.05034324942791762
0 0.27134146341463417 0.9090389016018307 0.08231707317073171 0.034324942791762014
0 0.2782012195121951 0.9422196796338673 0.07926829268292683 0.030892448512585814
0 0.5228658536585366 0.8964530892448512 0.18902439024390244 0.041189931350114416
0 0.5746951219512195 0.9250572082379863 0.11432926829268293 0.043478260869565216
0 0.850609756097561 0.8867276887871853 0.25152439024390244 0.04233409610983982
0 0.9336890243902439 0.9136155606407322 0.1326219512195122 0.04004576659038902
0 0.9359756097560976 0.9456521739130435 0.10518292682926829 0.030892448512585814