0 0.23008849557522124 0.056990881458966566 0.23893805309734514 0.019756838905775075
0 0.8086283185840708 0.05927051671732523 0.11283185840707964 0.02127659574468085
0 0.48783185840707965 0.10182370820668693 0.754424778761062 0.015197568389057751
0 0.48672566371681414 0.11854103343465046 0.7610619469026548 0.015197568389057751
0 0.48783185840707965 0.13069908814589665 0.7588495575221239 0.015197568389057751
0 0.4889380530973451 0.1458966565349544 0.7522123893805309 0.0182370820668693
0 0.48783185840707965 0.16109422492401215 0.75 0.015197568389057751
0 0.4524336283185841 0.17477203647416414 0.6880530973451328 0.0182370820668693
0 0.46238938053097345 0.25 0.6946902654867256 0.05927051671732523
0 0.4668141592920354 0.3047112462006079 0.7079646017699115 0.05319148936170213
0 0.47898230088495575 0.35714285714285715 0.7190265486725663 0.057750759878419454
0 0.4811946902654867 0.4126139817629179 0.745575221238938 0.05927051671732523
0 0.4811946902654867 0.4582066869300912 0.7101769911504425 0.05319148936170213
0 0.48672566371681414 0.5083586626139818 0.7256637168141593 0.05319148936170213
0 0.48672566371681414 0.5691489361702128 0.7256637168141593 0.06534954407294832
0 0.4745575221238938 0.6177811550151976 0.7013274336283186 0.06838905775075987
0 0.461283185840708 0.6664133738601824 0.6792035398230089 0.05623100303951368
0 0.18805309734513273 0.8161094224924013 0.15486725663716813 0.0425531914893617