0 0.7972805933250927 0.038945634266886325 0.019097651421508034 0.02397034596375618
0 0.8057107540173054 0.07189456342668864 0.03145859085290482 0.026952224052718285
0 0.3545364647713226 0.11158154859967052 0.15170580964153277 0.05542009884678748
0 0.39610630407911 0.1557660626029654 0.23260815822002473 0.04492586490939044
0 0.425327564894932 0.2044316309719934 0.27531520395550063 0.05542009884678748
0 0.36632880098887516 0.2516144975288303 0.13484548825710754 0.05990115321252059
0 0.357911001236094 0.2868039538714992 0.12023485784919653 0.04044481054365733
0 0.45847960444993824 0.34146622734761123 0.31688504326328804 0.05990115321252059
0 0.504548825710754 0.3864085667215816 0.17978986402966624 0.05691927512355848
0 0.41184177997527815 0.4290774299835255 0.19440049443757726 0.05242174629324547
0 0.3550927070457355 0.5226853377265238 0.14159456118665018 0.05990115321252059
0 0.5545611866501854 0.5683690280065898 0.5360197775030903 0.05242174629324547
0 0.3483559950556242 0.6110543657331137 0.11911001236093943 0.05092257001647447
0 0.48993819530284305 0.6574794069192751 0.393300370828183 0.05392092257001647
0 0.6197280593325093 0.7039044481054365 0.657379480840544 0.05691927512355848
0 0.31688504326328804 0.7480889621087314 0.08315203955500618 0.04942339373970346
0 0.34555006180469716 0.8401976935749588 0.11349814585908528 0.06589785831960461
0 0.5461310259579728 0.8866227347611202 0.48320148331273177 0.05691927512355848
0 0.45960444993819527 0.9353047775947282 0.312398022249691 0.05242174629324547
0 0.4573547589616811 0.9747611202635913 0.32138442521631644 0.05047775947281714