0 0.18575 0.1159 0.37151666666666666 0.053712499999999996
0 0.04516666666666667 0.1464 0.09033333333333333 0.0327
0 0.17683333333333331 0.174525 0.35366666666666663 0.03895
0 0.6754 0.121025 0.42678333333333335 0.0459625
0 0.6865666666666667 0.160275 0.15913333333333335 0.04245
0 0.5610666666666666 0.18752500000000003 0.2714833333333333 0.04295
0 0.8508833333333333 0.202025 0.20111666666666667 0.0439375
0 0.26376666666666665 0.2351625 0.07685 0.0301875
0 0.6634 0.2470375 0.29613333333333336 0.033925000000000004
0 0.23093333333333332 0.3089125 0.16118333333333332 0.087675
0 0.6562333333333333 0.3139125 0.51845 0.057675000000000004
0 0.5348833333333334 0.43455 0.8757833333333334 0.058899999999999994
0 0.23041666666666666 0.47706249999999994 0.27685000000000004 0.043887499999999996
0 0.43291666666666667 0.5248125 0.15183333333333332 0.043375000000000004
0 0.5743833333333334 0.5745625 0.8447833333333333 0.06886250000000001
0 0.5328833333333334 0.625075 0.8984500000000001 0.06785000000000001
0 0.5350499999999999 0.6772 0.9127833333333333 0.0761
0 0.5376666666666667 0.7263375000000001 0.9246666666666666 0.0703375
0 0.5272166666666667 0.7760875 0.9071166666666667 0.065825
0 0.5343333333333333 0.8282125 0.9313333333333332 0.0740625
0 0.31375 0.8869750000000001 0.5101666666666667 0.07155