0 0.5 0.057803468208092484 0.16165413533834586 0.04335260115606936
0 0.49624060150375937 0.12138728323699421 0.3157894736842105 0.05491329479768786
0 0.42105263157894735 0.17485549132947978 0.7593984962406015 0.049132947976878616
0 0.38345864661654133 0.20953757225433525 0.6879699248120301 0.046242774566473986
0 0.4755639097744361 0.24710982658959538 0.868421052631579 0.049132947976878616
0 0.4473684210526316 0.28034682080924855 0.8157894736842105 0.04046242774566474
0 0.11654135338345864 0.3222543352601156 0.15789473684210525 0.028901734104046242
0 0.4548872180451128 0.38872832369942195 0.8082706766917294 0.049132947976878616
0 0.40977443609022557 0.4263005780346821 0.7180451127819549 0.049132947976878616
0 0.39849624060150374 0.4638728323699422 0.6954887218045113 0.049132947976878616
0 0.4417293233082707 0.5 0.7744360902255639 0.05202312138728324
0 0.42105263157894735 0.5606936416184971 0.7218045112781954 0.046242774566473986
0 0.43609022556390975 0.5982658959537572 0.7481203007518797 0.049132947976878616
0 0.48872180451127817 0.6358381502890174 0.8421052631578947 0.049132947976878616
0 0.12406015037593984 0.6719653179190751 0.12030075187969924 0.031791907514450865
0 0.4774436090225564 0.7052023121387283 0.8308270676691729 0.05202312138728324
0 0.18421052631578946 0.9479768786127167 0.16541353383458646 0.023121387283236993
0 0.35714285714285715 0.9465317919075145 0.07518796992481203 0.02023121387283237
0 0.518796992481203 0.9436416184971098 0.08646616541353383 0.017341040462427744
0 0.6954887218045113 0.9393063583815029 0.10902255639097744 0.023121387283236993
0 0.8759398496240601 0.9407514450867052 0.19548872180451127 0.031791907514450865