0 0.05736301369863014 0.1989795918367347 0.1095890410958904 0.05393586005830904
0 0.3604452054794521 0.1880466472303207 0.07876712328767123 0.09329446064139942
0 0.2418664383561644 0.27696793002915454 0.4803082191780822 0.1326530612244898
0 0.08732876712328767 0.34402332361516036 0.1720890410958904 0.10787172011661808
0 0.4208047945205479 0.5386297376093294 0.2577054794520548 0.11224489795918367
0 0.4195205479452055 0.6180758017492711 0.2568493150684932 0.09037900874635568
0 0.3685787671232877 0.7674927113702624 0.3578767123287671 0.1239067055393586
0 0.4250856164383562 0.825801749271137 0.2243150684931507 0.08017492711370262
0 0.6254280821917808 0.03206997084548105 0.10188356164383562 0.0597667638483965
0 0.9233732876712328 0.053206997084548104 0.15325342465753425 0.08600583090379009
0 0.7024828767123288 0.10349854227405247 0.2636986301369863 0.08892128279883382
0 0.783818493150685 0.18658892128279883 0.4323630136986301 0.11661807580174927
0 0.6519691780821918 0.2529154518950437 0.1643835616438356 0.08746355685131195
0 0.6840753424657534 0.3338192419825073 0.1703767123287671 0.08454810495626822
0 0.7992294520547946 0.4074344023323615 0.401541095890411 0.10932944606413994
0 0.7825342465753424 0.4868804664723032 0.4349315068493151 0.11370262390670553
0 0.7829623287671232 0.565597667638484 0.4340753424657534 0.11807580174927114
0 0.783818493150685 0.6486880466472303 0.4306506849315068 0.11224489795918367
0 0.7833904109589042 0.7120991253644315 0.4297945205479452 0.08454810495626822
0 0.7825342465753424 0.7981049562682215 0.4297945205479452 0.10787172011661808
0 0.783818493150685 0.8753644314868805 0.425513698630137 0.10787172011661808
0 0.7487157534246576 0.9526239067055393 0.3638698630136986 0.09475218658892129
0 0.8000856164383562 0.9905247813411079 0.3895547945205479 0.018950437317784258