0 0.49330357142857145 0.06861702127659575 0.8244047619047619 0.07872340425531915
0 0.4806547619047619 0.12074468085106382 0.7872023809523809 0.08617021276595745
0 0.4114583333333333 0.15904255319148936 0.65625 0.07765957446808511
0 0.20833333333333334 0.2590425531914894 0.11904761904761904 0.04680851063829787
0 0.5290178571428571 0.30159574468085104 0.8794642857142857 0.08085106382978724
0 0.19270833333333334 0.35425531914893615 0.20684523809523808 0.04893617021276596
0 0.43080357142857145 0.3941489361702128 0.6741071428571429 0.06489361702127659
0 0.39360119047619047 0.44840425531914896 0.6116071428571429 0.06702127659574468
0 0.35267857142857145 0.4978723404255319 0.5148809523809523 0.05638297872340425
0 0.35193452380952384 0.5473404255319149 0.5252976190476191 0.07340425531914893
0 0.48139880952380953 0.6361702127659574 0.2663690476190476 0.059574468085106386
0 0.4955357142857143 0.676063829787234 0.16964285714285715 0.04893617021276596
0 0.375 0.7356382978723405 0.44494047619047616 0.07021276595744681
0 0.39732142857142855 0.7835106382978724 0.5997023809523809 0.0627659574468085
0 0.5550595238095238 0.8319148936170213 0.7827380952380952 0.06489361702127659
0 0.515625 0.8776595744680851 0.8139880952380952 0.0627659574468085
0 0.2708333333333333 0.9207446808510639 0.3333333333333333 0.0574468085106383
0 0.21800595238095238 0.9579787234042553 0.22321428571428573 0.05