0 0.05353333333333333 0.10113057324840764 0.09150833333333333 0.053041401273885354
0 0.08075 0.14931528662420382 0.14594166666666666 0.060191082802547764
0 0.09310833333333333 0.21579617834394907 0.16788333333333333 0.07848726114649682
0 0.24796666666666667 0.37810509554140126 0.06925833333333334 0.05907643312101911
0 0.7954916666666667 0.06875796178343949 0.28515833333333335 0.11780254777070065
0 0.6231416666666667 0.17718152866242037 0.26545833333333335 0.0840764331210191
0 0.6764749999999999 0.25480891719745224 0.24989166666666668 0.06945859872611465
0 0.6845333333333333 0.3645700636942675 0.2548916666666667 0.0702388535031847
0 0.6559833333333333 0.4674044585987261 0.563075 0.22283439490445858
0 0.22338333333333332 0.5353503184713375 0.07287500000000001 0.1930891719745223
0 0.678275 0.5609713375796178 0.5229333333333334 0.17635350318471338
0 0.61065 0.8117993630573248 0.10490833333333334 0.08128980891719745