0 0.08663366336633663 0.08171912832929783 0.12046204620462046 0.013317191283292978
0 0.08498349834983498 0.09200968523002422 0.06765676567656766 0.01694915254237288
0 0.47277227722772275 0.024213075060532687 0.3580858085808581 0.048426150121065374
0 0.4876237623762376 0.09322033898305085 0.2986798679867987 0.035108958837772396
0 0.4777227722772277 0.13256658595641646 0.37458745874587457 0.043583535108958835
0 0.4966996699669967 0.17130750605326878 0.5214521452145214 0.048426150121065374
0 0.4876237623762376 0.2076271186440678 0.39933993399339934 0.04721549636803874
0 0.4752475247524752 0.24455205811138014 0.47194719471947194 0.05084745762711865
0 0.4546204620462046 0.3093220338983051 0.33663366336633666 0.03631961259079903
0 0.4661716171617162 0.3516949152542373 0.46864686468646866 0.04721549636803874
0 0.47112211221122113 0.3880145278450363 0.3778877887788779 0.04600484261501211
0 0.49504950495049505 0.42493946731234866 0.523102310231023 0.053268765133171914
0 0.6518151815181518 0.4582324455205811 0.14686468646864687 0.03631961259079903
0 0.35396039603960394 0.5254237288135594 0.04950495049504951 0.031476997578692496
0 0.30198019801980197 0.562953995157385 0.04950495049504951 0.02784503631961259