0 0.3867753623188406 0.04296875 0.19927536231884058 0.021875
0 0.8614130434782609 0.04375 0.09057971014492754 0.0234375
0 0.5987318840579711 0.08828125 0.6213768115942029 0.01875
0 0.5969202898550725 0.1046875 0.6177536231884058 0.0171875
0 0.5987318840579711 0.11796875 0.6195652173913043 0.015625
0 0.5987318840579711 0.13515625 0.6159420289855072 0.01875
0 0.5978260869565217 0.14765625 0.6177536231884058 0.0171875
0 0.3351449275362319 0.1625 0.08514492753623189 0.0171875
0 0.5534420289855072 0.24453125 0.5380434782608695 0.04375
0 0.572463768115942 0.3015625 0.5905797101449275 0.0484375
0 0.6005434782608695 0.3578125 0.6485507246376812 0.0609375
0 0.5942028985507246 0.40625 0.6304347826086957 0.05
0 0.6059782608695652 0.459375 0.6340579710144928 0.0453125
0 0.5733695652173914 0.51484375 0.5652173913043478 0.053125
0 0.5489130434782609 0.559375 0.5416666666666666 0.0484375
0 0.5317028985507246 0.61875 0.5018115942028986 0.0453125
0 0.5833333333333334 0.66953125 0.6376811594202898 0.046875
0 0.37318840579710144 0.72421875 0.18115942028985507 0.04375