0 0.5335286458333334 0.1312168252378568 0.9329427083333334 0.07607411116675011
0 0.5055859375 0.18117175763645468 0.9096158854166667 0.05377566349524286
0 0.49615234375 0.259799699549324 0.8712044270833333 0.07680020030045068
0 0.5196940104166666 0.32027040560841263 0.9606119791666666 0.09356034051076616
0 0.25154947916666665 0.3525738607911868 0.4178125 0.07402603905858789
0 0.5013541666666667 0.4240610916374562 0.8946419270833333 0.06875312969454182
0 0.5210481770833334 0.4874111166750125 0.9437890625 0.08726589884827242
0 0.5310872395833334 0.5366149223835753 0.9378255208333334 0.0915122684026039
0 0.4564388020833334 0.5938357536304457 0.8178255208333334 0.08974962443665498
0 0.4689713541666667 0.6575613420130195 0.8396354166666667 0.08497746619929894
0 0.5106315104166667 0.7195343014521783 0.9359765625 0.09873810716074112
0 0.29128906250000003 0.7632298447671507 0.4922981770833333 0.07394091136705057
0 0.8330598958333333 0.9050926389584377 0.327578125 0.0871006509764647