0 0.3084326171875 0.0874853515625 0.2083349609375 0.04150390625
0 0.5025244140625 0.087890625 0.0349951171875 0.0179052734375
0 0.6929541015625 0.0956201171875 0.13427734375 0.01708984375
0 0.3141259765625 0.1123046875 0.2197265625 0.0130224609375
0 0.355224609375 0.1220703125 0.13427734375 0.0130224609375
0 0.5029296875 0.1131201171875 0.0748681640625 0.0260400390625
0 0.6925439453125 0.1102685546875 0.2181005859375 0.0138330078125
0 0.2970361328125 0.146484375 0.0846337890625 0.0260400390625
0 0.6168603515625 0.1493310546875 0.0439453125 0.0301123046875
0 0.772705078125 0.1424169921875 0.0447607421875 0.0227880859375
0 0.2836083984375 0.1790380859375 0.15380859375 0.0179052734375
0 0.4683447265625 0.216064453125 0.4288720703125 0.02197265625
0 0.49560546875 0.2506494140625 0.1806640625 0.0179052734375
0 0.4952001953125 0.2860498046875 0.2644873046875 0.01708984375
0 0.5143212890625 0.318603515625 0.5192041015625 0.01708984375
0 0.2571630859375 0.4178857421875 0.1041650390625 0.02197265625
0 0.48095703125 0.4524755859375 0.44921875 0.01953125
0 0.4638671875 0.552978515625 0.5159521484375 0.02685546875
0 0.4952001953125 0.6538916015625 0.5818701171875 0.0235986328125
0 0.3043603515625 0.6892919921875 0.15625 0.0179052734375
0 0.7755517578125 0.9375 0.0439453125 0.0113916015625