0 0.46931740614334466 0.05003344481605351 0.9386518771331057 0.10008361204013379
0 0.06781569965870307 0.1098829431438127 0.08261092150170649 0.04832775919732441
0 0.22624573378839594 0.11849498327759198 0.10805460750853242 0.03879598662207358
0 0.6061092150170648 0.11720735785953178 0.2639590443686007 0.04652173913043478
0 0.020443686006825938 0.17317725752508362 0.04087030716723549 0.034933110367892976
0 0.5017747440273038 0.1797324414715719 0.1366382252559727 0.03981605351170568
0 0.7497098976109214 0.17998327759197325 0.16784982935153583 0.034163879598662204
0 0.12701365187713312 0.27968227424749165 0.07761092150170648 0.037993311036789296
0 0.6005972696245734 0.28831103678929765 0.32117747440273037 0.03876254180602007
0 0.17322525597269625 0.4016387959866221 0.17001706484641638 0.12339464882943145
0 0.5217064846416383 0.39471571906354513 0.4180546075085324 0.19719063545150503
0 0.5194880546075086 0.5332608695652173 0.12220136518771331 0.042826086956521736
0 0.5362798634812287 0.6157190635451505 0.31331058020477814 0.07600334448160535
0 0.5500170648464164 0.6968896321070234 0.8999658703071672 0.06543478260869566
0 0.5198293515358362 0.7748494983277592 0.960358361774744 0.09989966555183946
0 0.5096245733788396 0.8600167224080267 0.9399488054607508 0.09936454849498327
0 0.5186689419795222 0.9296153846153845 0.9449488054607509 0.08623745819397993
0 0.9153754266211603 0.960752508361204 0.1263481228668942 0.039397993311036786