0 0.12755102040816327 0.12074829931972789 0.13520408163265307 0.04421768707482993
0 0.1364795918367347 0.15816326530612246 0.2193877551020408 0.05442176870748299
0 0.48214285714285715 0.11224489795918367 0.1913265306122449 0.05102040816326531
0 0.4489795918367347 0.15136054421768708 0.1556122448979592 0.04081632653061224
0 0.10714285714285714 0.22959183673469388 0.061224489795918366 0.04081632653061224
0 0.4336734693877551 0.22448979591836735 0.13520408163265307 0.04421768707482993
0 0.10841836734693877 0.30612244897959184 0.03826530612244898 0.06462585034013606
0 0.36607142857142855 0.272108843537415 0.1836734693877551 0.05442176870748299
0 0.44005102040816324 0.30612244897959184 0.3494897959183674 0.05102040816326531
0 0.2614795918367347 0.4302721088435374 0.09183673469387756 0.047619047619047616
0 0.32142857142857145 0.477891156462585 0.6403061224489796 0.07142857142857142
0 0.2780612244897959 0.5561224489795918 0.10204081632653061 0.05782312925170068
0 0.33290816326530615 0.6054421768707483 0.576530612244898 0.07142857142857142
0 0.32142857142857145 0.6496598639455783 0.6403061224489796 0.061224489795918366
0 0.31887755102040816 0.6972789115646258 0.6377551020408163 0.06802721088435375
0 0.31887755102040816 0.7414965986394558 0.6377551020408163 0.06802721088435375
0 0.3201530612244898 0.7874149659863946 0.6403061224489796 0.06462585034013606
0 0.32142857142857145 0.8350340136054422 0.6428571428571429 0.07142857142857142
0 0.30739795918367346 0.8809523809523809 0.6147959183673469 0.06802721088435375
0 0.3201530612244898 0.9285714285714286 0.6377551020408163 0.06802721088435375
0 0.3201530612244898 0.9727891156462585 0.6403061224489796 0.05442176870748299
0 0.9311224489795918 0.10374149659863946 0.1377551020408163 0.030612244897959183
0 0.8826530612244898 0.17517006802721088 0.23469387755102042 0.03741496598639456
0 0.8010204081632653 0.21768707482993196 0.0663265306122449 0.034013605442176874
0 0.8686224489795918 0.2755102040816326 0.20408163265306123 0.034013605442176874
0 0.9043367346938775 0.32653061224489793 0.1913265306122449 0.034013605442176874
0 0.8545918367346939 0.37755102040816324 0.08163265306122448 0.030612244897959183
0 0.9681122448979592 0.4302721088435374 0.06377551020408163 0.030612244897959183
0 0.9183673469387755 0.46598639455782315 0.16326530612244897 0.034013605442176874
0 0.9183673469387755 0.7006802721088435 0.16326530612244897 0.034013605442176874
0 0.9489795918367347 0.7551020408163265 0.10204081632653061 0.034013605442176874
0 0.9196428571428571 0.7891156462585034 0.16071428571428573 0.034013605442176874
0 0.9630102040816326 0.8435374149659864 0.07397959183673469 0.04081632653061224
0 0.8775510204081632 0.8758503401360545 0.07397959183673469 0.034013605442176874
0 0.9183673469387755 0.9047619047619048 0.16326530612244897 0.034013605442176874
0 0.9630102040816326 0.95578231292517 0.07397959183673469 0.027210884353741496