0 0.3604477611940298 0.032407407407407406 0.22388059701492538 0.06481481481481481
0 0.5358208955223881 0.07738095238095238 0.7626865671641792 0.08068783068783068
0 0.5097014925373134 0.1302910052910053 0.6835820895522388 0.06613756613756613
0 0.5664179104477612 0.1779100529100529 0.7865671641791044 0.0701058201058201
0 0.43955223880597016 0.23677248677248677 0.5 0.06878306878306878
0 0.4298507462686567 0.2837301587301587 0.43283582089552236 0.06878306878306878
0 0.5753731343283582 0.3386243386243386 0.7686567164179104 0.08597883597883597
0 0.46044776119402986 0.39616402116402116 0.5358208955223881 0.07936507936507936
0 0.5902985074626865 0.43915343915343913 0.7671641791044777 0.07407407407407407
0 0.40746268656716417 0.5383597883597884 0.30895522388059704 0.07804232804232804
0 0.5888059701492537 0.5965608465608465 0.7880597014925373 0.08333333333333333
0 0.5529850746268656 0.6441798941798942 0.7029850746268657 0.06481481481481481
0 0.5395522388059701 0.6997354497354498 0.6582089552238806 0.07407407407407407
0 0.5305970149253731 0.75 0.6671641791044776 0.07275132275132275
0 0.5492537313432836 0.8022486772486772 0.6776119402985075 0.07407407407407407
0 0.4597014925373134 0.8485449735449735 0.09104477611940298 0.04497354497354497
0 0.5843283582089552 0.906084656084656 0.7656716417910447 0.07275132275132275
0 0.5977611940298507 0.9537037037037037 0.8044776119402985 0.082010582010582