0 0.45263157894736844 0.03333333333333333 0.6842105263157895 0.06666666666666667
0 0.506578947368421 0.07179487179487179 0.5210526315789473 0.06923076923076923
0 0.6513157894736842 0.1141025641025641 0.5868421052631579 0.0641025641025641
0 0.5157894736842106 0.15128205128205127 0.8184210526315789 0.07692307692307693
0 0.4710526315789474 0.19743589743589743 0.8736842105263158 0.07692307692307693
0 0.08026315789473684 0.23076923076923078 0.06842105263157895 0.038461538461538464
0 0.3026315789473684 0.2782051282051282 0.5447368421052632 0.06923076923076923
0 0.40657894736842104 0.32051282051282054 0.7421052631578947 0.06923076923076923
0 0.4328947368421053 0.36923076923076925 0.7894736842105263 0.08205128205128205
0 0.29736842105263156 0.40384615384615385 0.3 0.046153846153846156
0 0.475 0.44743589743589746 0.881578947368421 0.07435897435897436
0 0.16578947368421051 0.4897435897435897 0.2868421052631579 0.046153846153846156
0 0.4776315789473684 0.5371794871794872 0.8973684210526316 0.08974358974358974
0 0.31842105263157894 0.5833333333333334 0.5894736842105263 0.07948717948717948
0 0.46842105263157896 0.6205128205128205 0.8894736842105263 0.07948717948717948
0 0.46842105263157896 0.6666666666666666 0.8921052631578947 0.07692307692307693
0 0.2710526315789474 0.7166666666666667 0.5 0.0641025641025641
0 0.4789473684210526 0.7551282051282051 0.9105263157894737 0.07948717948717948
0 0.48289473684210527 0.8 0.9289473684210526 0.08205128205128205
0 0.4618421052631579 0.8525641025641025 0.881578947368421 0.08205128205128205
0 0.5 0.8974358974358975 0.9657894736842105 0.08717948717948718
0 0.4921052631578947 0.9435897435897436 0.9605263157894737 0.09230769230769231
0 0.16973684210526316 0.9782051282051282 0.3078947368421053 0.04358974358974359