0 0.4797297297297297 0.03932584269662921 0.18436293436293436 0.032303370786516857
0 0.028474903474903474 0.1151685393258427 0.055984555984555984 0.0449438202247191
0 0.06225868725868726 0.26685393258426965 0.045366795366795366 0.04073033707865169
0 0.06177606177606178 0.3813202247191011 0.045366795366795366 0.033707865168539325
0 0.07432432432432433 0.9817415730337079 0.04826254826254826 0.03651685393258427
0 0.24034749034749034 0.10884831460674158 0.21428571428571427 0.05196629213483146
0 0.38223938223938225 0.2612359550561798 0.41023166023166024 0.06460674157303371
0 0.4063706563706564 0.2949438202247191 0.444980694980695 0.060393258426966294
0 0.36631274131274133 0.3377808988764045 0.36776061776061775 0.06320224719101124
0 0.36341698841698844 0.4101123595505618 0.3166023166023166 0.04915730337078652
0 0.4831081081081081 0.4438202247191011 0.2972972972972973 0.05898876404494382
0 0.28523166023166024 0.5252808988764045 0.17664092664092665 0.046348314606741575
0 0.48986486486486486 0.5168539325842697 0.15347490347490347 0.042134831460674156
0 0.14092664092664092 0.15308988764044945 0.0222007722007722 0.025280898876404494
0 0.30405405405405406 0.14817415730337077 0.2673745173745174 0.060393258426966294
0 0.1414092664092664 0.19241573033707865 0.01833976833976834 0.028089887640449437
0 0.31515444015444016 0.1797752808988764 0.2924710424710425 0.046348314606741575
0 0.1443050193050193 0.23595505617977527 0.023166023166023165 0.033707865168539325
0 0.34893822393822393 0.22401685393258428 0.3436293436293436 0.060393258426966294
0 0.1780888030888031 0.38342696629213485 0.03088803088803089 0.028089887640449437
0 0.34314671814671815 0.3714887640449438 0.26544401544401547 0.04353932584269663
0 0.17422779922779924 0.4936797752808989 0.029922779922779922 0.0351123595505618
0 0.35135135135135137 0.49087078651685395 0.2722007722007722 0.056179775280898875
0 0.2944015444015444 0.5667134831460674 0.19498069498069498 0.054775280898876406
0 0.24855212355212356 0.6025280898876404 0.18822393822393824 0.04353932584269663
0 0.3373552123552124 0.639747191011236 0.3079150579150579 0.054775280898876406
0 0.277992277992278 0.6748595505617978 0.15057915057915058 0.042134831460674156
0 0.18967181467181468 0.7212078651685393 0.027992277992277992 0.028089887640449437
0 0.32094594594594594 0.7183988764044944 0.1833976833976834 0.05337078651685393
0 0.31322393822393824 0.7591292134831461 0.17471042471042472 0.060393258426966294
0 0.18870656370656372 0.8286516853932584 0.02895752895752896 0.028089887640449437
0 0.3484555984555985 0.824438202247191 0.22393822393822393 0.05196629213483146
0 0.4232625482625483 0.860252808988764 0.4034749034749035 0.060393258426966294
0 0.27606177606177607 0.9023876404494382 0.111003861003861 0.047752808988764044
0 0.1944980694980695 0.9789325842696629 0.06660231660231661 0.042134831460674156
0 0.28233590733590735 0.9740168539325843 0.04343629343629344 0.025280898876404494
0 0.3996138996138996 0.9705056179775281 0.0637065637065637 0.0351123595505618
0 0.2799227799227799 0.9985955056179775 0.032818532818532815 0.0028089887640449437
0 0.39864864864864863 0.9957865168539326 0.06177606177606178 0.008426966292134831