0 0.8049 0.07144 0.390175 0.05144
0 0.44152500000000006 0.22216 0.883025 0.09856000000000001
0 0.066075 0.31644 0.13035 0.038560000000000004
0 0.5544749999999999 0.335 0.091075 0.02428
0 0.25045 0.355 0.5009 0.03284
0 0.047775 0.38856 0.091975 0.03144
0 0.754475 0.37216000000000005 0.49107500000000004 0.03284
0 0.0366 0.45072 0.073225 0.03284
0 0.2509 0.48716000000000004 0.501775 0.03428
0 0.2299 0.51928 0.45982500000000004 0.03284
0 0.073225 0.5535599999999999 0.14465 0.03284
0 0.04285 0.6 0.085725 0.03428
0 0.2509 0.6357200000000001 0.501775 0.03428
0 0.2509 0.67 0.501775 0.03428
0 0.252225 0.7 0.504475 0.03428
0 0.25177499999999997 0.7342799999999999 0.503575 0.03428
0 0.16295 0.76644 0.3259 0.03572
0 0.017849999999999998 0.8714400000000001 0.035725 0.03144
0 0.202225 0.905 0.404475 0.03284
0 0.6428499999999999 0.78716 0.264275 0.03144
0 0.677225 0.8214400000000001 0.33125 0.02856
0 0.7330249999999999 0.855 0.44642499999999996 0.03
0 0.683025 0.8878400000000001 0.348225 0.03
0 0.754475 0.92 0.49107500000000004 0.03428