0 0.07854632587859425 0.008719211822660099 0.045255591054313093 0.017450738916256158
0 0.4066773162939297 0.032844827586206896 0.7281629392971246 0.06567733990147782
0 0.41533546325878595 0.060036945812807885 0.7507987220447284 0.08518472906403941
0 0.27822683706070284 0.09903940886699508 0.45260383386581465 0.06259852216748768
0 0.16440894568690095 0.17035714285714287 0.23295527156549523 0.04310344827586207
0 0.4472843450479233 0.18370689655172412 0.7454792332268371 0.07799261083743843
0 0.44129392971246006 0.2144950738916256 0.760111821086262 0.08004926108374384
0 0.1730511182108626 0.2683743842364532 0.20766773162939298 0.046182266009852216
0 0.3201597444089457 0.28889162561576354 0.24627795527156549 0.033866995073891626
0 0.4446166134185303 0.31352216748768474 0.716182108626198 0.06259852216748768
0 0.25359424920127793 0.3520073891625616 0.347444089456869 0.04310344827586207
0 0.4446166134185303 0.3750985221674877 0.7268370607028753 0.06465517241379311
0 0.1331150159744409 0.4212807881773399 0.09317891373801916 0.02976600985221675
0 0.15841853035143771 0.4761945812807882 0.13845047923322684 0.04516009852216749
0 0.31881789137380195 0.5013300492610837 0.16373801916932906 0.031810344827586205
0 0.44595846645367415 0.5603448275862069 0.5351437699680511 0.04926108374384237
0 0.18503194888178914 0.6280788177339901 0.20500000000000002 0.03488916256157635
0 0.13977635782747605 0.6629679802955666 0.07720447284345047 0.03078817733990148
0 0.43130990415335463 0.6917118226600985 0.694888178913738 0.03488916256157635
0 0.3813897763578275 0.724039408866995 0.603035143769968 0.033866995073891626
0 0.3913738019169329 0.7579064039408866 0.6309904153354633 0.0379679802955665
0 0.4472843450479233 0.7876600985221676 0.7428115015974441 0.0379679802955665
0 0.4426198083067092 0.8261453201970443 0.7015495207667732 0.0390024630541872
0 0.32814696485623 0.8538546798029557 0.5018690095846645 0.04516009852216749
0 0.14643769968051118 0.9236453201970444 0.1331150159744409 0.03694581280788178