0 0.5059691011235955 0.08640674394099052 0.800561797752809 0.10853530031612224
0 0.26474719101123595 0.17360379346680715 0.29564606741573035 0.07060063224446786
0 0.4743679775280899 0.20916754478398314 0.7317415730337079 0.11222339304531086
0 0.47331460674157305 0.27291886195995785 0.7155898876404494 0.10010537407797682
0 0.33146067415730335 0.34773445732349845 0.42064606741573035 0.0874604847207587
0 0.5108848314606742 0.4054267650158061 0.7507022471910112 0.12434141201264488
0 0.5344101123595506 0.45100105374077976 0.7801966292134831 0.12223393045310854
0 0.5361657303370787 0.5231822971549 0.827247191011236 0.11064278187565858
0 0.36832865168539325 0.6030031612223393 0.4824438202247191 0.09325605900948367
0 0.514747191011236 0.6630663856691253 0.7752808988764045 0.10168598524762908
0 0.23560393258426968 0.7515806111696522 0.2148876404494382 0.0737618545837724
0 0.4943820224719101 0.8137513171759747 0.7387640449438202 0.10326659641728135
0 0.5 0.881190727081138 0.7464887640449438 0.101159114857745
0 0.20610955056179775 0.9473129610115911 0.14887640449438203 0.06375131717597471