0 0.4743975903614458 0.0995850622406639 0.20180722891566266 0.03734439834024896
0 0.4367469879518072 0.14315352697095435 0.4608433734939759 0.04979253112033195
0 0.40963855421686746 0.17427385892116182 0.5240963855421686 0.04979253112033195
0 0.4246987951807229 0.21680497925311204 0.4397590361445783 0.05394190871369295
0 0.4683734939759036 0.258298755186722 0.6475903614457831 0.06016597510373444
0 0.4367469879518072 0.2925311203319502 0.4759036144578313 0.04979253112033195
0 0.49096385542168675 0.3329875518672199 0.6807228915662651 0.06016597510373444
0 0.47289156626506024 0.3724066390041494 0.5391566265060241 0.056016597510373446
0 0.5210843373493976 0.4107883817427386 0.7650602409638554 0.06016597510373444
0 0.42168674698795183 0.44398340248962653 0.463855421686747 0.05394190871369295
0 0.4292168674698795 0.4854771784232365 0.5753012048192772 0.058091286307053944
0 0.45481927710843373 0.5269709543568465 0.5331325301204819 0.056016597510373446
0 0.4352409638554217 0.5622406639004149 0.6114457831325302 0.056016597510373446
0 0.4036144578313253 0.5943983402489627 0.43373493975903615 0.03734439834024896
0 0.4894578313253012 0.6410788381742739 0.6987951807228916 0.05394190871369295
0 0.4352409638554217 0.6794605809128631 0.49096385542168675 0.04771784232365145
0 0.46987951807228917 0.7219917012448133 0.6536144578313253 0.05394190871369295
0 0.5737951807228916 0.7603734439834025 0.33433734939759036 0.04564315352697095
0 0.5512048192771084 0.7946058091286307 0.2921686746987952 0.04149377593360996