0 0.28593272171253825 0.02453271028037383 0.345565749235474 0.04906542056074766
0 0.5267584097859327 0.10397196261682243 0.9464831804281345 0.11448598130841121
0 0.1712538226299694 0.17698598130841123 0.14831804281345565 0.05841121495327103
0 0.4059633027522936 0.25116822429906543 0.3761467889908257 0.10046728971962617
0 0.5305810397553516 0.3183411214953271 0.8516819571865444 0.10163551401869159
0 0.3983180428134557 0.375 0.3929663608562691 0.07242990654205607
0 0.5022935779816514 0.4497663551401869 0.7844036697247706 0.10747663551401869
0 0.5 0.5064252336448598 0.9296636085626911 0.09929906542056074
0 0.4801223241590214 0.5671728971962616 0.7966360856269113 0.10514018691588785
0 0.22553516819571864 0.6191588785046729 0.3379204892966361 0.06658878504672897
0 0.42048929663608564 0.7044392523364486 0.591743119266055 0.10514018691588785
0 0.6230886850152905 0.7768691588785047 0.7201834862385321 0.08995327102803738
0 0.4120795107033639 0.822429906542056 0.40519877675840976 0.07593457943925233