0 0.5194931773879142 0.014344262295081968 0.15984405458089668 0.028688524590163935
0 0.902046783625731 0.03278688524590164 0.07115009746588694 0.028688524590163935
0 0.6885964912280702 0.08128415300546447 0.49707602339181284 0.04918032786885246
0 0.6876218323586745 0.10245901639344263 0.4980506822612086 0.04918032786885246
0 0.6881091617933723 0.11953551912568305 0.49610136452241715 0.04644808743169399
0 0.50682261208577 0.13319672131147542 0.1364522417153996 0.0273224043715847
0 0.6637426900584795 0.2383879781420765 0.44541910331384016 0.09289617486338798
0 0.669103313840156 0.31010928961748635 0.45419103313840153 0.09016393442622951
0 0.6734892787524367 0.3818306010928962 0.46588693957115007 0.09153005464480875
0 0.6632553606237817 0.44808743169398907 0.4512670565302144 0.09289617486338798
0 0.6754385964912281 0.51775956284153 0.4678362573099415 0.09016393442622951
0 0.5940545808966862 0.5853825136612022 0.30896686159844056 0.07923497267759563