0 0.5270833333333333 0.09882478632478632 0.9458333333333333 0.0811965811965812
0 0.5180555555555556 0.15197649572649571 0.9638888888888889 0.057158119658119656
0 0.5118055555555555 0.2361111111111111 0.9291666666666667 0.08173076923076923
0 0.5121527777777778 0.3004807692307692 0.9756944444444444 0.0998931623931624
0 0.25104166666666666 0.3349358974358974 0.44583333333333336 0.07905982905982906
0 0.5173611111111112 0.4113247863247863 0.9541666666666667 0.07318376068376069
0 0.5173611111111112 0.47863247863247865 0.9652777777777778 0.09294871794871795
0 0.5243055555555556 0.530982905982906 0.9513888888888888 0.09722222222222222
0 0.46944444444444444 0.5924145299145299 0.8722222222222222 0.09561965811965811
0 0.4829861111111111 0.6602564102564102 0.8958333333333334 0.09081196581196581
0 0.5138888888888888 0.7262286324786325 0.9722222222222222 0.10523504273504274
0 0.2934027777777778 0.7729700854700855 0.525 0.07905982905982906
0 0.8479166666666667 0.9241452991452992 0.30416666666666664 0.09294871794871795