0 0.27796610169491526 0.14491525423728813 0.10338983050847457 0.03898305084745763
0 0.46271186440677964 0.09576271186440678 0.12203389830508475 0.03728813559322034
0 0.6127118644067797 0.06525423728813559 0.061016949152542375 0.022033898305084745
0 0.4423728813559322 0.1440677966101695 0.09830508474576272 0.02711864406779661
0 0.5686440677966101 0.14745762711864407 0.04915254237288136 0.022033898305084745
0 0.7093220338983051 0.10254237288135593 0.09152542372881356 0.025423728813559324
0 0.2423728813559322 0.23728813559322035 0.06271186440677966 0.02711864406779661
0 0.12033898305084746 0.2711864406779661 0.061016949152542375 0.023728813559322035
0 0.4661016949152542 0.21864406779661016 0.5338983050847458 0.16610169491525423
0 0.502542372881356 0.29915254237288136 0.6440677966101694 0.19830508474576272
0 0.4711864406779661 0.39915254237288134 0.5711864406779661 0.18305084745762712
0 0.5550847457627118 0.4711864406779661 0.6237288135593221 0.19830508474576272
0 0.5677966101694916 0.8110169491525424 0.5050847457627119 0.059322033898305086
0 0.8415254237288136 0.7313559322033898 0.3169491525423729 0.04915254237288136
0 0.8372881355932204 0.6152542372881356 0.3254237288135593 0.04067796610169491
0 0.8491525423728814 0.5466101694915254 0.17796610169491525 0.030508474576271188