0 0.3878424657534247 0.05647590361445783 0.18493150684931506 0.01957831325301205
0 0.8373287671232876 0.054969879518072286 0.0839041095890411 0.01957831325301205
0 0.589041095890411 0.08659638554216867 0.5924657534246576 0.015060240963855422
0 0.589041095890411 0.10090361445783133 0.589041095890411 0.018072289156626505
0 0.5898972602739726 0.11521084337349398 0.5873287671232876 0.016566265060240965
0 0.589041095890411 0.12876506024096385 0.589041095890411 0.018072289156626505
0 0.589041095890411 0.14457831325301204 0.5907534246575342 0.02108433734939759
0 0.3741438356164384 0.15963855421686746 0.15924657534246575 0.016566265060240965
0 0.5898972602739726 0.21234939759036145 0.583904109589041 0.03614457831325301
0 0.5898972602739726 0.26731927710843373 0.5976027397260274 0.04216867469879518
0 0.5847602739726028 0.3207831325301205 0.583904109589041 0.045180722891566265
0 0.603595890410959 0.3697289156626506 0.6147260273972602 0.04066265060240964
0 0.5993150684931506 0.42319277108433734 0.5941780821917808 0.04216867469879518
0 0.5941780821917808 0.4766566265060241 0.5907534246575342 0.03614457831325301
0 0.5924657534246576 0.5256024096385542 0.5856164383561644 0.0391566265060241
0 0.6018835616438356 0.5737951807228916 0.6095890410958904 0.03463855421686747
0 0.4340753424657534 0.6272590361445783 0.2791095890410959 0.03162650602409638
0 0.324486301369863 0.8057228915662651 0.04965753424657534 0.01355421686746988
0 0.8613013698630136 0.8260542168674698 0.2482876712328767 0.04066265060240964