0 0.472809667673716 0.08682634730538923 0.8429003021148036 0.0658682634730539
0 0.46299093655589124 0.1631736526946108 0.8293051359516617 0.05389221556886228
0 0.42749244712990936 0.23652694610778444 0.7583081570996979 0.05688622754491018
0 0.46827794561933533 0.3241017964071856 0.851963746223565 0.058383233532934134
0 0.4962235649546828 0.39745508982035926 0.9018126888217523 0.058383233532934134
0 0.4697885196374622 0.4865269461077844 0.851963746223565 0.05089820359281437
0 0.45996978851963743 0.5606287425149701 0.8293051359516617 0.05239520958083832
0 0.4705438066465257 0.6482035928143712 0.8474320241691843 0.06287425149700598
0 0.4773413897280967 0.7335329341317365 0.8580060422960725 0.059880239520958084
0 0.5022658610271903 0.8098802395209581 0.9410876132930514 0.05688622754491018
0 0.4478851963746224 0.8929640718562875 0.823262839879154 0.06736526946107785