0 0.4313090909090909 0.10138817480719793 0.2868727272727273 0.10282776349614396
0 0.39647272727272725 0.2249357326478149 0.6818181818181818 0.08712082262210798
0 0.4 0.29133676092544986 0.6949454545454546 0.08568123393316195
0 0.5252545454545454 0.35419023136246786 0.9192 0.10568123393316195
0 0.4520181818181818 0.4170179948586118 0.7686909090909091 0.08853470437017995
0 0.4202 0.4877120822622108 0.7050545454545454 0.08712082262210798
0 0.6873818181818182 0.5605655526992288 0.18687272727272727 0.08426735218508997
0 0.20252727272727272 0.6076863753213367 0.38889090909090906 0.07568123393316195
0 0.34241818181818184 0.6840874035989718 0.6585818181818183 0.11712082262210798
0 0.3186909090909091 0.7590745501285346 0.20101818181818182 0.18138817480719796
0 0.7782909090909091 0.6776606683804628 0.2474727272727273 0.2727763496143959
0 0.38534545454545455 0.8911825192802056 0.2373818181818182 0.07997429305912596
0 0.8540363636363637 0.8497686375321337 0.2596 0.09141388174807198