0 0.08287292817679558 0.06625 0.052486187845303865 0.08
0 0.6850828729281768 0.06375 0.09668508287292818 0.025
0 0.26795580110497236 0.09625 0.20718232044198895 0.06
0 0.5 0.2 0.7071823204419889 0.085
0 0.5179558011049724 0.25625 0.712707182320442 0.0675
0 0.5317679558011049 0.32 0.7292817679558011 0.07
0 0.5345303867403315 0.39375 0.7237569060773481 0.08
0 0.012430939226519336 0.275 0.016574585635359115 0.05
0 0.019337016574585635 0.39875 0.03591160220994475 0.0475
0 0.022099447513812154 0.535 0.04419889502762431 0.045
0 0.5566298342541437 0.46125 0.7541436464088398 0.075
0 0.5151933701657458 0.52875 0.6740331491712708 0.0725
0 0.5469613259668509 0.6075 0.7596685082872928 0.0825
0 0.5718232044198895 0.685 0.7790055248618785 0.0775
0 0.580110497237569 0.7625 0.7679558011049724 0.085
0 0.5994475138121547 0.8475 0.7430939226519337 0.0875