0 0.49649501661129564 0.09409713574097137 0.671827242524917 0.13836861768368616
0 0.16888704318936879 0.18265255292652552 0.21963455149501662 0.044283935242839356
0 0.6727574750830565 0.1279950186799502 0.20857142857142857 0.026288916562889165
0 0.19749169435215946 0.20617683686176838 0.25840531561461794 0.03321295143212952
0 0.53156146179402 0.23523038605230384 0.8785548172757475 0.05811955168119552
0 0.3682225913621262 0.2698256537982565 0.6183056478405317 0.049813200498132
0 0.22056478405315616 0.30302615193026156 0.25285714285714284 0.049813200498132
0 0.2916279069767442 0.32863013698630134 0.409750830564784 0.042889165628891654
0 0.12551495016611297 0.3639103362391034 0.15503322259136212 0.035977584059775844
0 0.43926910299003324 0.3998879202988792 0.7678073089700997 0.055342465753424656
0 0.5249169435215947 0.4289414694894147 0.9501661129568106 0.06919053549190536
0 0.20579734219269102 0.4642341220423412 0.32299003322259134 0.04012453300124533
0 0.5048006644518273 0.4988293897882939 0.9173089700996678 0.06779576587795766
0 0.5121760797342192 0.5334122042341221 0.9283887043189368 0.08164383561643836
0 0.23993355481727574 0.5742341220423413 0.3912956810631229 0.05811955168119552
0 0.1513455149501661 0.6136737235367372 0.23255813953488372 0.04843088418430884
0 0.4724916943521595 0.6448069738480697 0.8600996677740863 0.07195516811955169
0 0.5230730897009966 0.6759402241594022 0.9538538205980067 0.08164383561643836
0 0.5167940199335549 0.7112204234122043 0.948687707641196 0.08579078455790784
0 0.1836544850498339 0.7686425902864259 0.2971594684385382 0.06503113325031133
0 0.203953488372093 0.8004732254047322 0.33038205980066443 0.04843088418430884
0 0.24270764119601332 0.8454420921544209 0.4189700996677741 0.055342465753424656
0 0.5166112956810631 0.8724283935242839 0.9667774086378738 0.10655043586550436
0 0.273156146179402 0.930535491905355 0.4983388704318937 0.07057285180572852
0 0.5092358803986711 0.950398505603985 0.9815448504983388 0.09921544209215442
0 0.6561461794019934 0.9748194271481943 0.6847508305647841 0.042889165628891654