0 0.5234124629080118 0.025699999999999997 0.288486646884273 0.040275
0 0.7649258160237388 0.0763875 0.2538724035608309 0.06945
0 0.4179080118694362 0.0986125 0.318160237388724 0.055549999999999995
0 0.36185459940652814 0.1875 0.426973293768546 0.0583375
0 0.453353115727003 0.23333749999999998 0.7187537091988131 0.055549999999999995
0 0.40718100890207715 0.27986249999999996 0.5110385756676558 0.05695
0 0.43851632047477745 0.325 0.6956824925816023 0.0611125
0 0.5242284866468843 0.37916249999999996 0.30332344213649853 0.0388875
0 0.4690059347181009 0.4882 0.6116023738872404 0.1208375
0 0.453353115727003 0.5923625 0.44510385756676557 0.0708375
0 0.5679228486646883 0.6382 0.7896439169139466 0.0625
0 0.5011572700296736 0.6847249999999999 0.5736943620178042 0.0611125
0 0.5679228486646883 0.7277750000000001 0.8094362017804153 0.072225
0 0.8325074183976261 0.8541625 0.17474777448071216 0.072225
0 0.526706231454006 0.9506999999999999 0.4104896142433235 0.04305