0 0.775811209439528 0.09251968503937008 0.07227138643067847 0.027559055118110236
0 0.36578171091445427 0.10531496062992125 0.14749262536873156 0.03740157480314961
0 0.21165191740412978 0.140748031496063 0.20943952802359883 0.04330708661417323
0 0.24705014749262535 0.17421259842519685 0.2935103244837758 0.03937007874015748
0 0.24336283185840707 0.20275590551181102 0.29056047197640117 0.03543307086614173
0 0.2551622418879056 0.2706692913385827 0.32595870206489674 0.051181102362204724
0 0.2861356932153392 0.30413385826771655 0.38495575221238937 0.051181102362204724
0 0.41002949852507375 0.33267716535433073 0.6342182890855457 0.05905511811023622
0 0.2831858407079646 0.37303149606299213 0.38200589970501475 0.05511811023622047
0 0.27064896755162243 0.4104330708661417 0.3702064896755162 0.0531496062992126
0 0.17256637168141592 0.4921259842519685 0.19469026548672566 0.04330708661417323
0 0.18215339233038347 0.5334645669291339 0.21091445427728614 0.03740157480314961
0 0.16887905604719763 0.5738188976377953 0.1873156342182891 0.03740157480314961
0 0.21091445427728614 0.609251968503937 0.27728613569321536 0.05511811023622047
0 0.32079646017699115 0.6466535433070866 0.504424778761062 0.07086614173228346
0 0.2308259587020649 0.6968503937007874 0.32890855457227136 0.05511811023622047
0 0.27654867256637167 0.7391732283464567 0.42920353982300885 0.07086614173228346
0 0.31563421828908556 0.781496062992126 0.5088495575221239 0.08070866141732283
0 0.30162241887905605 0.8287401574803149 0.49262536873156343 0.07874015748031496
0 0.30973451327433627 0.8799212598425197 0.5132743362831859 0.08858267716535433
0 0.34365781710914456 0.9212598425196851 0.5870206489675516 0.08858267716535433
0 0.8237463126843658 0.5885826771653543 0.3525073746312684 0.07874015748031496
0 0.7691740412979351 0.6594488188976378 0.23156342182890854 0.05708661417322835
0 0.806047197640118 0.7155511811023622 0.2890855457227139 0.0688976377952756
0 0.7831858407079646 0.7844488188976378 0.23156342182890854 0.05708661417322835
0 0.8311209439528023 0.844488188976378 0.31710914454277284 0.07086614173228346