0 0.7376700680272109 0.030196629213483147 0.15901360544217688 0.026685393258426966
0 0.37202380952380953 0.0898876404494382 0.11819727891156463 0.056179775280898875
0 0.6407312925170068 0.08918539325842696 0.38860544217687076 0.05337078651685393
0 0.5042517006802721 0.12570224719101122 0.10289115646258504 0.037921348314606744
0 0.6164965986394558 0.16362359550561797 0.3307823129251701 0.0449438202247191
0 0.6598639455782312 0.20154494382022473 0.41156462585034015 0.054775280898876406
0 0.4872448979591837 0.2422752808988764 0.06292517006802721 0.046348314606741575
0 0.4897959183673469 0.27598314606741575 0.04591836734693878 0.0449438202247191
0 0.6951530612244898 0.27247191011235955 0.2976190476190476 0.042134831460674156
0 0.7006802721088435 0.3518258426966292 0.3163265306122449 0.05056179775280899
0 0.5982142857142857 0.39185393258426965 0.11734693877551021 0.05337078651685393
0 0.46343537414965985 0.4508426966292135 0.01870748299319728 0.0351123595505618
0 0.514030612244898 0.4571629213483146 0.031462585034013606 0.025280898876404494
0 0.5170068027210885 0.4957865168539326 0.02806122448979592 0.025280898876404494
0 0.6075680272108843 0.46207865168539325 0.1096938775510204 0.047752808988764044
0 0.5582482993197279 0.4964887640449438 0.013605442176870748 0.02247191011235955
0 0.7155612244897959 0.45365168539325845 0.02976190476190476 0.037921348314606744
0 0.8052721088435374 0.45997191011235955 0.06377551020408163 0.03932584269662921
0 0.7274659863945578 0.4936797752808989 0.036564625850340135 0.03089887640449438
0 0.7895408163265306 0.4887640449438202 0.016156462585034014 0.02247191011235955
0 0.7244897959183674 0.5294943820224719 0.026360544217687076 0.033707865168539325
0 0.7916666666666666 0.5301966292134831 0.01870748299319728 0.02247191011235955
0 0.7465986394557823 0.5625 0.058673469387755105 0.026685393258426966
0 0.5280612244897959 0.6053370786516854 0.1054421768707483 0.0449438202247191
0 0.5272108843537415 0.6432584269662921 0.016156462585034014 0.023876404494382022
0 0.6194727891156463 0.6383426966292135 0.10204081632653061 0.032303370786516857
0 0.5276360544217688 0.6776685393258427 0.01870748299319728 0.025280898876404494
0 0.6556122448979592 0.714185393258427 0.3979591836734694 0.060393258426966294
0 0.3664965986394558 0.7205056179775281 0.12755102040816327 0.04353932584269663
0 0.36607142857142855 0.7556179775280899 0.11224489795918367 0.042134831460674156
0 0.3592687074829932 0.7984550561797753 0.09438775510204081 0.04915730337078652
0 0.6526360544217688 0.7879213483146067 0.397108843537415 0.05196629213483146
0 0.7087585034013606 0.8237359550561798 0.18622448979591838 0.04915730337078652
0 0.6500850340136054 0.8925561797752809 0.397108843537415 0.054775280898876406
0 0.5769557823129252 0.9550561797752809 0.10119047619047619 0.0898876404494382