0 0.18495297805642633 0.1225296442687747 0.17398119122257052 0.07509881422924901
0 0.24059561128526646 0.16205533596837945 0.26959247648902823 0.08102766798418973
0 0.47962382445141066 0.1551383399209486 0.05172413793103448 0.05138339920948617
0 0.46943573667711597 0.208498023715415 0.045454545454545456 0.0533596837944664
0 0.2601880877742947 0.2598814229249012 0.31191222570532917 0.07312252964426877
0 0.5932601880877743 0.26976284584980237 0.11598746081504702 0.06521739130434782
0 0.6904388714733543 0.3201581027667984 0.30407523510971785 0.08498023715415019
0 0.3769592476489028 0.3824110671936759 0.5376175548589341 0.08893280632411067
0 0.21551724137931033 0.43478260869565216 0.15203761755485892 0.05731225296442688
0 0.4592476489028213 0.43280632411067194 0.12852664576802508 0.06324110671936758
0 0.5172413793103449 0.4871541501976285 0.048589341692789965 0.043478260869565216
0 0.4702194357366771 0.5424901185770751 0.6520376175548589 0.08893280632411067
0 0.4090909090909091 0.6017786561264822 0.5391849529780565 0.07905138339920949
0 0.26880877742946707 0.6956521739130435 0.3463949843260188 0.0691699604743083
0 0.3268025078369906 0.8023715415019763 0.44043887147335425 0.07312252964426877
0 0.28056426332288403 0.8527667984189723 0.3056426332288401 0.07312252964426877
0 0.42946708463949845 0.91600790513834 0.5893416927899686 0.08695652173913043
0 0.4051724137931034 0.9664031620553359 0.5250783699059561 0.06719367588932806