0 0.15901360544217688 0.020647321428571428 0.2227891156462585 0.041294642857142856
0 0.4965986394557823 0.04352678571428571 0.9013605442176871 0.06361607142857142
0 0.4846938775510204 0.07421875 0.8707482993197279 0.056919642857142856
0 0.47619047619047616 0.10379464285714286 0.858843537414966 0.06696428571428571
0 0.336734693877551 0.15122767857142858 0.5969387755102041 0.05803571428571429
0 0.5034013605442177 0.18582589285714285 0.9421768707482994 0.05580357142857143
0 0.4957482993197279 0.21540178571428573 0.9285714285714286 0.049107142857142856
0 0.4872448979591837 0.24776785714285715 0.9200680272108843 0.0625
0 0.13945578231292516 0.29854910714285715 0.23469387755102042 0.03459821428571429
0 0.4880952380952381 0.33426339285714285 0.9081632653061225 0.0546875
0 0.4991496598639456 0.36607142857142855 0.9438775510204082 0.05357142857142857
0 0.27125850340136054 0.39676339285714285 0.477891156462585 0.05357142857142857
0 0.4965986394557823 0.45145089285714285 0.9438775510204082 0.05803571428571429
0 0.49744897959183676 0.4877232142857143 0.95578231292517 0.06138392857142857
0 0.47534013605442177 0.51171875 0.9030612244897959 0.05580357142857143
0 0.48299319727891155 0.5474330357142857 0.923469387755102 0.06584821428571429
0 0.16326530612244897 0.5580357142857143 0.2891156462585034 0.0390625
0 0.3630952380952381 0.6283482142857143 0.7040816326530612 0.06584821428571429
0 0.47619047619047616 0.6584821428571429 0.935374149659864 0.07477678571428571
0 0.47959183673469385 0.6869419642857143 0.9404761904761905 0.06584821428571429
0 0.4872448979591837 0.7142857142857143 0.9438775510204082 0.06808035714285714
0 0.4846938775510204 0.7455357142857143 0.9438775510204082 0.05803571428571429
0 0.4685374149659864 0.8069196428571429 0.9217687074829932 0.08482142857142858
0 0.4770408163265306 0.8314732142857143 0.9540816326530612 0.08258928571428571
0 0.46343537414965985 0.8677455357142857 0.9268707482993197 0.08816964285714286
0 0.4685374149659864 0.8911830357142857 0.9370748299319728 0.0703125
0 0.195578231292517 0.9112723214285714 0.391156462585034 0.06138392857142857