0 0.47641509433962265 0.03804347826086957 0.800314465408805 0.035326086956521736
0 0.4740566037735849 0.057744565217391304 0.800314465408805 0.035326086956521736
0 0.4748427672955975 0.07744565217391304 0.8018867924528302 0.035326086956521736
0 0.47327044025157233 0.09578804347826086 0.800314465408805 0.035326086956521736
0 0.4740566037735849 0.11616847826086957 0.8018867924528302 0.036684782608695655
0 0.38207547169811323 0.13519021739130435 0.6226415094339622 0.03260869565217391
0 0.4827044025157233 0.21467391304347827 0.8066037735849056 0.06929347826086957
0 0.48977987421383645 0.28464673913043476 0.8301886792452831 0.0625
0 0.5306603773584906 0.34714673913043476 0.9182389937106918 0.06385869565217392
0 0.529874213836478 0.41983695652173914 0.940251572327044 0.07336956521739131
0 0.5102201257861635 0.4891304347826087 0.910377358490566 0.057065217391304345
0 0.5110062893081762 0.561141304347826 0.9166666666666666 0.06114130434782609
0 0.48742138364779874 0.6297554347826086 0.860062893081761 0.06385869565217392
0 0.49528301886792453 0.6929347826086957 0.889937106918239 0.06793478260869565
0 0.4889937106918239 0.7615489130434783 0.8836477987421384 0.057065217391304345
0 0.5110062893081762 0.8362771739130435 0.9512578616352201 0.07065217391304347
0 0.41037735849056606 0.8980978260869565 0.7484276729559748 0.06657608695652174
0 0.09040880503144653 0.9762228260869565 0.06761006289308176 0.02309782608695652