0 0.6395876288659794 0.054864864864864867 0.04747422680412371 0.020308880308880308
0 0.6375257731958763 0.07366795366795366 0.0434020618556701 0.019305019305019305
0 0.3771134020618557 0.15088803088803088 0.4503608247422681 0.03961389961389961
0 0.44221649484536085 0.2088030888030888 0.5724226804123711 0.045714285714285714
0 0.47072164948453604 0.23621621621621622 0.6239690721649485 0.047760617760617755
0 0.3954123711340206 0.2697683397683398 0.46798969072164953 0.04166023166023166
0 0.4896907216494845 0.32613899613899616 0.6701030927835051 0.042664092664092663
0 0.3818556701030928 0.36119691119691116 0.44628865979381444 0.04166023166023166
0 0.4883505154639175 0.41656370656370656 0.6755154639175258 0.040656370656370656
0 0.5019072164948454 0.4485714285714286 0.6945360824742268 0.04166023166023166
0 0.5032474226804123 0.5197297297297298 0.6945360824742268 0.05791505791505792
0 0.3370618556701031 0.5593436293436294 0.3567525773195876 0.053861003861003856
0 0.33304123711340206 0.9362934362934363 0.14515463917525773 0.04370656370656371
0 0.8694845360824742 0.9581467181467181 0.12752577319587627 0.02640926640926641
0 0.5161340206185567 0.6101544401544402 0.7338659793814433 0.04976833976833977
0 0.292319587628866 0.6507722007722008 0.28350515463917525 0.037606177606177606
0 0.5222680412371133 0.7178378378378378 0.7297938144329897 0.045714285714285714
0 0.3086082474226804 0.7559459459459459 0.2943814432989691 0.03656370656370657
0 0.44969072164948454 0.8255598455598455 0.5738144329896907 0.05996138996138996
0 0.45103092783505155 0.8641698841698842 0.3431958762886598 0.06806949806949807