0 0.5128205128205128 0.02613871635610766 0.6073717948717948 0.04606625258799172
0 0.46634615384615385 0.05408902691511387 0.4150641025641026 0.03985507246376811
0 0.4202724358974359 0.10740165631469979 0.2988782051282051 0.04296066252587992
0 0.1987179487179487 0.1425983436853002 0.14983974358974358 0.040372670807453416
0 0.41947115384615385 0.1653726708074534 0.5176282051282052 0.03467908902691511
0 0.4310897435897436 0.19746376811594202 0.5288461538461539 0.04296066252587992
0 0.27684294871794873 0.2246376811594203 0.3485576923076923 0.03467908902691511
0 0.4050480769230769 0.2525879917184265 0.6081730769230769 0.03985507246376811
0 0.8068910256410257 0.07971014492753623 0.2403846153846154 0.027432712215320912
0 0.8297275641025641 0.09756728778467909 0.08092948717948718 0.026915113871635612
0 0.8385416666666666 0.1234472049689441 0.18349358974358973 0.031055900621118012
0 0.5004006410256411 0.2800207039337474 0.8725961538461539 0.05124223602484472
0 0.5060096153846154 0.3105590062111801 0.8517628205128205 0.045548654244306416
0 0.4963942307692308 0.33695652173913043 0.8405448717948718 0.04917184265010352
0 0.38982371794871795 0.3672360248447205 0.6121794871794872 0.047619047619047616
0 0.5428685897435898 0.39337474120082816 0.7980769230769231 0.04192546583850932
0 0.49719551282051283 0.422360248447205 0.8533653846153846 0.046583850931677016
0 0.516426282051282 0.45367494824016563 0.8565705128205128 0.05124223602484472
0 0.5004006410256411 0.4798136645962733 0.8229166666666666 0.044513457556935816
0 0.49559294871794873 0.510351966873706 0.8060897435897436 0.047619047619047616
0 0.5036057692307693 0.5383022774327122 0.8517628205128205 0.04813664596273292
0 0.1642628205128205 0.5685817805383023 0.14983974358974358 0.026915113871635612
0 0.5256410256410257 0.5954968944099379 0.7932692307692307 0.04503105590062112
0 0.5112179487179487 0.6195652173913043 0.8413461538461539 0.04503105590062112
0 0.5136217948717948 0.6488095238095238 0.8661858974358975 0.048654244306418216
0 0.5144230769230769 0.6783126293995859 0.8573717948717948 0.045548654244306416
0 0.5048076923076923 0.7075569358178054 0.8325320512820513 0.043478260869565216
0 0.2644230769230769 0.7365424430641822 0.3501602564102564 0.03881987577639751
0 0.5424679487179487 0.7629399585921325 0.7956730769230769 0.05124223602484472
0 0.5024038461538461 0.7898550724637681 0.8357371794871795 0.039337474120082816
0 0.5284455128205128 0.8185817805383023 0.8830128205128205 0.045548654244306416
0 0.5272435897435898 0.8486024844720497 0.8565705128205128 0.047619047619047616
0 0.468349358974359 0.8747412008281573 0.7339743589743589 0.040372670807453416
0 0.7035256410256411 0.9112318840579711 0.327724358974359 0.041407867494824016
0 0.6939102564102564 0.9373706004140787 0.1842948717948718 0.030020703933747412
0 0.6951121794871795 0.9811076604554866 0.10176282051282051 0.03467908902691511