0 0.21697142857142857 0.044551724137931036 0.31607142857142856 0.08620689655172414
0 0.6955428571428571 0.04742528735632184 0.425 0.09482758620689655
0 0.17187142857142856 0.16666666666666666 0.08304285714285714 0.0603448275862069
0 0.6526857142857143 0.17457471264367816 0.2839285714285714 0.0761609195402299
0 0.1759 0.31680459770114944 0.05714285714285714 0.10202298850574713
0 0.49865714285714285 0.2607816091954023 0.36160000000000003 0.09340229885057472
0 0.5888428571428571 0.33979310344827585 0.5384 0.11064367816091955
0 0.6397285714285714 0.4360689655172414 0.6384 0.09914942528735633
0 0.4442 0.4949655172413793 0.2258857142857143 0.07328735632183908
0 0.5013428571428571 0.5912413793103448 0.6562571428571429 0.09627586206896552
0 0.45044285714285714 0.6551724137931034 0.11339999999999999 0.0603448275862069
0 0.3151857142857143 0.7413793103448276 0.24642857142857144 0.07183908045977011
0 0.3705428571428571 0.8182528735632184 0.3678571428571429 0.0819080459770115
0 0.5446428571428571 0.8951264367816092 0.725 0.08620689655172414
0 0.2674142857142857 0.9669655172413792 0.17054285714285713 0.05459770114942529