0 0.4866220735785953 0.9011516314779271 0.9654403567447045 0.07965451055662189
0 0.038461538461538464 0.9716890595009597 0.06800445930880714 0.04990403071017274
0 0.09141583054626533 0.12428023032629558 0.1020066889632107 0.07965451055662189
0 0.12764771460423635 0.1890595009596929 0.19230769230769232 0.07965451055662189
0 0.11259754738015608 0.2528790786948177 0.12486064659977704 0.06333973128598848
0 0.17084726867335562 0.30134357005758156 0.23857302118171683 0.09021113243761997
0 0.17753623188405798 0.3843570057581574 0.21739130434782608 0.10268714011516315
0 0.15551839464882944 0.45297504798464494 0.15830546265328874 0.06429942418426103
0 0.1605351170568562 0.519193857965451 0.15607580824972128 0.09117082533589252
0 0.423355629877369 0.10316698656429943 0.05629877369007804 0.030710172744721688
0 0.4278149386845039 0.1261996161228407 0.07748049052396878 0.03550863723608445
0 0.41861761426978816 0.15067178502879078 0.049609810479375696 0.03166986564299424
0 0.5370680044593088 0.1789827255278311 0.1426978818283166 0.03742802303262956
0 0.5568561872909699 0.20153550863723607 0.049609810479375696 0.03358925143953935
0 0.4169453734671126 0.21785028790786948 0.0802675585284281 0.03262955854126679
0 0.4963768115942029 0.24328214971209214 0.241917502787068 0.04222648752399232
0 0.4991638795986622 0.2658349328214971 0.24581939799331104 0.03934740882917467
0 0.48327759197324416 0.2927063339731286 0.21516164994425863 0.046065259117082535
0 0.44481605351170567 0.33205374280230326 0.12931995540691194 0.0345489443378119
0 0.47575250836120403 0.3598848368522073 0.09977703455964325 0.029750479846449136
0 0.4952619843924192 0.3833973128598848 0.14046822742474915 0.03742802303262956
0 0.479933110367893 0.40738963531669864 0.10535117056856187 0.03166986564299424
0 0.4991638795986622 0.43042226487523993 0.15105908584169453 0.036468330134357005
0 0.479933110367893 0.45441458733205375 0.11705685618729098 0.02783109404990403
0 0.48439241917502784 0.47888675623800386 0.11984392419175027 0.03262955854126679
0 0.49136008918617613 0.5038387715930902 0.13377926421404682 0.03166986564299424
0 0.4754738015607581 0.5273512476007678 0.09587513935340022 0.0345489443378119
0 0.45011148272017837 0.6449136276391555 0.14325529542920848 0.04894433781190019
0 0.8074136008918618 0.04222648752399232 0.2068004459308807 0.053742802303262956
0 0.8230211817168339 0.07293666026871401 0.27424749163879597 0.05182341650671785
0 0.7926421404682275 0.09788867562380038 0.24303232998885171 0.04126679462571977
0 0.8202341137123745 0.13051823416506717 0.3015607580824972 0.04894433781190019
0 0.6928651059085842 0.15690978886756238 0.04793756967670011 0.0345489443378119
0 0.7803790412486065 0.1847408829174664 0.205685618729097 0.04894433781190019
0 0.729654403567447 0.21641074856046066 0.1164994425863991 0.04030710172744722
0 0.7728539576365663 0.2456813819577735 0.20178372352285395 0.046065259117082535
0 0.7739687848383501 0.27351247600767753 0.2129319955406912 0.045105566218809984
0 0.7775919732441472 0.30806142034548945 0.21237458193979933 0.04990403071017274
0 0.8182831661092531 0.33061420345489445 0.3193979933110368 0.06238003838771593
0 0.830546265328874 0.3646833013435701 0.32831661092530656 0.05470249520153551
0 0.8235785953177257 0.3929942418426104 0.32274247491638797 0.04990403071017274
0 0.8051839464882943 0.42610364683301344 0.2931995540691193 0.05950095969289827
0 0.7480490523968785 0.4592130518234165 0.1705685618729097 0.05182341650671785
0 0.742196209587514 0.4928023032629559 0.15663322185061315 0.05470249520153551
0 0.7865105908584169 0.5532629558541267 0.2530657748049052 0.07485604606525911