0 0.036016949152542374 0.014830508474576272 0.07203389830508475 0.029661016949152543
0 0.3467514124293785 0.036546610169491525 0.4646892655367232 0.06779661016949153
0 0.6370056497175142 0.028601694915254237 0.03672316384180791 0.03283898305084746
0 0.15112994350282485 0.13135593220338984 0.03672316384180791 0.036016949152542374
0 0.2761299435028249 0.1292372881355932 0.043785310734463276 0.0413135593220339
0 0.4110169491525424 0.131885593220339 0.043785310734463276 0.038135593220338986
0 0.5536723163841808 0.131885593220339 0.05508474576271186 0.038135593220338986
0 0.682909604519774 0.1308262711864407 0.05790960451977401 0.04343220338983051
0 0.8206214689265536 0.12658898305084745 0.05649717514124294 0.045550847457627115
0 0.1497175141242938 0.2229872881355932 0.05790960451977401 0.059322033898305086
0 0.2860169491525424 0.2229872881355932 0.06073446327683616 0.0646186440677966
0 0.4088983050847458 0.24735169491525424 0.043785310734463276 0.0646186440677966
0 0.5444915254237288 0.2547669491525424 0.052259887005649715 0.07415254237288135
0 0.3453389830508475 0.3411016949152542 0.4505649717514124 0.0646186440677966
0 0.6179378531073446 0.3363347457627119 0.046610169491525424 0.034957627118644065
0 0.15889830508474576 0.4332627118644068 0.04096045197740113 0.038135593220338986
0 0.2909604519774011 0.4332627118644068 0.062146892655367235 0.034957627118644065
0 0.4074858757062147 0.4348516949152542 0.043785310734463276 0.034957627118644065
0 0.538135593220339 0.4311440677966102 0.0480225988700565 0.03919491525423729
0 0.3185028248587571 0.5286016949152542 0.3912429378531073 0.04343220338983051
0 0.16807909604519775 0.628707627118644 0.05508474576271186 0.034957627118644065
0 0.2951977401129944 0.6271186440677966 0.05084745762711865 0.0413135593220339
0 0.4180790960451977 0.6255296610169492 0.05790960451977401 0.038135593220338986
0 0.3778248587570621 0.722457627118644 0.5070621468926554 0.046610169491525424
0 0.681497175141243 0.7240466101694916 0.05649717514124294 0.038135593220338986
0 0.1772598870056497 0.7754237288135594 0.07203389830508475 0.0413135593220339
0 0.3213276836158192 0.7722457627118644 0.09463276836158192 0.038135593220338986
0 0.4569209039548023 0.7828389830508474 0.062146892655367235 0.059322033898305086
0 0.3545197740112994 0.8760593220338984 0.4675141242937853 0.0635593220338983
0 0.6271186440677966 0.8691737288135594 0.02824858757062147 0.034957627118644065
0 0.1652542372881356 0.9205508474576272 0.04096045197740113 0.04343220338983051
0 0.3121468926553672 0.9205508474576272 0.05649717514124294 0.034957627118644065
0 0.4413841807909605 0.9173728813559322 0.052259887005649715 0.0413135593220339
0 0.5628531073446328 0.9147245762711864 0.03672316384180791 0.046610169491525424
0 0.6836158192090396 0.9369703389830508 0.052259887005649715 0.07097457627118645