0 0.2406832298136646 0.012987012987012988 0.12111801242236025 0.015151515151515152
0 0.2422360248447205 0.031385281385281384 0.2795031055900621 0.032467532467532464
0 0.055900621118012424 0.12445887445887446 0.09006211180124224 0.02813852813852814
0 0.38664596273291924 0.12121212121212122 0.09316770186335403 0.023809523809523808
0 0.08850931677018634 0.16883116883116883 0.14285714285714285 0.032467532467532464
0 0.4161490683229814 0.1645021645021645 0.14596273291925466 0.02813852813852814
0 0.5419254658385093 0.9956709956709957 0.034161490683229816 0.006493506493506494
0 0.11490683229813664 0.21645021645021645 0.19254658385093168 0.03463203463203463
0 0.44565217391304346 0.20887445887445888 0.1956521739130435 0.032467532467532464
0 0.4254658385093168 0.2564935064935065 0.15527950310559005 0.02813852813852814
0 0.42391304347826086 0.30303030303030304 0.14596273291925466 0.02813852813852814
0 0.4052795031055901 0.3474025974025974 0.10869565217391304 0.02813852813852814
0 0.4472049689440994 0.39285714285714285 0.18322981366459629 0.02813852813852814
0 0.43167701863354035 0.44047619047619047 0.15527950310559005 0.030303030303030304
0 0.4301242236024845 0.4935064935064935 0.14596273291925466 0.04112554112554113
0 0.4114906832298137 0.5292207792207793 0.10248447204968944 0.03463203463203463
0 0.4394409937888199 0.5833333333333334 0.14596273291925466 0.04112554112554113
0 0.4363354037267081 0.6190476190476191 0.13354037267080746 0.0367965367965368
0 0.4440993788819876 0.6666666666666666 0.14906832298136646 0.047619047619047616
0 0.45652173913043476 0.7164502164502164 0.17080745341614906 0.05844155844155844
0 0.43478260869565216 0.7683982683982684 0.12422360248447205 0.047619047619047616
0 0.43788819875776397 0.8095238095238095 0.12111801242236025 0.05411255411255411
0 0.4984472049689441 0.8560606060606061 0.2329192546583851 0.06277056277056277
0 0.09316770186335403 0.26406926406926406 0.14285714285714285 0.030303030303030304
0 0.09316770186335403 0.3116883116883117 0.14285714285714285 0.025974025974025976
0 0.07763975155279502 0.3528138528138528 0.10869565217391304 0.030303030303030304
0 0.11645962732919254 0.4004329004329004 0.18322981366459629 0.032467532467532464
0 0.10714285714285714 0.44696969696969696 0.15527950310559005 0.032467532467532464
0 0.10248447204968944 0.49783549783549785 0.13975155279503104 0.04329004329004329
0 0.08850931677018634 0.5367965367965368 0.09937888198757763 0.032467532467532464
0 0.10869565217391304 0.5909090909090909 0.14285714285714285 0.03896103896103896
0 0.10403726708074534 0.6331168831168831 0.13043478260869565 0.05194805194805195
0 0.11645962732919254 0.6774891774891775 0.15838509316770186 0.05194805194805195
0 0.12888198757763975 0.724025974025974 0.17391304347826086 0.05844155844155844
0 0.10248447204968944 0.7770562770562771 0.11490683229813664 0.04329004329004329
0 0.10559006211180125 0.8181818181818182 0.12422360248447205 0.05411255411255411
0 0.16770186335403728 0.8614718614718615 0.2391304347826087 0.05844155844155844