0 0.2171945701357466 0.05357142857142857 0.24434389140271492 0.020186335403726708
0 0.8088235294117647 0.055900621118012424 0.11538461538461539 0.021739130434782608
0 0.4807692307692308 0.09937888198757763 0.7714932126696833 0.015527950310559006
0 0.4796380090497738 0.11645962732919254 0.7782805429864253 0.015527950310559006
0 0.4807692307692308 0.12888198757763975 0.7760180995475113 0.015527950310559006
0 0.4819004524886878 0.14440993788819875 0.7692307692307693 0.018633540372670808
0 0.4807692307692308 0.15993788819875776 0.7669683257918553 0.015527950310559006
0 0.4445701357466063 0.17391304347826086 0.7036199095022625 0.018633540372670808
0 0.45475113122171945 0.25077639751552794 0.7104072398190046 0.06055900621118013
0 0.4592760180995475 0.30667701863354035 0.7239819004524887 0.05434782608695652
0 0.47171945701357465 0.36024844720496896 0.7352941176470589 0.059006211180124224
0 0.47398190045248867 0.4169254658385093 0.7624434389140271 0.06055900621118013
0 0.47398190045248867 0.4635093167701863 0.7262443438914027 0.05434782608695652
0 0.4796380090497738 0.514751552795031 0.7420814479638009 0.05434782608695652
0 0.4796380090497738 0.5768633540372671 0.7420814479638009 0.06677018633540373
0 0.4671945701357466 0.6265527950310559 0.7171945701357466 0.06987577639751552
0 0.45361990950226244 0.6762422360248447 0.6945701357466063 0.05745341614906832
0 0.17420814479638008 0.8291925465838509 0.1583710407239819 0.043478260869565216