0 0.2118609406952965 0.03749625187406297 0.21846625766871167 0.020944527736131934
0 0.7511451942740286 0.03749625187406297 0.10351738241308793 0.020944527736131934
0 0.45740286298568505 0.06817091454272864 0.7058486707566463 0.016851574212893555
0 0.45572597137014315 0.08206896551724138 0.706237218813906 0.016311844077961022
0 0.45572597137014315 0.09625187406296852 0.706237218813906 0.02065967016491754
0 0.3423721881390593 0.11097451274362818 0.4797750511247444 0.013028485757121438
0 0.4389979550102249 0.19193403298350825 0.7099386503067485 0.05281859070464767
0 0.45648261758691205 0.24632683658170917 0.7077096114519428 0.039445277361319336
0 0.4633537832310839 0.29566716641679164 0.7177505112474438 0.04434782608695652
0 0.4683844580777096 0.34500749625187405 0.7166462167689162 0.03833583208395802
0 0.4602044989775051 0.4023988005997001 0.7002862985685071 0.04622188905547226
0 0.4733946830265849 0.44983508245877063 0.715521472392638 0.04949025487256371
0 0.22560327198364008 0.49454272863568216 0.2236605316973415 0.03640179910044978
0 0.14047034764826175 0.7817541229385306 0.06083844580777096 0.015337331334332835
0 0.7009406952965235 0.8087406296851574 0.33775051124744376 0.04314842578710645
0 0.5248875255623722 0.8553523238380809 0.44298568507157465 0.04259370314842579