0 0.8401178010471204 0.0315735294117647 0.08051047120418849 0.022955882352941177
0 0.7521858638743455 0.30458823529411766 0.2449607329842932 0.02772058823529412
0 0.18795811518324607 0.36555882352941177 0.17791884816753928 0.05551470588235294
0 0.6007068062827225 0.3681029411764706 0.601217277486911 0.05845588235294118
0 0.3921335078534031 0.40499999999999997 0.15790575916230368 0.03813235294117647
0 0.5663219895287959 0.4475147058823529 0.5062696335078535 0.05469117647058823
0 0.6328272251308901 0.4864264705882353 0.6321465968586387 0.05976470588235294
0 0.3638219895287958 0.5286764705882353 0.09651832460732984 0.050132352941176475
0 0.3688219895287958 0.562764705882353 0.07319371727748691 0.04344117647058823
0 0.6863743455497382 0.5578235294117647 0.45842931937172776 0.042102941176470586
0 0.5277748691099476 0.6427205882352941 0.1531282722513089 0.049308823529411766
0 0.7873952879581152 0.6351029411764706 0.2963612565445026 0.040485294117647064
0 0.5377748691099477 0.6821617647058824 0.18263089005235603 0.05330882352941176
0 0.32836387434554976 0.7463529411764706 0.030366492146596858 0.03189705882352941
0 0.40748691099476436 0.7537058823529411 0.04344240837696335 0.025220588235294116
0 0.4118848167539267 0.7948823529411765 0.040340314136125655 0.02841176470588235
0 0.5500261780104713 0.75825 0.17145287958115185 0.05355882352941177
0 0.4750785340314136 0.7939411764705883 0.026295811518324608 0.022264705882352943
0 0.7179188481675393 0.7479558823529412 0.043167539267015706 0.03939705882352941
0 0.854869109947644 0.7557058823529411 0.09479057591623037 0.03992647058823529
0 0.7371989528795811 0.7906029411764706 0.05791884816753927 0.026279411764705884
0 0.8326178010471205 0.7868529411764705 0.02506544502617801 0.023073529411764705
0 0.7339790575916231 0.8280441176470589 0.04149214659685864 0.03269117647058824
0 0.8351178010471204 0.829514705882353 0.027683246073298428 0.020661764705882355
0 0.7650392670157068 0.8645441176470589 0.08980366492146596 0.030808823529411763
0 0.4289005235602094 0.9077205882352941 0.1624214659685864 0.04872058823529412
0 0.43020942408376966 0.9479705882352941 0.024633507853403142 0.02436764705882353
0 0.5694240837696335 0.943294117647059 0.15551047120418848 0.03641176470588235
0 0.42878272251308897 0.9830000000000001 0.031295811518324605 0.02383823529411765