0 0.6020989304812834 0.031412776412776414 0.6064572192513369 0.041461916461916465
0 0.7008823529411765 0.058169533169533175 0.492072192513369 0.03162162162162162
0 0.5833957219251337 0.10143734643734643 0.17094919786096258 0.05701474201474201
0 0.7858556149732621 0.09502457002457002 0.11537433155080214 0.03106879606879607
0 0.49530748663101604 0.157002457002457 0.3542513368983957 0.04143734643734644
0 0.3706951871657754 0.1935872235872236 0.13771390374331552 0.0447051597051597
0 0.6892914438502674 0.1918181818181818 0.4273128342245989 0.04552825552825553
0 0.5389839572192514 0.22047911547911547 0.13858288770053476 0.03732186732186732
0 0.4304010695187166 0.2533906633906634 0.33435828877005347 0.03977886977886978
0 0.7108422459893049 0.2533906633906634 0.13469251336898397 0.03977886977886978
0 0.44794117647058823 0.2872358722358722 0.10204545454545454 0.03757985257985258
0 0.4654679144385027 0.3148157248157248 0.13116310160427808 0.03157248157248157
0 0.5352807486631016 0.35085995085995086 0.098475935828877 0.03593366093366093
0 0.44807486631016047 0.38525798525798527 0.25385026737967914 0.043574938574938576
0 0.17759358288770055 0.418022113022113 0.155548128342246 0.04356265356265356
0 0.6123529411764707 0.42484029484029484 0.6120989304812835 0.046289926289926286
0 0.56274064171123 0.46115479115479113 0.5307085561497327 0.044643734643734646
0 0.17685828877005347 0.4524201474201474 0.15704545454545454 0.04028255528255528
0 0.1673529411764706 0.4835503685503686 0.13803475935828877 0.032628992628992624
0 0.17581550802139037 0.5197297297297298 0.14010695187165775 0.039447174447174445
0 0.33741978609625667 0.5514004914004914 0.49894385026737964 0.04162162162162163
0 0.6790641711229947 0.5599999999999999 0.017660427807486632 0.021695331695331697
0 0.7955080213903742 0.5634029484029485 0.1554812834224599 0.05035626535626536
0 0.8510561497326203 0.5927641277641278 0.08239304812834225 0.021683046683046683
0 0.7390641711229947 0.8035380835380835 0.24461229946524063 0.026007371007371008
0 0.17477272727272725 0.8455896805896805 0.1588235294117647 0.0401965601965602
0 0.49768716577540106 0.8509090909090908 0.3352406417112299 0.04866093366093366
0 0.631951871657754 0.883943488943489 0.603783422459893 0.05357493857493857
0 0.46887700534759363 0.9157493857493857 0.28355614973262033 0.047285012285012286
0 0.6231951871657754 0.9531572481572481 0.6070454545454546 0.054373464373464374
0 0.39699197860962565 0.9771867321867321 0.1572860962566845 0.03907862407862408
0 0.13824866310160427 0.9403194103194102 0.039024064171122995 0.030896805896805896