0 0.6193042071197411 0.02410604192355117 0.02941747572815534 0.016818742293464858
0 0.621504854368932 0.04091245376078915 0.03972491909385113 0.016818742293464858
0 0.7987702265372169 0.03923551171393341 0.026472491909385113 0.01345252774352651
0 0.2611003236245955 0.07173859432799014 0.333915857605178 0.04035758323057953
0 0.2581715210355987 0.10256473489519113 0.2927346278317152 0.03474722564734895
0 0.22800970873786408 0.13114673242909988 0.24124595469255664 0.029149198520345254
0 0.30449838187702266 0.16254007398273734 0.38540453074433656 0.04035758323057953
0 0.18241100323624596 0.18607891491985204 0.0970873786407767 0.029149198520345254
0 0.48176375404530747 0.19392108508014796 0.34275080906148864 0.03586929716399507
0 0.41482200647249196 0.21690505548705302 0.20888349514563107 0.028027127003699137
0 0.5119093851132687 0.24605425400739828 0.4089482200647249 0.03923551171393341
0 0.17946601941747573 0.2757583230579531 0.10885113268608414 0.033625154130702835
0 0.5207443365695793 0.2735141800246609 0.4324757281553398 0.04260172626387176
0 0.48690938511326864 0.30601726263871765 0.3736407766990291 0.0381134401972873
0 0.4633656957928803 0.3351664611590629 0.31480582524271844 0.03586929716399507
0 0.39423948220064725 0.36430332922318126 0.20593851132686083 0.03586929716399507
0 0.17726537216828478 0.39457459926017263 0.11326860841423948 0.04260172626387176
0 0.43542071197411 0.3912083847102343 0.22064724919093853 0.04035758323057953
0 0.44865695792880256 0.41868064118372383 0.270663430420712 0.04147965474722565
0 0.4096763754045308 0.4478175092478422 0.19859223300970874 0.03474722564734895
0 0.27949838187702264 0.47752157829839703 0.3118608414239482 0.0381134401972873
0 0.3898220064724919 0.5021824907521578 0.5119093851132687 0.04483353884093711
0 0.27728155339805827 0.5346979038224414 0.2927346278317152 0.04260172626387176
0 0.4582200647249191 0.5644019728729963 0.6516666666666667 0.04819975339087547
0 0.4060032362459547 0.5907398273736127 0.5325080906148867 0.04483353884093711
0 0.3559870550161812 0.6215659679408138 0.46778317152103555 0.043711467324291
0 0.5155987055016181 0.6479038224414304 0.7840614886731392 0.04932182490752158
0 0.37289644012944984 0.68154130702836 0.5133818770226537 0.047077681874229345
0 0.3883495145631068 0.7118002466091246 0.5295631067961165 0.04483353884093711
0 0.3957119741100324 0.7471146732429099 0.5413430420711974 0.05268803945745992
0 0.39496763754045305 0.8054007398273736 0.5692880258899676 0.04819975339087547
0 0.3618770226537217 0.8379161528976572 0.4942556634304207 0.04819975339087547
0 0.542799352750809 0.8636868064118373 0.7502265372168284 0.05268803945745992
0 0.1382686084142395 0.9018002466091245 0.05883495145631068 0.03474722564734895
0 0.542799352750809 0.9343156596794081 0.8208252427184466 0.05940813810110974
0 0.5251618122977346 0.9708014796547473 0.8178802588996763 0.058397040690505546