0 0.2811496062992126 0.1300502512562814 0.36220472440944884 0.09163316582914573
0 0.6915275590551181 0.13376884422110552 0.3659055118110236 0.09015075376884422
0 0.33163779527559056 0.30816582914572865 0.48355905511811026 0.10198492462311559
0 0.7818425196850394 0.31037688442211053 0.35015748031496063 0.09459798994974875
0 0.2922677165354331 0.47369346733668344 0.38628346456692914 0.09311557788944724
0 0.6692913385826772 0.4795979899497487 0.31403149606299213 0.0842462311557789
0 0.26725984251968504 0.652537688442211 0.3399685039370079 0.09015075376884422
0 0.6428976377952756 0.6562311557788945 0.3649763779527559 0.09163316582914573
0 0.30338582677165354 0.8446733668341708 0.40296062992125986 0.13746231155778896
0 0.7197795275590552 0.8417085427135679 0.3760944881889764 0.1285929648241206
0 0.5308031496062993 0.496608040201005 0.46874015748031495 0.546859296482412