0 0.4522569444444444 0.03740648379052369 0.703125 0.05112219451371571
0 0.3142361111111111 0.06733167082294264 0.4270833333333333 0.0399002493765586
0 0.4730902777777778 0.10473815461346633 0.7361111111111112 0.059850374064837904
0 0.2439236111111111 0.1396508728179551 0.3038194444444444 0.03117206982543641
0 0.4878472222222222 0.17581047381546136 0.7569444444444444 0.057356608478802994
0 0.2829861111111111 0.2119700748129676 0.4548611111111111 0.048628428927680795
0 0.4670138888888889 0.2518703241895262 0.703125 0.04987531172069826
0 0.46875 0.2724438902743142 0.7621527777777778 0.06109725685785536
0 0.4513888888888889 0.300498753117207 0.7708333333333334 0.05112219451371571
0 0.4053819444444444 0.33042394014962595 0.609375 0.04488778054862843
0 0.4748263888888889 0.37281795511221943 0.7621527777777778 0.05236907730673317
0 0.4913194444444444 0.39962593516209477 0.8368055555555556 0.043640897755610975
0 0.23524305555555555 0.42768079800498754 0.3125 0.034912718204488775
0 0.8402777777777778 0.4102244389027431 0.1701388888888889 0.034912718204488775
0 0.4861111111111111 0.4476309226932668 0.7708333333333334 0.0399002493765586
0 0.3602430555555556 0.48316708229426436 0.5225694444444444 0.05486284289276808
0 0.359375 0.527431421446384 0.5815972222222222 0.0399002493765586
0 0.1796875 0.580423940149626 0.1892361111111111 0.034912718204488775
0 0.6267361111111112 0.5685785536159601 0.5364583333333334 0.04239401496259352
0 0.6753472222222222 0.5966334164588528 0.6111111111111112 0.04488778054862843
0 0.3993055555555556 0.6321695760598504 0.10243055555555555 0.034912718204488775
0 0.5008680555555556 0.6776807980049875 0.8229166666666666 0.04488778054862843
0 0.4079861111111111 0.7113466334164589 0.6493055555555556 0.043640897755610975
0 0.11458333333333333 0.7394014962593516 0.0763888888888889 0.02743142144638404
0 0.4305555555555556 0.763715710723192 0.7378472222222222 0.048628428927680795
0 0.4123263888888889 0.816708229426434 0.6440972222222222 0.04239401496259352
0 0.3159722222222222 0.8447630922693267 0.11284722222222222 0.029925187032418952
0 0.4878472222222222 0.8728179551122195 0.7829861111111112 0.05112219451371571
0 0.4609375 0.9052369077306733 0.8246527777777778 0.05112219451371571
0 0.4861111111111111 0.9351620947630923 0.796875 0.04239401496259352
0 0.13541666666666666 0.9644638403990025 0.09027777777777778 0.026184538653366583