0 0.4851351351351351 0.17752100840336135 0.8864864864864865 0.15546218487394958
0 0.5121621621621621 0.27415966386554624 0.5243243243243243 0.058823529411764705
0 0.5148648648648648 0.3560924369747899 0.8864864864864865 0.08823529411764706
0 0.33513513513513515 0.41281512605042014 0.07837837837837838 0.03571428571428571
0 0.5162162162162162 0.41911764705882354 0.07297297297297298 0.04201680672268908
0 0.6986486486486486 0.4222689075630252 0.07297297297297298 0.03991596638655462
0 0.55 0.4947478991596639 0.8810810810810811 0.09873949579831932
0 0.44594594594594594 0.542016806722689 0.6432432432432432 0.07563025210084033
0 0.5891891891891892 0.5976890756302521 0.8162162162162162 0.09033613445378151
0 0.2635135135135135 0.648109243697479 0.14864864864864866 0.06092436974789916
0 0.6175675675675676 0.6985294117647058 0.7486486486486487 0.08823529411764706
0 0.3675675675675676 0.7468487394957983 0.24594594594594596 0.06722689075630252
0 0.6229729729729729 0.7993697478991597 0.6513513513513514 0.09033613445378151
0 0.6108108108108108 0.8529411764705882 0.7486486486486487 0.0861344537815126
0 0.35 0.898109243697479 0.20810810810810812 0.05672268907563025
0 0.5256756756756756 0.9432773109243697 0.45135135135135135 0.08823529411764706