0 0.09516129032258064 0.11196682464454977 0.11774193548387096 0.013033175355450236
0 0.0935483870967742 0.12203791469194313 0.06612903225806452 0.016587677725118485
0 0.47338709677419355 0.0533175355450237 0.35 0.0533175355450237
0 0.4870967741935484 0.12322274881516587 0.29193548387096774 0.034360189573459717
0 0.4774193548387097 0.1617298578199052 0.36612903225806454 0.04265402843601896
0 0.4967741935483871 0.19964454976303317 0.5096774193548387 0.04739336492890995
0 0.4879032258064516 0.23518957345971564 0.3903225806451613 0.0462085308056872
0 0.47580645161290325 0.2713270142180095 0.4612903225806452 0.04976303317535545
0 0.45564516129032256 0.3347156398104265 0.32903225806451614 0.035545023696682464
0 0.4669354838709677 0.37618483412322273 0.45806451612903226 0.0462085308056872
0 0.4717741935483871 0.41172985781990523 0.36935483870967745 0.045023696682464455
0 0.49516129032258066 0.44786729857819907 0.5112903225806451 0.052132701421800945
0 0.6483870967741936 0.48045023696682465 0.1435483870967742 0.035545023696682464
0 0.357258064516129 0.5462085308056872 0.04838709677419355 0.030805687203791468
0 0.3064516129032258 0.5829383886255924 0.04838709677419355 0.027251184834123223