0 0.5053763440860215 0.06297709923664122 0.8709677419354839 0.05725190839694656
0 0.47580645161290325 0.09541984732824428 0.8172043010752689 0.05343511450381679
0 0.48655913978494625 0.12595419847328243 0.8333333333333334 0.05725190839694656
0 0.46236559139784944 0.15267175572519084 0.8064516129032258 0.05343511450381679
0 0.4543010752688172 0.18129770992366412 0.7526881720430108 0.04580152671755725
0 0.5026881720430108 0.20801526717557253 0.8494623655913979 0.04961832061068702
0 0.5 0.23473282442748092 0.8494623655913979 0.05725190839694656
0 0.4731182795698925 0.2652671755725191 0.7903225806451613 0.05343511450381679
0 0.5026881720430108 0.2900763358778626 0.8655913978494624 0.05343511450381679
0 0.48655913978494625 0.3187022900763359 0.8440860215053764 0.05343511450381679
0 0.5053763440860215 0.3473282442748092 0.8494623655913979 0.05725190839694656
0 0.44623655913978494 0.37595419847328243 0.7526881720430108 0.05343511450381679
0 0.4838709677419355 0.4064885496183206 0.8010752688172043 0.061068702290076333
0 0.46236559139784944 0.4312977099236641 0.7473118279569892 0.05725190839694656
0 0.3978494623655914 0.45610687022900764 0.6397849462365591 0.04198473282442748
0 0.5080645161290323 0.48282442748091603 0.8548387096774194 0.05725190839694656
0 0.4543010752688172 0.5095419847328244 0.7419354838709677 0.05343511450381679
0 0.47580645161290325 0.5400763358778626 0.7795698924731183 0.05343511450381679
0 0.45698924731182794 0.566793893129771 0.7741935483870968 0.04961832061068702
0 0.489247311827957 0.5916030534351145 0.8064516129032258 0.04961832061068702
0 0.17204301075268819 0.6221374045801527 0.15053763440860216 0.03816793893129771
0 0.28763440860215056 0.6450381679389313 0.43010752688172044 0.03816793893129771