0 0.4050141242937853 0.029661016949152543 0.7846045197740112 0.059322033898305086
0 0.2959039548022599 0.0746822033898305 0.5508474576271186 0.07203389830508475
0 0.05261299435028249 0.14883474576271186 0.06426553672316385 0.04343220338983051
0 0.4932909604519774 0.1520127118644068 0.7443502824858758 0.1461864406779661
0 0.06073446327683616 0.1975635593220339 0.06285310734463277 0.03919491525423729
0 0.4279661016949153 0.1930614406779661 0.3531073446327684 0.055614406779661014
0 0.1415960451977401 0.2515889830508475 0.2309322033898305 0.05508474576271186
0 0.4894067796610169 0.2944915254237288 0.8403954802259888 0.06038135593220339
0 0.2718926553672316 0.3434851694915254 0.4110169491525424 0.04766949152542373
0 0.3944209039548023 0.4303495762711864 0.7471751412429378 0.06991525423728813
0 0.20162429378531074 0.4886122881355932 0.3622881355932203 0.047139830508474576
0 0.4992937853107345 0.5296610169491526 0.8389830508474576 0.0704449152542373
0 0.3675847457627119 0.5797139830508474 0.588276836158192 0.055614406779661014
0 0.1850282485875706 0.6853813559322034 0.3227401129943503 0.046610169491525424
0 0.7079802259887006 0.659957627118644 0.2923728813559322 0.04608050847457627
0 0.2969632768361582 0.7272245762711864 0.4209039548022599 0.05614406779661017
0 0.780367231638418 0.7055084745762712 0.3757062146892655 0.055614406779661014
0 0.2980225988700565 0.7801906779661016 0.4286723163841808 0.057733050847457626
0 0.17796610169491525 0.8336864406779662 0.1772598870056497 0.047139830508474576
0 0.7701271186440678 0.7545021186440678 0.3495762711864407 0.06514830508474577
0 0.6864406779661016 0.8085275423728814 0.1716101694915254 0.047139830508474576
0 0.782132768361582 0.8453389830508474 0.3686440677966102 0.06408898305084745
0 0.6917372881355932 0.9059851694915254 0.163135593220339 0.04978813559322034