0 0.8130733944954128 0.021311475409836064 0.17775229357798164 0.03770491803278689
0 0.8182339449541285 0.05081967213114754 0.18922018348623854 0.038524590163934426
0 0.4919724770642202 0.11475409836065574 0.7110091743119266 0.0860655737704918
0 0.5659403669724771 0.20368852459016393 0.8681192660550459 0.08770491803278689
0 0.5659403669724771 0.30204918032786887 0.8681192660550459 0.08770491803278689
0 0.5590596330275229 0.39877049180327867 0.8818807339449541 0.08770491803278689
0 0.5602064220183486 0.4971311475409836 0.8795871559633027 0.08442622950819673
0 0.555045871559633 0.5934426229508196 0.8864678899082569 0.08278688524590164
0 0.5538990825688074 0.6934426229508197 0.8841743119266054 0.0860655737704918
0 0.18577981651376146 0.7913934426229509 0.16169724770642202 0.07213114754098361
0 0.5452981651376146 0.8901639344262295 0.8922018348623854 0.09344262295081968
0 0.5407110091743119 0.9655737704918033 0.8956422018348624 0.06885245901639345