0 0.0975 0.11333333333333333 0.09833333333333333 0.04
0 0.09833333333333333 0.14333333333333334 0.10333333333333333 0.03111111111111111
0 0.2775 0.07666666666666666 0.23666666666666666 0.04
0 0.27666666666666667 0.11777777777777777 0.20833333333333334 0.03111111111111111
0 0.82 0.013333333333333334 0.09666666666666666 0.02666666666666667
0 0.8208333333333333 0.04666666666666667 0.19 0.04666666666666667
0 0.2608333333333333 0.17333333333333334 0.4166666666666667 0.05555555555555555
0 0.6433333333333333 0.16 0.06 0.042222222222222223
0 0.72 0.15555555555555556 0.056666666666666664 0.044444444444444446
0 0.8591666666666666 0.14666666666666667 0.115 0.04666666666666667
0 0.5075 0.21222222222222223 0.8133333333333334 0.08888888888888889
0 0.51 0.26222222222222225 0.9016666666666666 0.10888888888888888
0 0.5033333333333333 0.31555555555555553 0.875 0.1
0 0.51 0.36 0.8683333333333333 0.10222222222222223
0 0.49333333333333335 0.39666666666666667 0.8483333333333334 0.09777777777777778
0 0.5366666666666666 0.4388888888888889 0.8633333333333333 0.07333333333333333
0 0.5016666666666667 0.4822222222222222 0.8866666666666667 0.09333333333333334
0 0.5133333333333333 0.5422222222222223 0.8716666666666667 0.10888888888888888
0 0.5166666666666667 0.5866666666666667 0.87 0.10444444444444445
0 0.5141666666666667 0.6288888888888889 0.875 0.10666666666666667
0 0.35333333333333333 0.6822222222222222 0.5466666666666666 0.09777777777777778
0 0.4225 0.76 0.7033333333333334 0.10222222222222223
0 0.385 0.8122222222222222 0.63 0.08444444444444445
0 0.5058333333333334 0.8788888888888889 0.79 0.08444444444444445