0 0.2984934086629002 0.06316590563165905 0.20527306967984935 0.0167427701674277
0 0.7928436911487758 0.0624048706240487 0.09792843691148775 0.0213089802130898
0 0.519774011299435 0.10882800608828005 0.6440677966101694 0.0167427701674277
0 0.5216572504708098 0.121765601217656 0.64030131826742 0.0182648401826484
0 0.5188323917137476 0.13774733637747336 0.6421845574387948 0.0167427701674277
0 0.5188323917137476 0.15220700152207 0.6421845574387948 0.0182648401826484
0 0.4293785310734463 0.16818873668188736 0.4632768361581921 0.0167427701674277
0 0.5065913370998116 0.2191780821917808 0.6252354048964218 0.0517503805175038
0 0.4887005649717514 0.271689497716895 0.5894538606403014 0.0593607305936073
0 0.5009416195856874 0.3234398782343988 0.6139359698681732 0.0532724505327245
0 0.5141242937853108 0.3736681887366819 0.6440677966101694 0.0563165905631659
0 0.5207156308851224 0.4284627092846271 0.672316384180791 0.0593607305936073
0 0.4981167608286252 0.4809741248097412 0.623352165725047 0.060882800608828
0 0.5433145009416196 0.5312024353120244 0.7024482109227872 0.060882800608828
0 0.5527306967984934 0.58675799086758 0.751412429378531 0.0593607305936073
0 0.5348399246704332 0.6377473363774734 0.6930320150659134 0.0578386605783866
0 0.4905838041431262 0.6879756468797564 0.5856873822975518 0.0639269406392694
0 0.2777777777777778 0.7465753424657534 0.1487758945386064 0.0502283105022831
0 0.2278719397363465 0.8188736681887366 0.060263653483992465 0.015220700152207