0 0.12692307692307692 0.13544018058690746 0.1123076923076923 0.011286681715575621
0 0.12538461538461537 0.14503386004514673 0.06307692307692307 0.014672686230248307
0 0.48615384615384616 0.07505643340857787 0.3323076923076923 0.046275395033860044
0 0.5007692307692307 0.14108352144469527 0.2784615384615385 0.029345372460496615
0 0.49230769230769234 0.17832957110609482 0.3476923076923077 0.03611738148984198
0 0.5115384615384615 0.21388261851015802 0.4846153846153846 0.039503386004514675
0 0.5038461538461538 0.24774266365688488 0.3707692307692308 0.039503386004514675
0 0.4930769230769231 0.2827313769751693 0.43846153846153846 0.0417607223476298
0 0.4753846153846154 0.3431151241534989 0.31384615384615383 0.029345372460496615
0 0.4869230769230769 0.38261851015801357 0.43538461538461537 0.03837471783295711
0 0.49230769230769234 0.4164785553047404 0.3507692307692308 0.03837471783295711
0 0.5153846153846153 0.4503386004514673 0.48615384615384616 0.04288939051918736
0 0.6623076923076923 0.4796839729119639 0.13692307692307693 0.03160270880361174
0 0.3861538461538462 0.5457110609480813 0.046153846153846156 0.028216704288939052
0 0.3384615384615385 0.5812641083521445 0.046153846153846156 0.024830699774266364