0 0.4720558882235529 0.06481481481481481 0.9441117764471058 0.12745098039215685
0 0.4436127744510978 0.13562091503267973 0.8872255489021956 0.09477124183006536
0 0.4306387225548902 0.21895424836601307 0.8612774451097804 0.12200435729847495
0 0.4431137724550898 0.289760348583878 0.8862275449101796 0.11764705882352941
0 0.4815369261477046 0.36546840958605664 0.9630738522954092 0.12745098039215685
0 0.48303393213572854 0.43028322440087147 0.9660678642714571 0.12200435729847495
0 0.4431137724550898 0.5130718954248366 0.8862275449101796 0.12418300653594772
0 0.468562874251497 0.5816993464052288 0.937125748502994 0.12418300653594772
0 0.42714570858283435 0.6552287581699346 0.8542914171656687 0.12527233115468409
0 0.47704590818363274 0.721677559912854 0.9540918163672655 0.11437908496732026
0 0.4166666666666667 0.7908496732026143 0.8333333333333334 0.10021786492374728
0 0.18562874251497005 0.8480392156862745 0.3712574850299401 0.09041394335511982