0 0.2833530106257379 0.031633663366336634 0.14167650531286896 0.03575495049504951
0 0.45978748524203067 0.06669554455445545 0.4814403778040141 0.03987623762376238
0 0.3266469893742621 0.09282178217821782 0.16791027154663518 0.02887376237623762
0 0.23219598583234946 0.126509900990099 0.23088547815820543 0.03850247524752475
0 0.2492443919716647 0.15745049504950495 0.25711924439197165 0.034381188118811884
0 0.38239669421487604 0.19045792079207918 0.5260448642266824 0.03987623762376238
0 0.2243211334120425 0.22002475247524753 0.17316410861865406 0.0275
0 0.21251475796930341 0.25233910891089106 0.13905548996458086 0.02337871287128713
0 0.23546635182998818 0.2894678217821782 0.16922077922077924 0.03987623762376238
0 0.2879456906729634 0.3217821782178218 0.25055489964580874 0.041249999999999995
0 0.47028335301062574 0.38091584158415837 0.43683589138134593 0.041249999999999995
0 0.14560802833530107 0.41185643564356433 0.11544273907910271 0.03712871287128713
0 0.14495867768595042 0.4476113861386139 0.12462809917355372 0.03987623762376238
0 0.3266469893742621 0.4476113861386139 0.08657615112160566 0.03987623762376238
0 0.5653955135773318 0.4668564356435644 0.17053128689492325 0.04538366336633663
0 0.4145336481700118 0.4627351485148515 0.0682172373081464 0.02887376237623762
0 0.31417945690672966 0.4785519801980198 0.053789846517119246 0.03850247524752475
0 0.3246753246753247 0.5094925742574258 0.09051948051948053 0.02887376237623762
0 0.5378512396694215 0.5005445544554455 0.13905548996458086 0.03300742574257426
0 0.36402597402597403 0.5445544554455446 0.1928335301062574 0.03575495049504951
0 0.514887839433294 0.5473019801980198 0.053789846517119246 0.03575495049504951
0 0.5273553719008265 0.5796163366336633 0.06034238488783943 0.03712871287128713
0 0.611310507674144 0.6139975247524753 0.05510035419126329 0.020631188118811882
0 0.4053482880755608 0.6401237623762377 0.26236127508854784 0.034381188118811884
0 0.4092916174734357 0.6731311881188119 0.2492443919716647 0.03712871287128713
0 0.4060094451003542 0.7047524752475248 0.25055489964580874 0.03712871287128713
0 0.48668240850059036 0.7398267326732673 0.3935419126328217 0.041249999999999995
0 0.1357733175914994 0.6683168316831684 0.1219952774498229 0.0275
0 0.13774498229043683 0.7666336633663366 0.12855962219598582 0.034381188118811884
0 0.13708382526564344 0.796200495049505 0.1219952774498229 0.0275
0 0.1495513577331759 0.8292079207920792 0.13905548996458086 0.041249999999999995
0 0.1318417945690673 0.8615222772277228 0.07476977567886658 0.03712871287128713
0 0.1633175914994097 0.9206559405940594 0.1403659976387249 0.04538366336633663
0 0.6172136953955135 0.8072029702970297 0.3450059031877214 0.03300742574257426
0 0.5221015348288076 0.8312747524752475 0.456517119244392 0.03987623762376238
0 0.4899645808736718 0.867710396039604 0.5155489964580874 0.04950495049504951
0 0.2892561983471074 0.8959034653465346 0.10101534828807557 0.03987623762376238
0 0.6847697756788665 0.9323391089108911 0.07345926800472255 0.01649752475247525