0 0.4699074074074074 0.05088495575221239 0.7731481481481481 0.10176991150442478
0 0.5393518518518519 0.1261061946902655 0.9074074074074074 0.10176991150442478
0 0.44675925925925924 0.19247787610619468 0.7129629629629629 0.09734513274336283
0 0.5300925925925926 0.2610619469026549 0.8888888888888888 0.10176991150442478
0 0.5115740740740741 0.3274336283185841 0.875 0.10619469026548672
0 0.41898148148148145 0.3915929203539823 0.6666666666666666 0.09292035398230089
0 0.4722222222222222 0.46238938053097345 0.8009259259259259 0.10619469026548672
0 0.4976851851851852 0.5265486725663717 0.8611111111111112 0.09734513274336283
0 0.4050925925925926 0.5907079646017699 0.6620370370370371 0.10619469026548672
0 0.4699074074074074 0.6637168141592921 0.7962962962962963 0.10176991150442478
0 0.4699074074074074 0.7323008849557522 0.8148148148148148 0.11061946902654868
0 0.5208333333333334 0.7986725663716814 0.9351851851851852 0.10619469026548672
0 0.5138888888888888 0.8672566371681416 0.9166666666666666 0.10619469026548672
0 0.4513888888888889 0.9292035398230089 0.7870370370370371 0.10176991150442478
0 0.35185185185185186 0.9823008849557522 0.7037037037037037 0.035398230088495575