0 0.5116487455197133 0.07993197278911565 0.7867383512544803 0.11904761904761904
0 0.47491039426523296 0.23809523809523808 0.7060931899641577 0.11564625850340136
0 0.510752688172043 0.30952380952380953 0.7580645161290323 0.08503401360544217
0 0.5170250896057348 0.39625850340136054 0.7885304659498208 0.11564625850340136
0 0.4731182795698925 0.47278911564625853 0.6792114695340502 0.09863945578231292
0 0.47580645161290325 0.5391156462585034 0.7025089605734767 0.08503401360544217
0 0.5206093189964157 0.6292517006802721 0.7939068100358423 0.10884353741496598
0 0.492831541218638 0.7023809523809523 0.7508960573476703 0.12244897959183673
0 0.489247311827957 0.782312925170068 0.7365591397849462 0.10884353741496598
0 0.5116487455197133 0.8605442176870748 0.7956989247311828 0.11224489795918367
0 0.22849462365591397 0.9251700680272109 0.22939068100358423 0.08843537414965986