0 0.6304347826086957 0.0196078431372549 0.02608695652173913 0.013071895424836602
0 0.6326086956521739 0.032679738562091505 0.0391304347826087 0.016339869281045753
0 0.8043478260869565 0.0392156862745098 0.021739130434782608 0.00980392156862745
0 0.48695652173913045 0.07679738562091504 0.6565217391304348 0.08169934640522876
0 0.5956521739130435 0.11437908496732026 0.20434782608695654 0.032679738562091505
0 0.4391304347826087 0.12908496732026145 0.5521739130434783 0.05555555555555555
0 0.46956521739130436 0.15849673202614378 0.6304347826086957 0.06209150326797386
0 0.5065217391304347 0.1895424836601307 0.7043478260869566 0.05555555555555555
0 0.4673913043478261 0.20751633986928106 0.6260869565217392 0.05555555555555555
0 0.5369565217391304 0.24019607843137256 0.7565217391304347 0.06209150326797386
0 0.5130434782608696 0.2630718954248366 0.7652173913043478 0.06535947712418301
0 0.5043478260869565 0.2908496732026144 0.8478260869565217 0.06209150326797386
0 0.4934782608695652 0.3202614379084967 0.8260869565217391 0.05555555555555555
0 0.4717391304347826 0.3480392156862745 0.7956521739130434 0.06209150326797386
0 0.508695652173913 0.37745098039215685 0.8521739130434782 0.0718954248366013
0 0.48478260869565215 0.4035947712418301 0.8434782608695652 0.06209150326797386
0 0.47391304347826085 0.4297385620915033 0.8608695652173913 0.06209150326797386
0 0.4673913043478261 0.45751633986928103 0.8260869565217391 0.06209150326797386
0 0.4717391304347826 0.48856209150326796 0.8391304347826087 0.06862745098039216
0 0.4891304347826087 0.5196078431372549 0.8956521739130435 0.0718954248366013
0 0.4717391304347826 0.5473856209150327 0.8782608695652174 0.06862745098039216
0 0.47608695652173916 0.576797385620915 0.8695652173913043 0.07516339869281045
0 0.16521739130434782 0.5964052287581699 0.26956521739130435 0.042483660130718956
0 0.508695652173913 0.6062091503267973 0.2391304347826087 0.0457516339869281
0 0.508695652173913 0.6405228758169934 0.8217391304347826 0.06862745098039216
0 0.44565217391304346 0.6748366013071896 0.8478260869565217 0.06535947712418301
0 0.47391304347826085 0.704248366013072 0.9043478260869565 0.0784313725490196
0 0.4826086956521739 0.738562091503268 0.9260869565217391 0.0784313725490196
0 0.44782608695652176 0.7696078431372549 0.8739130434782608 0.06862745098039216
0 0.4934782608695652 0.8088235294117647 0.9347826086956522 0.0718954248366013
0 0.48043478260869565 0.8415032679738562 0.9608695652173913 0.07516339869281045
0 0.532608695652174 0.8774509803921569 0.8913043478260869 0.0718954248366013
0 0.4782608695652174 0.9117647058823529 0.7913043478260869 0.06862745098039216
0 0.7782608695652173 0.9558823529411765 0.20434782608695654 0.03594771241830065