0 0.5183333333333333 0.044626593806921674 0.6144444444444445 0.08925318761384335
0 0.2761111111111111 0.10473588342440801 0.4177777777777778 0.0546448087431694
0 0.5272222222222223 0.1598360655737705 0.9033333333333333 0.07012750455373407
0 0.5111111111111111 0.20036429872495445 0.9777777777777777 0.06375227686703097
0 0.5105555555555555 0.24089253187613843 0.9788888888888889 0.06830601092896176
0 0.5077777777777778 0.28233151183970856 0.9844444444444445 0.060109289617486336
0 0.4855555555555556 0.32650273224043713 0.9311111111111111 0.06830601092896176
0 0.51 0.3633879781420765 0.98 0.06557377049180328
0 0.5088888888888888 0.40710382513661203 0.9822222222222222 0.06375227686703097
0 0.51 0.44899817850637525 0.98 0.061930783242258654
0 0.5105555555555555 0.4899817850637523 0.9788888888888889 0.061930783242258654
0 0.5133333333333333 0.5295992714025501 0.9733333333333334 0.061930783242258654
0 0.40166666666666667 0.5687613843351548 0.7622222222222222 0.0610200364298725
0 0.5283333333333333 0.6124772313296903 0.94 0.06830601092896176
0 0.48777777777777775 0.6552823315118397 0.9344444444444444 0.06648451730418943
0 0.5077777777777778 0.697632058287796 0.9766666666666667 0.07012750455373407
0 0.505 0.7395264116575592 0.9811111111111112 0.06830601092896176
0 0.505 0.7786885245901639 0.9788888888888889 0.06830601092896176
0 0.5061111111111111 0.8214936247723132 0.9755555555555555 0.06648451730418943
0 0.5077777777777778 0.8633879781420765 0.97 0.05919854280510018
0 0.1622222222222222 0.8970856102003643 0.2822222222222222 0.058287795992714025
0 0.5283333333333333 0.9435336976320583 0.9255555555555556 0.06375227686703097
0 0.5005555555555555 0.9731329690346083 0.9788888888888889 0.05373406193078324