0 0.5190615835777126 0.041666666666666664 0.7947214076246334 0.08333333333333333
0 0.18621700879765396 0.08392018779342723 0.1627565982404692 0.046948356807511735
0 0.5542521994134897 0.12793427230046947 0.8181818181818182 0.08568075117370892
0 0.532991202346041 0.176056338028169 0.8709677419354839 0.08450704225352113
0 0.3387096774193548 0.22652582159624413 0.4912023460410557 0.07629107981220658
0 0.532258064516129 0.2775821596244131 0.8196480938416423 0.09507042253521127
0 0.531524926686217 0.32922535211267606 0.907624633431085 0.08098591549295775
0 0.5065982404692082 0.38028169014084506 0.8651026392961877 0.08568075117370892
0 0.5300586510263929 0.4336854460093897 0.9208211143695014 0.08685446009389672
0 0.3159824046920821 0.4788732394366197 0.5043988269794721 0.07511737089201878
0 0.5271260997067448 0.5369718309859155 0.8475073313782991 0.08685446009389672
0 0.499266862170088 0.5903755868544601 0.8944281524926686 0.0880281690140845
0 0.49486803519061584 0.647887323943662 0.9017595307917888 0.09389671361502347
0 0.5146627565982405 0.7024647887323944 0.9457478005865103 0.09272300469483569
0 0.30718475073313783 0.7488262910798122 0.5425219941348973 0.07629107981220658
0 0.5278592375366569 0.812793427230047 0.8988269794721407 0.09389671361502347
0 0.49853372434017595 0.8714788732394366 0.9560117302052786 0.1056338028169014
0 0.49780058651026393 0.9313380281690141 0.9560117302052786 0.11267605633802817