0 0.805699481865285 0.03512396694214876 0.37823834196891193 0.06611570247933884
0 0.45077720207253885 0.19834710743801653 0.9015544041450777 0.12396694214876033
0 0.06217616580310881 0.30578512396694213 0.12435233160621761 0.04132231404958678
0 0.5647668393782384 0.31611570247933884 0.09585492227979274 0.028925619834710745
0 0.2538860103626943 0.3409090909090909 0.5077720207253886 0.045454545454545456
0 0.042746113989637305 0.3822314049586777 0.08549222797927461 0.0371900826446281
0 0.7577720207253886 0.34710743801652894 0.48186528497409326 0.049586776859504134
0 0.03238341968911917 0.4462809917355372 0.06476683937823834 0.03305785123966942
0 0.2551813471502591 0.4793388429752066 0.5103626943005182 0.049586776859504134
0 0.23316062176165803 0.512396694214876 0.46632124352331605 0.045454545454545456
0 0.07124352331606218 0.5537190082644629 0.14248704663212436 0.0371900826446281
0 0.04145077720207254 0.6012396694214877 0.08031088082901554 0.04132231404958678
0 0.25647668393782386 0.6322314049586777 0.5103626943005182 0.049586776859504134
0 0.25647668393782386 0.6673553719008265 0.5103626943005182 0.045454545454545456
0 0.25906735751295334 0.6983471074380165 0.5129533678756477 0.049586776859504134
0 0.25906735751295334 0.7334710743801653 0.5129533678756477 0.045454545454545456
0 0.16709844559585493 0.7727272727272727 0.3290155440414508 0.045454545454545456
0 0.018134715025906734 0.8822314049586777 0.02849740932642487 0.03305785123966942
0 0.20854922279792745 0.9132231404958677 0.40932642487046633 0.045454545454545456
0 0.6619170984455959 0.7789256198347108 0.27461139896373055 0.04132231404958678
0 0.6968911917098446 0.8140495867768595 0.344559585492228 0.0371900826446281
0 0.7551813471502591 0.8471074380165289 0.4637305699481865 0.045454545454545456
0 0.7046632124352331 0.8822314049586777 0.3601036269430052 0.04132231404958678
0 0.7616580310880829 0.9090909090909091 0.47668393782383417 0.049586776859504134