0 0.7388535031847133 0.012755102040816327 0.10191082802547771 0.025510204081632654
0 0.5859872611464968 0.05357142857142857 0.0732484076433121 0.05612244897959184
0 0.7722929936305732 0.04336734693877551 0.2770700636942675 0.061224489795918366
0 0.7308917197452229 0.08673469387755102 0.18471337579617833 0.05612244897959184
0 0.7563694267515924 0.125 0.3535031847133758 0.07142857142857142
0 0.7961783439490446 0.15816326530612246 0.2484076433121019 0.07142857142857142
0 0.7738853503184714 0.20153061224489796 0.3885350318471338 0.07653061224489796
0 0.7468152866242038 0.24744897959183673 0.4267515923566879 0.08163265306122448
0 0.7563694267515924 0.28316326530612246 0.44904458598726116 0.09183673469387756
0 0.7515923566878981 0.32653061224489793 0.4426751592356688 0.07653061224489796
0 0.7595541401273885 0.37244897959183676 0.4585987261146497 0.08163265306122448
0 0.7213375796178344 0.4107142857142857 0.3853503184713376 0.07142857142857142
0 0.7834394904458599 0.4489795918367347 0.40764331210191085 0.09183673469387756
0 0.7579617834394905 0.49489795918367346 0.46178343949044587 0.08163265306122448
0 0.7611464968152867 0.5331632653061225 0.47770700636942676 0.0663265306122449
0 0.7770700636942676 0.6122448979591837 0.4267515923566879 0.07142857142857142
0 0.7595541401273885 0.6479591836734694 0.48089171974522293 0.07142857142857142
0 0.7595541401273885 0.6989795918367347 0.48089171974522293 0.08163265306122448
0 0.7611464968152867 0.7551020408163265 0.47770700636942676 0.09183673469387756
0 0.7229299363057324 0.8010204081632653 0.40445859872611467 0.10714285714285714
0 0.8328025477707006 0.9005102040816326 0.19745222929936307 0.07653061224489796
0 0.8407643312101911 0.9591836734693877 0.15605095541401273 0.0663265306122449