0 0.4920774647887324 0.140625 0.7235915492957746 0.051630434782608696
0 0.1742957746478873 0.17459239130434784 0.08450704225352113 0.035326086956521736
0 0.6144366197183099 0.17323369565217392 0.03873239436619718 0.03260869565217391
0 0.22975352112676056 0.22418478260869565 0.09154929577464789 0.033967391304347824
0 0.25 0.25203804347826086 0.13380281690140844 0.03125
0 0.2306338028169014 0.3029891304347826 0.09330985915492958 0.03260869565217391
0 0.24295774647887325 0.33695652173913043 0.11619718309859155 0.021739130434782608
0 0.24031690140845072 0.37703804347826086 0.11267605633802817 0.021739130434782608
0 0.22359154929577466 0.49184782608695654 0.18661971830985916 0.035326086956521736
0 0.18397887323943662 0.5339673913043478 0.10387323943661972 0.021739130434782608
0 0.19190140845070422 0.5822010869565217 0.12323943661971831 0.035326086956521736
0 0.19014084507042253 0.623641304347826 0.11267605633802817 0.03260869565217391
0 0.1742957746478873 0.6521739130434783 0.08626760563380281 0.025815217391304348
0 0.1698943661971831 0.6963315217391305 0.08098591549295775 0.021739130434782608
0 0.49295774647887325 0.9707880434782609 0.03873239436619718 0.021739130434782608
0 0.6602112676056338 0.21942934782608695 0.1267605633802817 0.04619565217391304
0 0.9313380281690141 0.06997282608695653 0.11619718309859155 0.04891304347826087
0 0.6390845070422535 0.25747282608695654 0.0880281690140845 0.020380434782608696
0 0.6698943661971831 0.29959239130434784 0.1426056338028169 0.04483695652173913
0 0.6496478873239436 0.3328804347826087 0.1073943661971831 0.028532608695652172
0 0.6795774647887324 0.37907608695652173 0.16901408450704225 0.04619565217391304
0 0.6716549295774648 0.49796195652173914 0.15845070422535212 0.04483695652173913
0 0.6487676056338029 0.5319293478260869 0.1073943661971831 0.03260869565217391
0 0.6390845070422535 0.5720108695652174 0.08274647887323944 0.028532608695652172
0 0.6619718309859155 0.6175271739130435 0.13028169014084506 0.043478260869565216
0 0.6584507042253521 0.6514945652173914 0.12323943661971831 0.03260869565217391
0 0.6505281690140845 0.7004076086956522 0.11091549295774648 0.03940217391304348