0 0.5141509433962265 0.22169811320754718 0.8773584905660378 0.10849056603773585
0 0.5235849056603774 0.2759433962264151 0.9292452830188679 0.10849056603773585
0 0.4339622641509434 0.3419811320754717 0.7641509433962265 0.11320754716981132
0 0.4363207547169811 0.3938679245283019 0.7641509433962265 0.10377358490566038
0 0.5117924528301887 0.455188679245283 0.9150943396226415 0.1320754716981132
0 0.5165094339622641 0.5047169811320755 0.8962264150943396 0.10377358490566038
0 0.49528301886792453 0.5683962264150944 0.8726415094339622 0.10849056603773585
0 0.5259433962264151 0.6297169811320755 0.9481132075471698 0.12735849056603774
0 0.36556603773584906 0.6981132075471698 0.5990566037735849 0.10849056603773585
0 0.5117924528301887 0.8136792452830188 0.44339622641509435 0.10377358490566038
0 0.5235849056603774 0.9481132075471698 0.6415094339622641 0.10377358490566038