0 0.4967760844079719 0.06634446397188049 0.4976553341148886 0.0843585237258348
0 0.26465416178194606 0.22803163444639718 0.2954279015240328 0.08172231985940245
0 0.7054513481828839 0.2521968365553603 0.24208675263774912 0.10984182776801406
0 0.25908558030480655 0.3383128295254833 0.19753810082063306 0.08875219683655536
0 0.7031066822977726 0.36775043936731105 0.1817116060961313 0.10281195079086115
0 0.2637749120750293 0.46441124780316345 0.3288393903868699 0.08963093145869948
0 0.7025205158264948 0.4868189806678383 0.29835873388042206 0.08172231985940245
0 0.2661195779601407 0.585676625659051 0.31242672919109027 0.07820738137082602
0 0.7072098475967175 0.6054481546572935 0.2321219226260258 0.08963093145869948
0 0.25791324736225085 0.7157293497363796 0.28839390386869873 0.10105448154657294
0 0.7045720984759671 0.7473637961335676 0.27784290738569756 0.11687170474516696
0 0.2473622508792497 0.8589630931458699 0.25498241500586166 0.14762741652021089
0 0.6998827667057445 0.8708260105448155 0.2966002344665885 0.10720562390158173