0 0.46226415094339623 0.05460750853242321 0.9198113207547169 0.08361774744027303
0 0.28773584905660377 0.10409556313993173 0.37028301886792453 0.05802047781569966
0 0.4233490566037736 0.17064846416382254 0.5141509433962265 0.07167235494880546
0 0.27358490566037735 0.26791808873720135 0.5094339622641509 0.07337883959044368
0 0.357311320754717 0.33532423208191126 0.33490566037735847 0.059726962457337884
0 0.19929245283018868 0.42918088737201365 0.33254716981132076 0.06996587030716724
0 0.5412735849056604 0.4872013651877133 0.6014150943396226 0.08361774744027303
0 0.527122641509434 0.5477815699658704 0.4882075471698113 0.07508532423208192
0 0.05778301886792453 0.5802047781569966 0.04245283018867924 0.032423208191126277
0 0.5141509433962265 0.6143344709897611 0.9268867924528302 0.09215017064846416
0 0.5283018867924528 0.6945392491467577 0.5165094339622641 0.09385665529010238
0 0.2240566037735849 0.7986348122866894 0.32075471698113206 0.07849829351535836
0 0.5625 0.8327645051194539 0.6226415094339622 0.10580204778156997
0 0.5554245283018868 0.9163822525597269 0.6273584905660378 0.07337883959044368
0 0.9540094339622641 0.8395904436860068 0.08726415094339622 0.06143344709897611