0 0.041523972602739725 0.09313725490196079 0.08304794520547945 0.058823529411764705
0 0.06934931506849315 0.14133986928104575 0.1386986301369863 0.06699346405228758
0 0.08176369863013698 0.2099673202614379 0.16352739726027396 0.08660130718954248
0 0.238013698630137 0.37254901960784315 0.07191780821917808 0.06372549019607843
0 0.7966609589041096 0.05065359477124183 0.2936643835616438 0.10130718954248366
0 0.6215753424657534 0.15359477124183007 0.2731164383561644 0.09477124183006536
0 0.6772260273972602 0.2312091503267974 0.2577054794520548 0.08006535947712418
0 0.6866438356164384 0.3431372549019608 0.2628424657534247 0.08006535947712418
0 0.6579623287671232 0.45016339869281047 0.5804794520547946 0.24836601307189543
0 0.2144691780821918 0.5343137254901961 0.07705479452054795 0.20098039215686275
0 0.6819349315068494 0.5449346405228758 0.538527397260274 0.19934640522875818
0 0.6147260273972602 0.8047385620915033 0.10873287671232877 0.08660130718954248