0 0.05384615384615385 0.07971014492753623 0.05274725274725275 0.03170289855072464
0 0.5626373626373626 0.07019927536231885 0.8747252747252747 0.11322463768115942
0 0.6379120879120879 0.12545289855072464 0.7241758241758242 0.10054347826086957
0 0.49175824175824173 0.2128623188405797 0.4758241758241758 0.08605072463768115
0 0.5576923076923077 0.2667572463768116 0.8846153846153846 0.10235507246376811
0 0.5412087912087912 0.3211050724637681 0.9175824175824175 0.10054347826086957
0 0.5423076923076923 0.3691123188405797 0.9153846153846154 0.09148550724637682
0 0.5362637362637362 0.416213768115942 0.9 0.09963768115942029
0 0.5417582417582417 0.4628623188405797 0.9164835164835164 0.10326086956521739
0 0.5401098901098901 0.5144927536231884 0.9021978021978022 0.09963768115942029
0 0.5461538461538461 0.5548007246376812 0.9065934065934066 0.10597826086956522
0 0.5115384615384615 0.6086956521739131 0.856043956043956 0.08605072463768115
0 0.5368131868131868 0.65625 0.9153846153846154 0.10054347826086957
0 0.5373626373626373 0.7056159420289855 0.9098901098901099 0.09420289855072464
0 0.5269230769230769 0.7576992753623188 0.9263736263736264 0.08695652173913043
0 0.5197802197802198 0.8020833333333334 0.8736263736263736 0.08423913043478261
0 0.5214285714285715 0.8491847826086957 0.8846153846153846 0.08423913043478261
0 0.49615384615384617 0.9012681159420289 0.8945054945054945 0.09057971014492754
0 0.521978021978022 0.9497282608695652 0.9164835164835164 0.09239130434782608
0 0.5148351648351648 0.9737318840579711 0.9307692307692308 0.05253623188405797