0 0.4928571428571429 0.04708904109589041 0.7714285714285715 0.0684931506849315
0 0.17142857142857143 0.10203196347031963 0.15714285714285714 0.04138127853881279
0 0.5312571428571429 0.13485159817351597 0.7946428571428571 0.061358447488584475
0 0.5125 0.1819406392694064 0.8464285714285714 0.05850456621004566
0 0.32589999999999997 0.23616438356164382 0.4767857142857143 0.061358447488584475
0 0.5160714285714286 0.2803995433789954 0.7964285714285714 0.06992009132420092
0 0.5178571428571429 0.3310502283105023 0.8821428571428571 0.05422374429223744
0 0.4955428571428571 0.3809931506849315 0.8410714285714286 0.059931506849315065
0 0.5205428571428571 0.4323630136986301 0.8946428571428572 0.059931506849315065
0 0.3142857142857143 0.4823059360730594 0.48928571428571427 0.059931506849315065
0 0.5223285714285715 0.5329680365296804 0.8232142857142857 0.061358447488584475
0 0.4973285714285714 0.5857648401826484 0.8696428571428572 0.061358447488584475
0 0.4955428571428571 0.6414155251141552 0.8767857142857143 0.0670662100456621
0 0.5169714285714285 0.6942123287671232 0.9196428571428571 0.0642123287671233
0 0.31697142857142857 0.7448630136986302 0.5267857142857143 0.059931506849315065
0 0.5348285714285714 0.8012328767123288 0.8732142857142857 0.0670662100456621
0 0.5089285714285714 0.8590182648401826 0.9285714285714286 0.07705479452054795
0 0.5107142857142857 0.9168036529680366 0.9285714285714286 0.08418949771689498