0 0.5349462365591398 0.3165322580645161 0.40860215053763443 0.05241935483870968
0 0.46774193548387094 0.37701612903225806 0.6559139784946236 0.07661290322580645
0 0.4543010752688172 0.4314516129032258 0.6774193548387096 0.07661290322580645
0 0.45161290322580644 0.47580645161290325 0.6559139784946236 0.08870967741935484
0 0.4650537634408602 0.5141129032258065 0.6774193548387096 0.0967741935483871
0 0.47043010752688175 0.5564516129032258 0.6827956989247311 0.08870967741935484
0 0.4381720430107527 0.6068548387096774 0.6290322580645161 0.08870967741935484
0 0.47043010752688175 0.657258064516129 0.6666666666666666 0.08870967741935484
0 0.48655913978494625 0.6975806451612904 0.6935483870967742 0.08064516129032258
0 0.49193548387096775 0.7520161290322581 0.6881720430107527 0.10080645161290322
0 0.510752688172043 0.8004032258064516 0.7043010752688172 0.10080645161290322
0 0.48118279569892475 0.844758064516129 0.6505376344086021 0.08870967741935484
0 0.48655913978494625 0.8729838709677419 0.5053763440860215 0.04435483870967742