0 0.8057692307692308 0.05352363960749331 0.37563846153846153 0.07731489741302408
0 0.49294615384615387 0.11968777876895628 0.9294846153846154 0.06393398751115076
0 0.4993615384615384 0.197743086529884 0.9346153846153846 0.07731489741302408
0 0.49166923076923075 0.2705887600356824 0.9038461538461539 0.08623550401427298
0 0.5064076923076923 0.3367528991971454 0.9179461538461537 0.08177520071364854
0 0.47307692307692306 0.4170383586083854 0.887176923076923 0.08177520071364854
0 0.4871769230769231 0.4921231043710972 0.9230769230769231 0.09217662801070473
0 0.5019230769230769 0.5560481712756468 0.9525615384615385 0.08623550401427298
0 0.5128230769230769 0.6341034790365745 0.9410230769230769 0.09663693131132917
0 0.5102538461538462 0.7039875111507582 0.9205153846153846 0.08771632471008028
0 0.4967923076923077 0.7738626226583407 0.9089769230769231 0.08771632471008028
0 0.33717692307692304 0.8578679750223015 0.6 0.09217662801070473
0 0.07884615384615384 0.9604549509366638 0.08333076923076924 0.05055307760927743
0 0.912823076923077 0.9507850133809098 0.09743846153846154 0.02230151650312221
0 0.9102538461538461 0.9701159678858162 0.11025384615384616 0.02230151650312221