0 0.1171875 0.0188953488372093 0.13494318181818182 0.0377906976744186
0 0.6136363636363636 0.04505813953488372 0.6704545454545454 0.0625
0 0.45170454545454547 0.07703488372093023 0.328125 0.059593023255813955
0 0.3210227272727273 0.10247093023255814 0.07386363636363637 0.029069767441860465
0 0.46448863636363635 0.11337209302325581 0.03551136363636364 0.024709302325581394
0 0.5106534090909091 0.14680232558139536 0.03551136363636364 0.023255813953488372
0 0.4197443181818182 0.1824127906976744 0.018465909090909092 0.02180232558139535
0 0.4211647727272727 0.14534883720930233 0.02130681818181818 0.01744186046511628
0 0.5092329545454546 0.11627906976744186 0.04261363636363636 0.02180232558139535
0 0.46519886363636365 0.1438953488372093 0.028409090909090908 0.02180232558139535
0 0.7720170454545454 0.16061046511627908 0.3693181818181818 0.0625
0 0.12571022727272727 0.25363372093023256 0.1534090909090909 0.04941860465116279
0 0.4119318181818182 0.26453488372093026 0.18607954545454544 0.05232558139534884
0 0.7244318181818182 0.2761627906976744 0.3153409090909091 0.059593023255813955
0 0.4382102272727273 0.3081395348837209 0.04261363636363636 0.03343023255813953
0 0.7350852272727273 0.32194767441860467 0.2997159090909091 0.04796511627906977
0 0.6669034090909091 0.3539244186046512 0.48579545454545453 0.056686046511627904
0 0.1015625 0.3706395348837209 0.10653409090909091 0.050872093023255814
0 0.5994318181818182 0.38444767441860467 0.5596590909090909 0.06976744186046512
0 0.5284090909090909 0.4273255813953488 0.22017045454545456 0.055232558139534885
0 0.828125 0.4440406976744186 0.1875 0.04796511627906977
0 0.5291193181818182 0.47238372093023256 0.3536931818181818 0.0625
0 0.8416193181818182 0.4876453488372093 0.21022727272727273 0.05232558139534884
0 0.6619318181818182 0.5210755813953488 0.3806818181818182 0.0436046511627907
0 0.8316761363636364 0.5152616279069767 0.09801136363636363 0.023255813953488372
0 0.1377840909090909 0.7376453488372093 0.11789772727272728 0.04505813953488372
0 0.1356534090909091 0.7870639534883721 0.10227272727272728 0.04215116279069767
0 0.1328125 0.8343023255813954 0.11931818181818182 0.04941860465116279
0 0.6356534090909091 0.7383720930232558 0.6392045454545454 0.07122093023255814
0 0.5440340909090909 0.7856104651162791 0.45454545454545453 0.06395348837209303
0 0.8551136363636364 0.8052325581395349 0.1690340909090909 0.030523255813953487
0 0.7478693181818182 0.8190406976744186 0.4161931818181818 0.0436046511627907
0 0.6519886363636364 0.8444767441860465 0.6178977272727273 0.061046511627906974
0 0.5426136363636364 0.877906976744186 0.18181818181818182 0.05377906976744186
0 0.6399147727272727 0.9142441860465116 0.6008522727272727 0.056686046511627904
0 0.7599431818181818 0.9375 0.09659090909090909 0.027616279069767442
0 0.5014204545454546 0.9585755813953488 0.39204545454545453 0.05813953488372093
0 0.6505681818181818 0.9854651162790697 0.5596590909090909 0.029069767441860465