0 0.16037735849056603 0.10285714285714286 0.1320754716981132 0.11714285714285715
0 0.3795355587808418 0.10571428571428572 0.1378809869375907 0.11714285714285715
0 0.5478955007256894 0.10571428571428572 0.13497822931785197 0.12
0 0.7126269956458636 0.10357142857142858 0.13062409288824384 0.11857142857142858
0 0.8766328011611031 0.10428571428571429 0.13352685050798258 0.11714285714285715
0 0.1625544267053701 0.21428571428571427 0.12481857764876633 0.11428571428571428
0 0.16182873730043543 0.32071428571428573 0.12917271407837447 0.11571428571428571
0 0.16110304789550073 0.42928571428571427 0.12481857764876633 0.11285714285714285
0 0.16110304789550073 0.5392857142857143 0.12481857764876633 0.11571428571428571
0 0.15892597968069666 0.6464285714285715 0.12917271407837447 0.11571428571428571
0 0.16182873730043543 0.7528571428571429 0.12917271407837447 0.11714285714285715
0 0.1625544267053701 0.8635714285714285 0.12772133526850507 0.11571428571428571
0 0.16110304789550073 0.9542857142857143 0.12772133526850507 0.09142857142857143
0 0.3940493468795356 0.9685714285714285 0.17851959361393324 0.02857142857142857