0 0.07787810383747178 0.013819095477386936 0.15575620767494355 0.019262981574539362
0 0.8081264108352144 0.0020938023450586263 0.3363431151241535 0.0041876046901172526
0 0.5062076749435666 0.05862646566164154 0.6636568848758465 0.06113902847571189
0 0.37979683972911965 0.15033500837520938 0.4683972911963883 0.06197654941373534
0 0.5603837471783296 0.19639865996649916 0.7787810383747178 0.06532663316582915
0 0.3538374717832957 0.23743718592964824 0.3194130925507901 0.06113902847571189
0 0.20993227990970656 0.283500837520938 0.18961625282167044 0.04103852596314908
0 0.5423250564334086 0.3345896147403685 0.7618510158013544 0.06281407035175879
0 0.5468397291196389 0.3789782244556114 0.9018058690744921 0.06532663316582915
0 0.54627539503386 0.4267169179229481 0.9051918735891648 0.08040201005025126
0 0.5440180586907449 0.48199329983249584 0.8972911963882618 0.0678391959798995
0 0.5665914221218962 0.5355946398659966 0.8555304740406321 0.0812395309882747
0 0.5445823927765236 0.5942211055276382 0.9108352144469526 0.08458961474036851
0 0.5451467268623025 0.647822445561139 0.909706546275395 0.09128978224455611
0 0.5400677200902935 0.7047738693467337 0.891647855530474 0.09128978224455611
0 0.3707674943566591 0.7550251256281407 0.5575620767494357 0.07788944723618091
0 0.5756207674943566 0.8136515912897823 0.8487584650112867 0.09128978224455611
0 0.5344243792325056 0.8726968174204355 0.9311512415349887 0.09212730318257957
0 0.5372460496613995 0.9250418760469011 0.9255079006772009 0.09296482412060302
0 0.5355530474040632 0.9715242881072027 0.9288939051918735 0.05695142378559464