0 0.5576923076923077 0.016927083333333332 0.05226824457593689 0.033854166666666664
0 0.631163708086785 0.045572916666666664 0.045364891518737675 0.020833333333333332
0 0.23471400394477318 0.11002604166666667 0.10059171597633136 0.036458333333333336
0 0.368836291913215 0.07747395833333333 0.04142011834319527 0.022135416666666668
0 0.4985207100591716 0.07486979166666667 0.14299802761341224 0.0390625
0 0.3668639053254438 0.11002604166666667 0.020710059171597635 0.028645833333333332
0 0.5 0.111328125 0.13806706114398423 0.045572916666666664
0 0.3767258382642998 0.14388020833333334 0.038461538461538464 0.026041666666666668
0 0.4995069033530572 0.1484375 0.131163708086785 0.04296875
0 0.3796844181459566 0.18229166666666666 0.03550295857988166 0.037760416666666664
0 0.5571992110453649 0.18424479166666666 0.2514792899408284 0.049479166666666664
0 0.2357001972386588 0.216796875 0.10453648915187377 0.04296875
0 0.23816568047337278 0.24674479166666666 0.10059171597633136 0.03515625
0 0.2470414201183432 0.2838541666666667 0.11735700197238659 0.045572916666666664
0 0.23175542406311636 0.3170572916666667 0.0621301775147929 0.041666666666666664
0 0.2613412228796844 0.376953125 0.11932938856015779 0.052083333333333336
0 0.633629191321499 0.24739583333333334 0.28402366863905326 0.045572916666666664
0 0.4156804733727811 0.2779947916666667 0.09763313609467456 0.0390625
0 0.6178500986193294 0.28125 0.2455621301775148 0.036458333333333336
0 0.5330374753451677 0.3157552083333333 0.4280078895463511 0.05859375
0 0.36587771203155817 0.3509114583333333 0.07889546351084813 0.044270833333333336
0 0.6947731755424064 0.37890625 0.0611439842209073 0.020833333333333332
0 0.2357001972386588 0.6119791666666666 0.07790927021696252 0.032552083333333336
0 0.6351084812623274 0.62890625 0.1844181459566075 0.03515625
0 0.20759368836291914 0.6868489583333334 0.07297830374753451 0.04296875
0 0.3880670611439842 0.6901041666666666 0.16370808678500987 0.044270833333333336
0 0.5813609467455622 0.69140625 0.1203155818540434 0.052083333333333336
0 0.6291913214990138 0.7180989583333334 0.0670611439842209 0.029947916666666668
0 0.38461538461538464 0.759765625 0.14694280078895464 0.044270833333333336
0 0.636094674556213 0.7552083333333334 0.07396449704142012 0.04296875
0 0.5986193293885601 0.7864583333333334 0.011834319526627219 0.01953125
0 0.3890532544378698 0.828125 0.15483234714003946 0.045572916666666664
0 0.6124260355029586 0.8229166666666666 0.04437869822485207 0.033854166666666664
0 0.6306706114398422 0.857421875 0.0621301775147929 0.044270833333333336
0 0.21449704142011836 0.9244791666666666 0.10650887573964497 0.03515625
0 0.22140039447731755 0.9563802083333334 0.0621301775147929 0.03125
0 0.5118343195266272 0.9283854166666666 0.40138067061143984 0.052083333333333336
0 0.33530571992110453 0.962890625 0.04142011834319527 0.0390625
0 0.5759368836291914 0.9622395833333334 0.36587771203155817 0.052083333333333336
0 0.4260355029585799 0.9889322916666666 0.047337278106508875 0.022135416666666668