0 0.1422872340425532 0.018765133171912834 0.09308510638297872 0.018159806295399514
0 0.32779255319148937 0.017554479418886198 0.2074468085106383 0.03026634382566586
0 0.5658244680851063 0.007263922518159807 0.1768617021276596 0.014527845036319613
0 0.14760638297872342 0.04903147699757869 0.09574468085106383 0.0387409200968523
0 0.5146276595744681 0.03389830508474576 0.5904255319148937 0.06779661016949153
0 0.32513297872340424 0.07627118644067797 0.19946808510638298 0.04600484261501211
0 0.7220744680851063 0.056295399515738496 0.12632978723404256 0.039951573849878935
0 0.4089095744680851 0.10351089588377724 0.3670212765957447 0.05205811138014528
0 0.15093085106382978 0.14164648910411623 0.10106382978723404 0.035108958837772396
0 0.14361702127659576 0.17857142857142858 0.10106382978723404 0.04721549636803874
0 0.331781914893617 0.14043583535108958 0.19148936170212766 0.04721549636803874
0 0.3650265957446808 0.16343825665859565 0.2553191489361702 0.03631961259079903
0 0.8530585106382979 0.11440677966101695 0.0851063829787234 0.044794188861985475
0 0.31050531914893614 0.2046004842615012 0.14627659574468085 0.04600484261501211
0 0.3304521276595745 0.2947941888619855 0.3324468085106383 0.05447941888619855
0 0.617686170212766 0.2814769975786925 0.08244680851063829 0.031476997578692496
0 0.3464095744680851 0.3595641646489104 0.2154255319148936 0.05084745762711865
0 0.32646276595744683 0.3904358353510896 0.17154255319148937 0.04600484261501211
0 0.5977393617021277 0.34382566585956414 0.14760638297872342 0.03389830508474576
0 0.6003989361702128 0.37227602905569007 0.16090425531914893 0.0387409200968523
0 0.7945478723404256 0.2960048426150121 0.031914893617021274 0.025423728813559324
0 0.7912234042553191 0.33958837772397094 0.10638297872340426 0.031476997578692496
0 0.7992021276595744 0.36319612590799033 0.12101063829787234 0.03268765133171913
0 0.5751329787234043 0.40617433414043586 0.027925531914893616 0.01937046004842615
0 0.8410904255319149 0.3946731234866828 0.02526595744680851 0.01937046004842615
0 0.32513297872340424 0.4570217917675545 0.14627659574468085 0.04600484261501211
0 0.2978723404255319 0.4915254237288136 0.09308510638297872 0.04116222760290557
0 0.5930851063829787 0.4406779661016949 0.14760638297872342 0.035108958837772396
0 0.5824468085106383 0.47094430992736075 0.12101063829787234 0.02784503631961259
0 0.8025265957446809 0.4358353510895884 0.11436170212765957 0.0387409200968523
0 0.8045212765957447 0.4600484261501211 0.13696808510638298 0.03268765133171913