0 0.6927609427609428 0.008905852417302799 0.04377104377104377 0.008905852417302799
0 0.4503367003367003 0.04961832061068702 0.234006734006734 0.043256997455470736
0 0.49242424242424243 0.11513994910941476 0.7457912457912458 0.0737913486005089
0 0.3493265993265993 0.14885496183206107 0.39225589225589225 0.05725190839694656
0 0.3627946127946128 0.17684478371501272 0.4612794612794613 0.054707379134860054
0 0.3047138047138047 0.2099236641221374 0.35353535353535354 0.054707379134860054
0 0.2836700336700337 0.23791348600508905 0.27946127946127947 0.05343511450381679
0 0.49074074074074076 0.2697201017811705 0.6531986531986532 0.05089058524173028
0 0.6026936026936027 0.30788804071246817 0.6178451178451179 0.058524173027989825
0 0.5707070707070707 0.33651399491094147 0.5521885521885522 0.04961832061068702
0 0.5303030303030303 0.36895674300254455 0.47474747474747475 0.04580152671755725
0 0.45707070707070707 0.4020356234096692 0.32323232323232326 0.05089058524173028
0 0.2281144781144781 0.42048346055979646 0.18518518518518517 0.043256997455470736
0 0.2937710437710438 0.455470737913486 0.3484848484848485 0.054707379134860054
0 0.32575757575757575 0.4866412213740458 0.3838383838383838 0.054707379134860054
0 0.1893939393939394 0.5082697201017812 0.15993265993265993 0.03689567430025445
0 0.49074074074074076 0.5241730279898219 0.2777777777777778 0.05089058524173028
0 0.531986531986532 0.5534351145038168 0.19528619528619529 0.04071246819338423
0 0.22306397306397308 0.566793893129771 0.1717171717171717 0.04071246819338423
0 0.21043771043771045 0.601145038167939 0.22053872053872053 0.04580152671755725
0 0.3653198653198653 0.6418575063613231 0.4696969696969697 0.0648854961832061
0 0.45454545454545453 0.6793893129770993 0.6363636363636364 0.07760814249363868
0 0.4276094276094276 0.7111959287531806 0.3383838383838384 0.07124681933842239
0 0.18265993265993266 0.7175572519083969 0.1531986531986532 0.03435114503816794
0 0.4292929292929293 0.7716284987277354 0.5774410774410774 0.07760814249363868
0 0.32575757575757575 0.7958015267175572 0.367003367003367 0.06361323155216285
0 0.21296296296296297 0.811704834605598 0.17845117845117844 0.047073791348600506
0 0.4722222222222222 0.8695928753180662 0.6835016835016835 0.10305343511450382
0 0.2836700336700337 0.9147582697201018 0.3164983164983165 0.0648854961832061
0 0.265993265993266 0.878498727735369 0.2760942760942761 0.058524173027989825