0 0.6713649851632048 0.033268101761252444 0.6572700296735905 0.05870841487279843
0 0.4235905044510386 0.0821917808219178 0.744807121661721 0.06653620352250489
0 0.5252225519287834 0.13013698630136986 0.9124629080118695 0.0684931506849315
0 0.5118694362017804 0.1815068493150685 0.9762611275964391 0.06360078277886497
0 0.5066765578635015 0.2299412915851272 0.9866468842729971 0.06653620352250489
0 0.48293768545994065 0.2793542074363992 0.9465875370919882 0.060665362035225046
0 0.4992581602373887 0.3219178082191781 0.9747774480712166 0.046966731898238745
0 0.47700296735905046 0.3747553816046967 0.9198813056379822 0.06164383561643835
0 0.5029673590504451 0.425146771037182 0.9718100890207715 0.06164383561643835
0 0.2099406528189911 0.46868884540117417 0.39020771513353114 0.053816046966731895
0 0.516320474777448 0.5190802348336595 0.9243323442136498 0.06653620352250489
0 0.5066765578635015 0.5665362035225049 0.9866468842729971 0.05870841487279843
0 0.5118694362017804 0.6174168297455969 0.9762611275964391 0.05870841487279843
0 0.47032640949554894 0.6648727984344422 0.8931750741839762 0.06164383561643835
0 0.5103857566765578 0.713307240704501 0.9792284866468842 0.05870841487279843
0 0.4755192878338279 0.7602739726027398 0.9080118694362018 0.05675146771037182
0 0.5103857566765578 0.8096868884540117 0.9792284866468842 0.06555772994129158
0 0.4792284866468843 0.8576320939334638 0.93026706231454 0.06164383561643835
0 0.29747774480712164 0.8972602739726028 0.5519287833827893 0.0410958904109589
0 0.5140949554896143 0.9447162426614482 0.9391691394658753 0.05675146771037182
0 0.8464391691394659 0.9936399217221135 0.14094955489614244 0.012720156555772993