0 0.4777227722772277 0.027777777777777776 0.6386138613861386 0.05555555555555555
0 0.4521452145214521 0.08002645502645503 0.3795379537953795 0.0701058201058201
0 0.41336633663366334 0.13558201058201058 0.5033003300330033 0.06746031746031746
0 0.5354785478547854 0.19047619047619047 0.8877887788778878 0.07275132275132275
0 0.4975247524752475 0.24338624338624337 0.9405940594059405 0.0701058201058201
0 0.509075907590759 0.29563492063492064 0.9554455445544554 0.06746031746031746
0 0.509075907590759 0.3478835978835979 0.9521452145214522 0.06613756613756613
0 0.5057755775577558 0.4074074074074074 0.9554455445544554 0.07407407407407407
0 0.5082508250825083 0.4556878306878307 0.9587458745874587 0.06481481481481481
0 0.49587458745874585 0.5033068783068783 0.933993399339934 0.06349206349206349
0 0.4793729372937294 0.5661375661375662 0.8960396039603961 0.06481481481481481
0 0.5132013201320133 0.623015873015873 0.9603960396039604 0.07804232804232804
0 0.4876237623762376 0.6798941798941799 0.9174917491749175 0.07275132275132275
0 0.5066006600660066 0.7248677248677249 0.9504950495049505 0.062169312169312166
0 0.5033003300330033 0.7870370370370371 0.9455445544554455 0.0701058201058201
0 0.4777227722772277 0.8465608465608465 0.8910891089108911 0.07142857142857142
0 0.504950495049505 0.9014550264550265 0.9455445544554455 0.0701058201058201
0 0.13448844884488448 0.955026455026455 0.2079207920792079 0.047619047619047616
0 0.15181518151815182 0.9927248677248677 0.24092409240924093 0.01455026455026455
0 0.594059405940594 0.9867724867724867 0.30363036303630364 0.026455026455026454