0 0.17763157894736842 0.07285276073619631 0.26644736842105265 0.0352760736196319
0 0.8223684210526315 0.05828220858895705 0.11842105263157894 0.03067484662576687
0 0.4662828947368421 0.13496932515337423 0.837171052631579 0.03987730061349693
0 0.46957236842105265 0.1579754601226994 0.8404605263157895 0.03987730061349693
0 0.46875 0.17868098159509202 0.837171052631579 0.03834355828220859
0 0.46792763157894735 0.19938650306748465 0.8388157894736842 0.03374233128834356
0 0.23684210526315788 0.2285276073619632 0.375 0.027607361963190184
0 0.5032894736842105 0.31441717791411045 0.9013157894736842 0.05828220858895705
0 0.4925986842105263 0.3918711656441718 0.8634868421052632 0.05521472392638037
0 0.4769736842105263 0.46855828220858897 0.837171052631579 0.06441717791411043
0 0.44901315789473684 0.5498466257668712 0.7911184210526315 0.06134969325153374
0 0.5041118421052632 0.6273006134969326 0.9144736842105263 0.06134969325153374
0 0.5008223684210527 0.6993865030674846 0.9013157894736842 0.06134969325153374
0 0.5263157894736842 0.7791411042944786 0.9407894736842105 0.0598159509202454
0 0.4810855263157895 0.8619631901840491 0.8536184210526315 0.0598159509202454
0 0.48930921052631576 0.9386503067484663 0.850328947368421 0.05674846625766871