0 0.48348348348348347 0.02701271186440678 0.8888888888888888 0.05402542372881356
0 0.4722222222222222 0.06779661016949153 0.8633633633633634 0.06567796610169492
0 0.19444444444444445 0.11016949152542373 0.3153153153153153 0.06038135593220339
0 0.4512012012012012 0.1583686440677966 0.8378378378378378 0.0646186440677966
0 0.42342342342342343 0.2044491525423729 0.7687687687687688 0.06038135593220339
0 0.484984984984985 0.2521186440677966 0.8903903903903904 0.06673728813559322
0 0.08108108108108109 0.2960805084745763 0.11411411411411411 0.06567796610169492
0 0.47897897897897895 0.336864406779661 0.8873873873873874 0.048728813559322036
0 0.25375375375375375 0.3940677966101695 0.4519519519519519 0.0614406779661017
0 0.5165165165165165 0.4427966101694915 0.9369369369369369 0.0635593220338983
0 0.48123123123123124 0.4894067796610169 0.9084084084084084 0.06991525423728813
0 0.45795795795795796 0.5397245762711864 0.8678678678678678 0.06991525423728813
0 0.19744744744744744 0.5879237288135594 0.35435435435435436 0.07203389830508475
0 0.44294294294294295 0.6377118644067796 0.7897897897897898 0.06779661016949153
0 0.4752252252252252 0.6800847457627118 0.9144144144144144 0.07309322033898305
0 0.43843843843843844 0.7351694915254238 0.8333333333333334 0.06673728813559322
0 0.23048048048048048 0.774364406779661 0.42042042042042044 0.048728813559322036
0 0.46546546546546547 0.8326271186440678 0.8918918918918919 0.06779661016949153
0 0.4594594594594595 0.8792372881355932 0.8828828828828829 0.0625
0 0.4752252252252252 0.9353813559322034 0.9219219219219219 0.06991525423728813
0 0.22597597597597596 0.9899364406779662 0.3708708708708709 0.020127118644067795