0 0.49960061443932413 0.06646058732612056 0.168678955453149 0.022658423493044824
0 0.9055760368663595 0.06568778979907264 0.07741935483870968 0.021112828438948995
0 0.6805376344086022 0.11284389489953633 0.5274961597542243 0.0164451313755796
0 0.6766973886328724 0.12754250386398763 0.5228878648233487 0.01901081916537867
0 0.6805376344086022 0.15768160741885626 0.5274961597542243 0.019505409582689336
0 0.45918586789554533 0.1728902627511592 0.08419354838709678 0.016924265842349302
0 0.6800307219662058 0.231112828438949 0.5203225806451613 0.0612210200927357
0 0.6639016897081413 0.2921792890262751 0.4911520737327189 0.059629057187017
0 0.6761904761904761 0.34242658423493044 0.5157142857142858 0.06115919629057187
0 0.6807987711213518 0.3906182380216383 0.5310752688172043 0.06061823802163833
0 0.656989247311828 0.4416228748068006 0.48654377880184335 0.057496136012364765
0 0.6613517665130568 0.4978052550231839 0.4921812596006145 0.06261205564142194
0 0.6818279569892474 0.5513910355486863 0.5392626728110599 0.06052550231839258
0 0.6621198156682028 0.6073106646058732 0.49678955453149004 0.06925811437403401
0 0.6731182795698925 0.659613601236476 0.5218586789554531 0.04809891808346214
0 0.508310291858679 0.712179289026275 0.18608294930875577 0.060432766615146835
0 0.44278033794162824 0.8304636785162287 0.04890937019969278 0.018624420401854715