0 0.6391304347826087 0.02287581699346405 0.02608695652173913 0.013071895424836602
0 0.6413043478260869 0.03758169934640523 0.0391304347826087 0.016339869281045753
0 0.8130434782608695 0.042483660130718956 0.021739130434782608 0.00980392156862745
0 0.4956521739130435 0.08006535947712418 0.6565217391304348 0.08169934640522876
0 0.6043478260869565 0.11764705882352941 0.20434782608695654 0.032679738562091505
0 0.44782608695652176 0.13398692810457516 0.5521739130434783 0.05555555555555555
0 0.4782608695652174 0.16176470588235295 0.6304347826086957 0.06209150326797386
0 0.5152173913043478 0.19281045751633988 0.7043478260869566 0.05555555555555555
0 0.47608695652173916 0.2107843137254902 0.6260869565217392 0.05555555555555555
0 0.5456521739130434 0.2434640522875817 0.7565217391304347 0.06209150326797386
0 0.5217391304347826 0.26633986928104575 0.7652173913043478 0.06535947712418301
0 0.5130434782608696 0.29411764705882354 0.8478260869565217 0.06209150326797386
0 0.5021739130434782 0.32516339869281047 0.8260869565217391 0.05555555555555555
0 0.48043478260869565 0.35130718954248363 0.7956521739130434 0.06209150326797386
0 0.5173913043478261 0.380718954248366 0.8521739130434782 0.0718954248366013
0 0.4934782608695652 0.4068627450980392 0.8434782608695652 0.06209150326797386
0 0.4826086956521739 0.434640522875817 0.8608695652173913 0.06209150326797386
0 0.47608695652173916 0.46078431372549017 0.8260869565217391 0.06209150326797386
0 0.48043478260869565 0.4918300653594771 0.8391304347826087 0.06862745098039216
0 0.49782608695652175 0.5228758169934641 0.8956521739130435 0.0718954248366013
0 0.4782608695652174 0.5522875816993464 0.8782608695652174 0.06862745098039216
0 0.48478260869565215 0.5800653594771242 0.8695652173913043 0.07516339869281045
0 0.17391304347826086 0.5996732026143791 0.26956521739130435 0.042483660130718956
0 0.5173913043478261 0.6111111111111112 0.2391304347826087 0.0457516339869281
0 0.5173913043478261 0.6437908496732027 0.8217391304347826 0.06862745098039216
0 0.4543478260869565 0.6781045751633987 0.8478260869565217 0.06535947712418301
0 0.4826086956521739 0.7075163398692811 0.9043478260869565 0.0784313725490196
0 0.49130434782608695 0.7418300653594772 0.9260869565217391 0.0784313725490196
0 0.45652173913043476 0.7728758169934641 0.8739130434782608 0.06862745098039216
0 0.5021739130434782 0.8120915032679739 0.9347826086956522 0.0718954248366013
0 0.48695652173913045 0.8464052287581699 0.9695652173913043 0.07516339869281045
0 0.5369565217391304 0.880718954248366 0.8913043478260869 0.07516339869281045
0 0.48695652173913045 0.9166666666666666 0.7913043478260869 0.06862745098039216
0 0.7869565217391304 0.9591503267973857 0.20434782608695654 0.03594771241830065