0 0.6925355450236966 0.11133333333333334 0.09004739336492891 0.02266666666666667
0 0.7464454976303317 0.13166666666666665 0.20260663507109006 0.032
0 0.5752369668246445 0.17133333333333334 0.830568720379147 0.068
0 0.495260663507109 0.244 0.7654028436018957 0.06733333333333333
0 0.566350710900474 0.31133333333333335 0.8566350710900474 0.06866666666666667
0 0.5213270142180095 0.38466666666666666 0.8104265402843602 0.06933333333333333
0 0.5598341232227488 0.45066666666666666 0.8779620853080569 0.06066666666666667
0 0.5379146919431279 0.5276666666666666 0.840047393364929 0.06
0 0.5539099526066351 0.607 0.8921800947867299 0.08066666666666666
0 0.5545023696682464 0.6883333333333334 0.8578199052132701 0.07866666666666666
0 0.5545023696682464 0.7676666666666667 0.8755924170616114 0.08333333333333333
0 0.566350710900474 0.8486666666666667 0.8672985781990521 0.08666666666666667