0 0.27218934911242604 0.028023598820058997 0.23964497041420119 0.032448377581120944
0 0.8557692307692307 0.009587020648967551 0.10798816568047337 0.019174041297935103
0 0.5340236686390533 0.0803834808259587 0.7544378698224852 0.05309734513274336
0 0.5340236686390533 0.10250737463126844 0.7588757396449705 0.05604719764011799
0 0.5340236686390533 0.1224188790560472 0.7559171597633136 0.051622418879056046
0 0.5355029585798816 0.14601769911504425 0.75 0.05457227138643068
0 0.30547337278106507 0.17699115044247787 0.28846153846153844 0.03392330383480826
0 0.5081360946745562 0.2558997050147493 0.6937869822485208 0.06342182890855458
0 0.5710059171597633 0.32374631268436577 0.8150887573964497 0.07817109144542773
0 0.5502958579881657 0.4004424778761062 0.764792899408284 0.07669616519174041
0 0.5613905325443787 0.4786135693215339 0.7766272189349113 0.08112094395280237
0 0.5547337278106509 0.5523598820058997 0.7692307692307693 0.07964601769911504
0 0.5680473372781065 0.6231563421828908 0.8047337278106509 0.07227138643067847
0 0.5680473372781065 0.7035398230088495 0.8121301775147929 0.0752212389380531
0 0.5658284023668639 0.7743362831858407 0.7973372781065089 0.0752212389380531
0 0.5310650887573964 0.8561946902654868 0.7041420118343196 0.07374631268436578