0 0.3770833333333333 0.02493765586034913 0.7041666666666667 0.04987531172069826
0 0.47708333333333336 0.07481296758104738 0.8791666666666667 0.14962593516209477
0 0.49916666666666665 0.128428927680798 0.8941666666666667 0.17581047381546136
0 0.49416666666666664 0.19139650872817954 0.8525 0.17955112219451372
0 0.5075 0.2655860349127182 0.985 0.1596009975062344
0 0.46166666666666667 0.33728179551122195 0.86 0.16084788029925187
0 0.40041666666666664 0.41895261845386533 0.7725 0.13840399002493767
0 0.5008333333333334 0.48877805486284287 0.9983333333333333 0.20199501246882792
0 0.50375 0.5635910224438903 0.9491666666666667 0.1708229426433915
0 0.49916666666666665 0.6346633416458853 0.9483333333333334 0.17581047381546136
0 0.47333333333333333 0.7125935162094763 0.89 0.17581047381546136
0 0.49375 0.7880299251870324 0.8641666666666666 0.16957605985037408
0 0.4558333333333333 0.8703241895261845 0.88 0.1745635910224439
0 0.5891666666666666 0.9744389027431422 0.23 0.05112219451371571