0 0.25110619469026546 0.07604895104895106 0.24336283185840707 0.02972027972027972
0 0.8307522123893806 0.08479020979020979 0.1172566371681416 0.026223776223776224
0 0.5066371681415929 0.131993006993007 0.7566371681415929 0.02972027972027972
0 0.5088495575221239 0.14947552447552448 0.7610619469026548 0.03146853146853147
0 0.5066371681415929 0.16695804195804195 0.754424778761062 0.03146853146853147
0 0.5066371681415929 0.18269230769230768 0.7676991150442478 0.03146853146853147
0 0.4004424778761062 0.19842657342657344 0.5442477876106194 0.026223776223776224
0 0.5453539823008849 0.3103146853146853 0.8296460176991151 0.08916083916083917
0 0.5630530973451328 0.36713286713286714 0.8738938053097345 0.09090909090909091
0 0.5575221238938053 0.4379370629370629 0.8429203539823009 0.09090909090909091
0 0.5309734513274337 0.49213286713286714 0.827433628318584 0.08216783216783216
0 0.547566371681416 0.5498251748251748 0.838495575221239 0.09615384615384616
0 0.5132743362831859 0.6127622377622378 0.7721238938053098 0.08391608391608392
0 0.5564159292035398 0.6748251748251748 0.8761061946902655 0.08916083916083917
0 0.5575221238938053 0.722027972027972 0.8783185840707964 0.08041958041958042
0 0.5287610619469026 0.7884615384615384 0.8163716814159292 0.0979020979020979
0 0.536504424778761 0.8548951048951049 0.8296460176991151 0.08741258741258741
0 0.14823008849557523 0.9396853146853147 0.07079646017699115 0.022727272727272728
0 0.4491150442477876 0.9615384615384616 0.5088495575221239 0.07692307692307693