0 0.4754521963824289 0.03278688524590164 0.5762273901808785 0.06557377049180328
0 0.46834625322997414 0.08196721311475409 0.39018087855297157 0.05874316939890711
0 0.4748062015503876 0.17827868852459017 0.29328165374677 0.06420765027322405
0 0.4941860465116279 0.23702185792349728 0.6679586563307494 0.07377049180327869
0 0.5755813953488372 0.2807377049180328 0.6007751937984496 0.0778688524590164
0 0.22286821705426357 0.38524590163934425 0.37467700258397935 0.06557377049180328
0 0.6117571059431525 0.38729508196721313 0.12403100775193798 0.05191256830601093
0 0.09883720930232558 0.4255464480874317 0.12790697674418605 0.04371584699453552
0 0.4392764857881137 0.4426229508196721 0.11369509043927649 0.0546448087431694
0 0.8094315245478036 0.4385245901639344 0.2454780361757106 0.05191256830601093
0 0.39341085271317827 0.48770491803278687 0.7196382428940569 0.06420765027322405
0 0.5103359173126615 0.5348360655737705 0.979328165374677 0.08196721311475409
0 0.49547803617571057 0.5901639344262295 0.9470284237726099 0.07240437158469945
0 0.5109819121447028 0.6338797814207651 0.975452196382429 0.08060109289617487
0 0.48320413436692505 0.6857923497267759 0.9237726098191215 0.07103825136612021
0 0.5148578811369509 0.7404371584699454 0.91343669250646 0.06693989071038252
0 0.5096899224806202 0.7868852459016393 0.9728682170542635 0.08060109289617487
0 0.5077519379844961 0.8387978142076503 0.9741602067183462 0.06693989071038252
0 0.5071059431524548 0.8900273224043715 0.9741602067183462 0.09016393442622951
0 0.5045219638242894 0.9412568306010929 0.9780361757105943 0.0778688524590164
0 0.23191214470284238 0.9788251366120219 0.4198966408268734 0.040983606557377046
0 0.8094315245478036 0.9808743169398907 0.3372093023255814 0.03825136612021858