0 0.5102339181286549 0.02112676056338028 0.3830409356725146 0.04225352112676056
0 0.14692982456140352 0.04154929577464789 0.10526315789473684 0.03380281690140845
0 0.13523391812865498 0.08098591549295775 0.10380116959064327 0.03380281690140845
0 0.1476608187134503 0.11830985915492957 0.13450292397660818 0.04366197183098591
0 0.13669590643274854 0.15352112676056337 0.08771929824561403 0.04225352112676056
0 0.5182748538011696 0.045774647887323945 0.1608187134502924 0.04366197183098591
0 0.4422514619883041 0.08450704225352113 0.19736842105263158 0.05211267605633803
0 0.7390350877192983 0.08591549295774648 0.15058479532163743 0.05070422535211268
0 0.4934210526315789 0.126056338028169 0.3830409356725146 0.056338028169014086
0 0.8779239766081871 0.12112676056338029 0.24415204678362573 0.05070422535211268
0 0.8070175438596491 0.16619718309859155 0.0847953216374269 0.04647887323943662
0 0.8099415204678363 0.20211267605633804 0.10087719298245613 0.04225352112676056
0 0.89546783625731 0.23873239436619717 0.0935672514619883 0.02535211267605634
0 0.2236842105263158 0.4612676056338028 0.13157894736842105 0.04647887323943662
0 0.7448830409356725 0.5049295774647887 0.26169590643274854 0.0323943661971831
0 0.1301169590643275 0.5394366197183098 0.15058479532163743 0.03943661971830986
0 0.6111111111111112 0.5605633802816902 0.6812865497076024 0.06056338028169014
0 0.5928362573099415 0.5936619718309859 0.6447368421052632 0.054929577464788736
0 0.49780701754385964 0.6260563380281691 0.45321637426900585 0.04507042253521127
0 0.8771929824561403 0.6359154929577465 0.17543859649122806 0.04507042253521127
0 0.11842105263157894 0.6133802816901408 0.08333333333333333 0.04647887323943662
0 0.34941520467836257 0.6584507042253521 0.03508771929824561 0.03380281690140845
0 0.4868421052631579 0.6647887323943662 0.1783625730994152 0.05070422535211268
0 0.6571637426900585 0.6669014084507042 0.06286549707602339 0.028169014084507043
0 0.8603801169590644 0.673943661971831 0.2236842105263158 0.04084507042253521
0 0.6498538011695907 0.704225352112676 0.04532163742690058 0.029577464788732393
0 0.45760233918128657 0.7338028169014085 0.23976608187134502 0.05070422535211268
0 0.3347953216374269 0.793661971830986 0.10087719298245613 0.038028169014084505
0 0.47441520467836257 0.8056338028169014 0.09502923976608187 0.04366197183098591
0 0.3369883040935672 0.8323943661971831 0.05116959064327485 0.028169014084507043
0 0.4788011695906433 0.8450704225352113 0.03070175438596491 0.016901408450704224
0 0.5804093567251462 0.8345070422535211 0.043859649122807015 0.03943661971830986
0 0.3355263157894737 0.8647887323943662 0.043859649122807015 0.029577464788732393
0 0.47733918128654973 0.8753521126760564 0.03216374269005848 0.023943661971830985
0 0.5635964912280702 0.8711267605633802 0.043859649122807015 0.035211267605633804
0 0.6710526315789473 0.8746478873239436 0.08333333333333333 0.0323943661971831
0 0.5687134502923976 0.902112676056338 0.04532163742690058 0.02676056338028169
0 0.5570175438596491 0.9323943661971831 0.024853801169590642 0.02676056338028169
0 0.10453216374269006 0.9654929577464789 0.08771929824561403 0.057746478873239436
0 0.3194444444444444 0.9725352112676057 0.08771929824561403 0.05070422535211268
0 0.6798245614035088 0.9781690140845071 0.5 0.04366197183098591