0 0.10508474576271186 0.05855263157894737 0.08644067796610169 0.02631578947368421
0 0.8271186440677966 0.04736842105263158 0.2016949152542373 0.03684210526315789
0 0.3059322033898305 0.11776315789473685 0.40508474576271186 0.03289473684210526
0 0.4669491525423729 0.15855263157894736 0.7186440677966102 0.07105263157894737
0 0.5288135593220339 0.2631578947368421 0.8440677966101695 0.05394736842105263
0 0.488135593220339 0.38421052631578945 0.7711864406779662 0.07236842105263158
0 0.46864406779661016 0.5 0.7135593220338983 0.07105263157894737
0 0.5245762711864407 0.6125 0.8271186440677966 0.07631578947368421
0 0.49745762711864405 0.725 0.788135593220339 0.07236842105263158
0 0.4288135593220339 0.8401315789473685 0.6322033898305085 0.06710526315789474
0 0.847457627118644 0.968421052631579 0.22203389830508474 0.019736842105263157