0 0.5581683168316832 0.09771573604060914 0.6336633663366337 0.08629441624365482
0 0.5198019801980198 0.15355329949238578 0.8143564356435643 0.07614213197969544
0 0.12376237623762376 0.2068527918781726 0.14603960396039603 0.0583756345177665
0 0.5061881188118812 0.2817258883248731 0.7821782178217822 0.08629441624365482
0 0.46782178217821785 0.33883248730964466 0.8292079207920792 0.07868020304568528
0 0.47277227722772275 0.40609137055837563 0.8316831683168316 0.08121827411167512
0 0.4628712871287129 0.4682741116751269 0.8217821782178217 0.08121827411167512
0 0.4814356435643564 0.5317258883248731 0.849009900990099 0.08375634517766498
0 0.474009900990099 0.5939086294416244 0.844059405940594 0.08121827411167512
0 0.4801980198019802 0.6535532994923858 0.8663366336633663 0.08375634517766498
0 0.47896039603960394 0.7182741116751269 0.8638613861386139 0.07868020304568528
0 0.46410891089108913 0.7804568527918782 0.8514851485148515 0.08375634517766498
0 0.2561881188118812 0.8375634517766497 0.43316831683168316 0.07868020304568528
0 0.4863861386138614 0.9048223350253807 0.7797029702970297 0.08121827411167512
0 0.15965346534653466 0.9619289340101523 0.24504950495049505 0.05583756345177665