0 0.5737410071942446 0.021883289124668436 0.7805755395683454 0.04376657824933687
0 0.4658273381294964 0.045755968169761276 0.19244604316546762 0.03580901856763926
0 0.42805755395683454 0.07559681697612732 0.6780575539568345 0.05305039787798409
0 0.12050359712230216 0.10477453580901856 0.044964028776978415 0.029177718832891247
0 0.5422661870503597 0.17572944297082227 0.9154676258992805 0.054376657824933686
0 0.33093525179856115 0.20623342175066314 0.4910071942446043 0.03978779840848806
0 0.4847122302158273 0.2440318302387268 0.7841726618705036 0.05172413793103448
0 0.4397482014388489 0.27320954907161804 0.710431654676259 0.04774535809018567
0 0.36960431654676257 0.3421750663129973 0.5629496402877698 0.046419098143236075
0 0.4712230215827338 0.3773209549071618 0.7733812949640287 0.04907161803713528
0 0.37589928057553956 0.41445623342175064 0.5737410071942446 0.04774535809018567
0 0.6447841726618705 0.4489389920424403 0.64568345323741 0.04774535809018567
0 0.32464028776978415 0.4860742705570292 0.4982014388489209 0.04907161803713528
0 0.43345323741007197 0.5517241379310345 0.7086330935251799 0.050397877984084884
0 0.41906474820143885 0.5868700265251989 0.6600719424460432 0.050397877984084884
0 0.3012589928057554 0.6193633952254642 0.42985611510791366 0.04907161803713528
0 0.5170863309352518 0.6982758620689655 0.8633093525179856 0.07294429708222812
0 0.32464028776978415 0.76657824933687 0.460431654676259 0.05570291777188329
0 0.2841726618705036 0.8057029177718833 0.35251798561151076 0.05172413793103448
0 0.1474820143884892 0.8441644562334217 0.09712230215827339 0.03713527851458886
0 0.1564748201438849 0.8846153846153846 0.11690647482014388 0.03580901856763926
0 0.2302158273381295 0.9204244031830239 0.25539568345323743 0.05968169761273209
0 0.34172661870503596 0.9549071618037135 0.11151079136690648 0.03183023872679045