0 0.6088127853881279 0.06643478260869565 0.38557077625570774 0.09904347826086957
0 0.6418264840182648 0.13404347826086957 0.2689041095890411 0.0748695652173913
0 0.48073059360730597 0.1787391304347826 0.5149771689497717 0.07730434782608696
0 0.3310502283105023 0.24756521739130433 0.4946575342465753 0.07969565217391304
0 0.8371232876712329 0.25965217391304346 0.08118721461187216 0.04104347826086956
0 0.41351598173515985 0.2995217391304348 0.3348401826484018 0.06278260869565218
0 0.4515525114155251 0.3393913043478261 0.6240639269406392 0.11352173913043478
0 0.579634703196347 0.4082173913043478 0.7178995433789954 0.0966086956521739
0 0.5314611872146119 0.471 0.9360730593607306 0.07730434782608696
0 0.531689497716895 0.5144782608695652 0.9365753424657535 0.07730434782608696
0 0.5200456621004567 0.5821304347826086 0.9335159817351598 0.07247826086956523
0 0.5073515981735159 0.6400869565217391 0.9081735159817351 0.1062608695652174
0 0.5228310502283106 0.6823478260869565 0.9340639269406393 0.09421739130434784
0 0.5238356164383562 0.7512173913043478 0.9310045662100456 0.0821304347826087
0 0.5048401826484018 0.814 0.8827853881278539 0.09178260869565218
0 0.502283105022831 0.8900869565217391 0.8980365296803653 0.09421739130434784
0 0.533972602739726 0.9589565217391305 0.9259360730593608 0.07730434782608696