0 0.7206213017751479 0.08630648330058939 0.03803254437869823 0.04068762278978389
0 0.7914201183431953 0.12840864440078587 0.26838757396449703 0.03789783889980353
0 0.5452218934911243 0.20208251473477407 0.5600147928994083 0.05051080550098232
0 0.5600147928994083 0.3192534381139489 0.5050739644970414 0.068762278978389
0 0.5130029585798817 0.37188605108055006 0.3983579881656805 0.06736738703339883
0 0.4289940828402367 0.47011787819253437 0.23034023668639053 0.07858546168958742
0 0.7512721893491124 0.46520628683693516 0.3022041420118343 0.07157170923379175
0 0.43585798816568044 0.5199214145383104 0.2356360946745562 0.0743811394891945
0 0.7734615384615385 0.5248330058939096 0.3465828402366864 0.06455795677799607
0 0.5008431952662722 0.5704518664047151 0.2620414201183432 0.051925343811394895
0 0.17011834319526628 0.6160510805500983 0.16272189349112426 0.07015717092337917
0 0.49239644970414204 0.6244793713163065 0.3571449704142012 0.07858546168958742
0 0.5156360946745562 0.719901768172888 0.28106508875739644 0.07296660117878193
0 0.4490680473372781 0.8181335952848723 0.23245562130177513 0.05332023575638507
0 0.7935355029585798 0.8216306483300589 0.20710059171597633 0.07157170923379175
0 0.44853550295857986 0.87286836935167 0.20605029585798815 0.06736738703339883
0 0.470207100591716 0.9233791748526523 0.238801775147929 0.07015717092337917
0 0.48974852071005914 0.9694106090373281 0.2757840236686391 0.06117878192534381