0 0.515650741350906 0.0442351598173516 0.8097199341021417 0.07705479452054795
0 0.5325370675453048 0.096175799086758 0.8327841845140033 0.08105022831050228
0 0.586490939044481 0.1660958904109589 0.7561779242174629 0.07077625570776255
0 0.5535420098846787 0.19720319634703196 0.8789126853377265 0.06735159817351598
0 0.5514827018121911 0.23373287671232876 0.8855024711696869 0.06621004566210045
0 0.4180395387149918 0.2602739726027397 0.528830313014827 0.04908675799086758
0 0.35914332784184516 0.2962328767123288 0.3970345963756178 0.045662100456621
0 0.3261943986820428 0.3213470319634703 0.3344316309719934 0.03824200913242009
0 0.43986820428336076 0.35587899543379 0.542833607907743 0.05422374429223744
0 0.4328665568369028 0.3849885844748858 0.5444810543657331 0.04509132420091324
0 0.8867380560131796 0.3113584474885845 0.0914332784184514 0.033105022831050226
0 0.8373146622734761 0.3424657534246575 0.057660626029654036 0.034817351598173514
0 0.8644975288303131 0.3279109589041096 0.0008237232289950577 0.006278538812785388
0 0.9299835255354201 0.3393264840182648 0.04942339373970346 0.02682648401826484
0 0.9901153212520593 0.3421803652968037 0.013179571663920923 0.0182648401826484
0 0.5757825370675453 0.4175228310502283 0.7981878088962109 0.06906392694063927
0 0.5477759472817133 0.4540525114155251 0.8698517298187809 0.062214611872146115
0 0.5275947281713345 0.4794520547945205 0.8484349258649094 0.05194063926940639
0 0.5547775947281713 0.51912100456621 0.8756177924217463 0.06335616438356165
0 0.235996705107084 0.548230593607306 0.24052718286655683 0.04223744292237443
0 0.5712520593080724 0.5759132420091324 0.6482701812191104 0.06506849315068493
0 0.5906095551894563 0.6038812785388128 0.7833607907742999 0.06621004566210045
0 0.556836902800659 0.6424086757990868 0.886326194398682 0.06449771689497717
0 0.5621911037891268 0.6740867579908676 0.8212520593080724 0.057648401826484015
0 0.6589785831960461 0.7006278538812786 0.6820428336079077 0.05194063926940639
0 0.528830313014827 0.7320205479452054 0.800658978583196 0.05422374429223744
0 0.31342668863261947 0.7696917808219178 0.3640856672158155 0.05251141552511415
0 0.6243822075782537 0.788527397260274 0.7512355848434926 0.059931506849315065
0 0.5617792421746294 0.827054794520548 0.8764415156507414 0.06278538812785388
0 0.4559308072487644 0.8632990867579908 0.6647446457990115 0.05650684931506849
0 0.7681219110378913 0.8881278538812786 0.36820428336079075 0.04737442922374429
0 0.7792421746293245 0.9392123287671232 0.2042833607907743 0.07134703196347032
0 0.7446457990115322 0.973458904109589 0.3723228995057661 0.05194063926940639