0 0.5174242424242425 0.014066496163682864 0.29545454545454547 0.028132992327365727
0 0.7643939393939394 0.06010230179028133 0.2590909090909091 0.07161125319693094
0 0.40984848484848485 0.08312020460358056 0.3242424242424242 0.056265984654731455
0 0.353030303030303 0.17391304347826086 0.43636363636363634 0.06010230179028133
0 0.4462121212121212 0.22058823529411764 0.7333333333333333 0.056265984654731455
0 0.39924242424242423 0.26854219948849106 0.5212121212121212 0.058823529411764705
0 0.43106060606060603 0.3145780051150895 0.7106060606060606 0.06265984654731457
0 0.5189393939393939 0.3702046035805627 0.3090909090909091 0.03964194373401535
0 0.4621212121212121 0.48145780051150894 0.6242424242424243 0.12404092071611253
0 0.4462121212121212 0.5882352941176471 0.45454545454545453 0.07289002557544758
0 0.5636363636363636 0.6349104859335039 0.806060606060606 0.0639386189258312
0 0.4954545454545455 0.6828644501278772 0.5863636363636363 0.06265984654731457
0 0.5636363636363636 0.7263427109974424 0.8272727272727273 0.0741687979539642
0 0.8333333333333334 0.8561381074168798 0.1787878787878788 0.0741687979539642
0 0.5212121212121212 0.9546035805626598 0.4196969696969697 0.043478260869565216