0 0.5131172839506173 0.01038961038961039 0.30092592592592593 0.02077922077922078
0 0.7662037037037037 0.04155844155844156 0.26697530864197533 0.07922077922077922
0 0.4058641975308642 0.07532467532467532 0.3333333333333333 0.06753246753246753
0 0.35185185185185186 0.16883116883116883 0.44598765432098764 0.07402597402597402
0 0.44907407407407407 0.21363636363636362 0.75 0.07922077922077922
0 0.4027777777777778 0.2636363636363636 0.5339506172839507 0.07532467532467532
0 0.4375 0.30974025974025976 0.7253086419753086 0.08441558441558442
0 0.5285493827160493 0.36298701298701297 0.31635802469135804 0.04935064935064935
0 0.47608024691358025 0.4779220779220779 0.6404320987654321 0.14415584415584415
0 0.4645061728395062 0.5863636363636363 0.4660493827160494 0.08701298701298701
0 0.5856481481481481 0.6305194805194805 0.8240740740740741 0.08961038961038961
0 0.5177469135802469 0.6811688311688312 0.5987654320987654 0.08051948051948052
0 0.5833333333333334 0.7227272727272728 0.8333333333333334 0.1
0 0.8695987654320988 0.8467532467532467 0.18518518518518517 0.08051948051948052
0 0.5563271604938271 0.9564935064935065 0.42901234567901236 0.05714285714285714