0 0.5750577367205543 0.015861027190332326 0.42725173210161665 0.03172205438066465
0 0.5900692840646651 0.0823262839879154 0.4780600461893764 0.06797583081570997
0 0.27136258660508084 0.12462235649546828 0.09468822170900693 0.03927492447129909
0 0.6362586605080831 0.12084592145015106 0.5438799076212472 0.06797583081570997
0 0.640877598152425 0.1608761329305136 0.5542725173210161 0.0649546827794562
0 0.26270207852193994 0.2545317220543807 0.07736720554272518 0.045317220543806644
0 0.6564665127020786 0.2394259818731118 0.5854503464203233 0.06948640483383686
0 0.5023094688221709 0.2862537764350453 0.2575057736720554 0.052870090634441085
0 0.2852193995381062 0.3678247734138973 0.10623556581986143 0.04984894259818731
0 0.6379907621247113 0.3610271903323263 0.5496535796766744 0.07099697885196375
0 0.6322170900692841 0.40181268882175225 0.5311778290993071 0.06646525679758308
0 0.4797921478060046 0.44410876132930516 0.21478060046189376 0.03625377643504532
0 0.6633949191685913 0.479607250755287 0.5831408775981525 0.0649546827794562
0 0.4520785219399538 0.5422960725075529 0.07852193995381063 0.05740181268882175
0 0.7274826789838337 0.5120845921450151 0.08891454965357967 0.03927492447129909
0 0.27367205542725176 0.6125377643504532 0.11316397228637413 0.054380664652567974
0 0.26501154734411086 0.648036253776435 0.026558891454965358 0.028700906344410877
0 0.24018475750577367 0.6903323262839879 0.05542725173210162 0.03172205438066465
0 0.6460739030023095 0.68202416918429 0.5484988452655889 0.06646525679758308
0 0.5900692840646651 0.7220543806646526 0.4353348729792148 0.061933534743202415
0 0.581986143187067 0.756797583081571 0.042725173210161664 0.03927492447129909
0 0.5548498845265589 0.8013595166163142 0.36143187066974597 0.05891238670694864
0 0.24653579676674364 0.8935045317220544 0.06697459584295612 0.04682779456193353
0 0.5571593533487298 0.8829305135951662 0.31524249422632794 0.06646525679758308
0 0.5675519630484989 0.9274924471299094 0.12933025404157045 0.04984894259818731