0 0.37123493975903615 0.041044776119402986 0.30120481927710846 0.06343283582089553
0 0.5647590361445783 0.02332089552238806 0.0391566265060241 0.027985074626865673
0 0.6234939759036144 0.025186567164179104 0.0391566265060241 0.022388059701492536
0 0.6859939759036144 0.025186567164179104 0.04216867469879518 0.022388059701492536
0 0.759789156626506 0.022388059701492536 0.04819277108433735 0.029850746268656716
0 0.6694277108433735 0.06436567164179105 0.1746987951807229 0.04291044776119403
0 0.6739457831325302 0.11194029850746269 0.2289156626506024 0.06529850746268656
0 0.2620481927710843 0.06716417910447761 0.07530120481927711 0.029850746268656716
0 0.35316265060240964 0.09701492537313433 0.2605421686746988 0.054104477611940295
0 0.37349397590361444 0.166044776119403 0.045180722891566265 0.029850746268656716
0 0.6272590361445783 0.16417910447761194 0.16566265060240964 0.03544776119402985
0 0.36370481927710846 0.21641791044776118 0.061746987951807226 0.041044776119402986
0 0.30948795180722893 0.3003731343283582 0.05271084337349398 0.04291044776119403
0 0.5368975903614458 0.37220149253731344 0.2063253012048193 0.09514925373134328
0 0.5557228915662651 0.45149253731343286 0.5015060240963856 0.06716417910447761
0 0.5376506024096386 0.4944029850746269 0.5271084337349398 0.06343283582089553
0 0.5406626506024096 0.5335820895522388 0.5376506024096386 0.06343283582089553
0 0.5444277108433735 0.5727611940298507 0.5391566265060241 0.06529850746268656
0 0.5587349397590361 0.6119402985074627 0.572289156626506 0.06343283582089553
0 0.5512048192771084 0.648320895522388 0.552710843373494 0.054104477611940295
0 0.5587349397590361 0.6884328358208955 0.5647590361445783 0.06343283582089553
0 0.5504518072289156 0.7285447761194029 0.5436746987951807 0.061567164179104475
0 0.3358433734939759 0.7705223880597015 0.12048192771084337 0.05037313432835821
0 0.5692771084337349 0.8041044776119403 0.5286144578313253 0.06343283582089553
0 0.5617469879518072 0.8460820895522388 0.5753012048192772 0.06529850746268656
0 0.35542168674698793 0.8833955223880597 0.15813253012048192 0.041044776119402986
0 0.6807228915662651 0.9169776119402985 0.17921686746987953 0.04664179104477612