0 0.5469653179190751 0.06309148264984227 0.9060693641618497 0.08832807570977919
0 0.4761560693641618 0.14905362776025236 0.7861271676300579 0.07570977917981073
0 0.49927745664739887 0.24053627760252366 0.8265895953757225 0.08832807570977919
0 0.5021676300578035 0.32886435331230285 0.8569364161849711 0.08517350157728706
0 0.5267341040462428 0.4108832807570978 0.9046242774566474 0.0804416403785489
0 0.4725433526011561 0.4944794952681388 0.7991329479768786 0.07728706624605679
0 0.5339595375722543 0.582807570977918 0.9277456647398844 0.083596214511041
0 0.4797687861271676 0.6727129337539433 0.819364161849711 0.08990536277602523
0 0.4949421965317919 0.7578864353312302 0.8771676300578035 0.0946372239747634
0 0.4790462427745665 0.8477917981072555 0.8222543352601156 0.09621451104100946
0 0.41835260115606937 0.9258675078864353 0.7153179190751445 0.07570977917981073