0 0.8444444444444444 0.01328125 0.08472222222222223 0.0140625
0 0.7472222222222222 0.2953125 0.25972222222222224 0.034375
0 0.14791666666666667 0.3484375 0.19027777777777777 0.0625
0 0.5854166666666667 0.36015625 0.6388888888888888 0.075
0 0.3638888888888889 0.39453125 0.16805555555555557 0.04375
0 0.5479166666666667 0.44375 0.5375 0.06875
0 0.6173611111111111 0.4859375 0.6722222222222223 0.0765625
0 0.33125 0.52578125 0.10277777777777777 0.0546875
0 0.33611111111111114 0.56171875 0.07777777777777778 0.0484375
0 0.6729166666666667 0.56328125 0.4875 0.0546875
0 0.5034722222222222 0.65 0.1638888888888889 0.05625
0 0.7791666666666667 0.64765625 0.31527777777777777 0.0484375
0 0.5131944444444444 0.6921875 0.19444444444444445 0.0609375
0 0.2902777777777778 0.75625 0.03333333333333333 0.034375
0 0.37430555555555556 0.765625 0.04583333333333333 0.028125
0 0.37777777777777777 0.809375 0.043055555555555555 0.03125
0 0.525 0.7734375 0.18333333333333332 0.0609375
0 0.44513888888888886 0.809375 0.027777777777777776 0.0234375
0 0.7034722222222223 0.765625 0.04583333333333333 0.0421875
0 0.8486111111111111 0.77734375 0.10138888888888889 0.04375
0 0.7236111111111111 0.81171875 0.0625 0.0296875
0 0.8243055555555555 0.809375 0.02638888888888889 0.025
0 0.7194444444444444 0.8515625 0.044444444444444446 0.0359375
0 0.8263888888888888 0.8546875 0.029166666666666667 0.021875
0 0.7513888888888889 0.890625 0.09583333333333334 0.034375
0 0.39444444444444443 0.9296875 0.1736111111111111 0.0546875
0 0.3951388888888889 0.97265625 0.02638888888888889 0.0265625
0 0.5430555555555555 0.9703125 0.16527777777777777 0.0421875