0 0.22225725094577553 0.18210884353741497 0.07881462799495587 0.05811224489795919
0 0.43873896595208073 0.2033673469387755 0.09353089533417402 0.05811224489795919
0 0.6152837326607818 0.19629251700680272 0.10614123581336696 0.07511904761904763
0 0.7718537200504414 0.19345238095238096 0.0914249684741488 0.03260204081632653
0 0.48181588902900374 0.2650170068027211 0.19230769230769232 0.07937074829931973
0 0.403530895334174 0.3224149659863946 0.035725094577553594 0.05243197278911564
0 0.5191298865069357 0.39894557823129256 0.575876418663304 0.06943877551020408
0 0.5175535939470366 0.4684013605442177 0.5706179066834804 0.0666156462585034
0 0.5396216897856242 0.5428061224489796 0.6126481715006304 0.08219387755102041
0 0.538562421185372 0.6122448979591837 0.6105548549810845 0.07653061224489796
0 0.5191298865069357 0.6774319727891156 0.575876418663304 0.06802721088435375
0 0.5201765447667087 0.7475850340136054 0.5716645649432535 0.06377551020408163
0 0.5280580075662042 0.8191666666666667 0.5853341740226986 0.07937074829931973
0 0.5275283732660782 0.8893197278911564 0.5884867591424968 0.0779421768707483