0 0.4797979797979798 0.013043478260869565 0.8686868686868687 0.02608695652173913
0 0.4772727272727273 0.0641304347826087 0.8787878787878788 0.0891304347826087
0 0.476010101010101 0.1358695652173913 0.8863636363636364 0.09130434782608696
0 0.49242424242424243 0.2108695652173913 0.9065656565656566 0.09130434782608696
0 0.48737373737373735 0.2858695652173913 0.9065656565656566 0.09130434782608696
0 0.4671717171717172 0.36195652173913045 0.8863636363636364 0.08695652173913043
0 0.46464646464646464 0.42934782608695654 0.8964646464646465 0.0782608695652174
0 0.4583333333333333 0.5108695652173914 0.8686868686868687 0.08478260869565217
0 0.47095959595959597 0.5847826086956521 0.8964646464646465 0.09130434782608696
0 0.3421717171717172 0.6521739130434783 0.6565656565656566 0.0782608695652174
0 0.05303030303030303 0.8271739130434783 0.0707070707070707 0.021739130434782608
0 0.73989898989899 0.8989130434782608 0.4217171717171717 0.08260869565217391