0 0.5053030303030303 0.4890625 0.25303030303030305 0.178125
0 0.25 0.065625 0.030303030303030304 0.06875
0 0.7727272727272727 0.1015625 0.02727272727272727 0.0625
0 0.24393939393939393 0.2671875 0.3515151515151515 0.10625
0 0.6803030303030303 0.2734375 0.13333333333333333 0.078125
0 0.1553030303030303 0.453125 0.1787878787878788 0.096875
0 0.7053030303030303 0.49375 0.18636363636363637 0.096875
0 0.15833333333333333 0.6703125 0.19696969696969696 0.1
0 0.678030303030303 0.7078125 0.1318181818181818 0.09375
0 0.14242424242424243 0.8828125 0.17575757575757575 0.09375
0 0.7712121212121212 0.8828125 0.34545454545454546 0.109375
0 0.7 0.95625 0.20606060606060606 0.0875
0 0.45075757575757575 0.9328125 0.4803030303030303 0.134375