0 0.08412371134020619 0.09652509652509653 0.13020618556701033 0.07111969111969113
0 0.527680412371134 0.13513513513513514 0.7460824742268042 0.07926640926640927
0 0.5507216494845361 0.2205019305019305 0.8247422680412371 0.07926640926640927
0 0.5588659793814433 0.30683397683397684 0.8464432989690722 0.08536679536679537
0 0.5330927835051547 0.39424710424710424 0.8003092783505155 0.08127413127413127
0 0.5466494845360824 0.47957528957528955 0.8057731958762886 0.08127413127413127
0 0.5670103092783505 0.566949806949807 0.857319587628866 0.08942084942084942
0 0.527680412371134 0.6492664092664092 0.7840721649484537 0.08332046332046332
0 0.5303608247422681 0.7325868725868726 0.7840721649484537 0.07926640926640927
0 0.5534536082474227 0.8159073359073359 0.835618556701031 0.07926640926640927
0 0.5385051546391753 0.9032818532818533 0.7840721649484537 0.09142857142857143