0 0.20222929936305734 0.06426553672316385 0.25636942675159236 0.03248587570621469
0 0.8264331210191083 0.0713276836158192 0.11305732484076433 0.026836158192090395
0 0.4785031847133758 0.12994350282485875 0.8121019108280255 0.03389830508474576
0 0.47770700636942676 0.1497175141242938 0.8073248407643312 0.03389830508474576
0 0.4785031847133758 0.1694915254237288 0.8105095541401274 0.03672316384180791
0 0.4785031847133758 0.1906779661016949 0.8168789808917197 0.03672316384180791
0 0.4410828025477707 0.2132768361581921 0.7340764331210191 0.03531073446327684
0 0.5111464968152867 0.297316384180791 0.8885350318471338 0.0635593220338983
0 0.4872611464968153 0.3707627118644068 0.8439490445859873 0.062146892655367235
0 0.48487261146496813 0.4406779661016949 0.8519108280254777 0.06638418079096045
0 0.49044585987261147 0.5134180790960452 0.8630573248407644 0.05649717514124294
0 0.4721337579617834 0.5875706214689266 0.8264331210191083 0.059322033898305086
0 0.5111464968152867 0.6574858757062146 0.9140127388535032 0.05508474576271186
0 0.5047770700636943 0.7323446327683616 0.9156050955414012 0.06638418079096045
0 0.49044585987261147 0.8043785310734464 0.8821656050955414 0.05508474576271186
0 0.49920382165605093 0.8785310734463276 0.9092356687898089 0.062146892655367235
0 0.27070063694267515 0.9442090395480226 0.4570063694267516 0.04943502824858757