0 0.5491803278688525 0.035398230088495575 0.5546448087431693 0.03687315634218289
0 0.1325136612021858 0.11283185840707964 0.1284153005464481 0.03982300884955752
0 0.5717213114754098 0.11356932153392331 0.5819672131147541 0.04129793510324484
0 0.7377049180327869 0.0855457227138643 0.07650273224043716 0.04424778761061947
0 0.15915300546448088 0.1541297935103245 0.12978142076502733 0.048672566371681415
0 0.10587431693989072 0.19469026548672566 0.0273224043715847 0.032448377581120944
0 0.12021857923497267 0.23377581120943952 0.10382513661202186 0.03982300884955752
0 0.4569672131147541 0.15634218289085547 0.3292349726775956 0.051622418879056046
0 0.3312841530054645 0.1902654867256637 0.09836065573770492 0.035398230088495575
0 0.6762295081967213 0.20206489675516223 0.4890710382513661 0.06047197640117994
0 0.7984972677595629 0.26991150442477874 0.08333333333333333 0.025073746312684365
0 0.7424863387978142 0.528023598820059 0.25546448087431695 0.03687315634218289
0 0.23702185792349728 0.5589970501474927 0.3073770491803279 0.051622418879056046
0 0.22404371584699453 0.5973451327433629 0.07513661202185792 0.032448377581120944
0 0.3360655737704918 0.6430678466076696 0.26229508196721313 0.0471976401179941
0 0.28825136612021857 0.6740412979351033 0.16939890710382513 0.04129793510324484
0 0.12021857923497267 0.7138643067846607 0.09153005464480875 0.03687315634218289
0 0.30806010928961747 0.7182890855457227 0.21174863387978143 0.048672566371681415
0 0.5573770491803278 0.7072271386430679 0.18442622950819673 0.04129793510324484
0 0.12295081967213115 0.7581120943952803 0.09972677595628415 0.04424778761061947
0 0.4262295081967213 0.7566371681415929 0.4371584699453552 0.05457227138643068
0 0.7602459016393442 0.7367256637168141 0.09836065573770492 0.05752212389380531
0 0.305327868852459 0.7979351032448377 0.1953551912568306 0.048672566371681415
0 0.7151639344262295 0.7883480825958702 0.12295081967213115 0.04277286135693215
0 0.3907103825136612 0.8362831858407079 0.3743169398907104 0.05014749262536873
0 0.12295081967213115 0.8738938053097345 0.09972677595628415 0.035398230088495575
0 0.11543715846994536 0.9166666666666666 0.10655737704918032 0.05309734513274336
0 0.3094262295081967 0.8790560471976401 0.19672131147540983 0.048672566371681415
0 0.3422131147540984 0.9092920353982301 0.26229508196721313 0.038348082595870206
0 0.28346994535519127 0.9550147492625368 0.15027322404371585 0.051622418879056046
0 0.8456284153005464 0.866519174041298 0.08333333333333333 0.048672566371681415