0 0.4766949152542373 0.11864406779661017 0.3799435028248588 0.05190677966101695
0 0.2605932203389831 0.22828389830508475 0.2542372881355932 0.04978813559322034
0 0.3354519774011299 0.288135593220339 0.3954802259887006 0.0423728813559322
0 0.4406779661016949 0.3532838983050847 0.6129943502824858 0.048728813559322036
0 0.20056497175141244 0.4179025423728814 0.12146892655367232 0.05190677966101695
0 0.2521186440677966 0.4804025423728814 0.2076271186440678 0.05190677966101695
0 0.4272598870056497 0.5354872881355932 0.5748587570621468 0.05614406779661017
0 0.5494350282485876 0.5990466101694916 0.8601694915254238 0.07733050847457627
0 0.4364406779661017 0.6520127118644068 0.6299435028248588 0.06779661016949153
0 0.3396892655367232 0.7092161016949152 0.4364406779661017 0.0625
0 0.3192090395480226 0.7717161016949152 0.3997175141242938 0.05296610169491525
0 0.1673728813559322 0.8246822033898306 0.11440677966101695 0.046610169491525424
0 0.182909604519774 0.8829449152542372 0.1963276836158192 0.0423728813559322