0 0.4300476947535771 0.19547079856972585 0.5381558028616852 0.09177592371871275
0 0.4395866454689984 0.24493444576877235 0.4888712241653418 0.09713945172824791
0 0.43084260731319557 0.28426698450536353 0.5206677265500795 0.09594755661501787
0 0.47456279809220986 0.32717520858164484 0.527027027027027 0.10071513706793803
0 0.4753577106518283 0.3763408820023838 0.5866454689984102 0.1162097735399285
0 0.4105723370429253 0.4240166865315852 0.3751987281399046 0.08522050059594756
0 0.45031796502384736 0.47526817640047675 0.5246422893481717 0.10488676996424315
0 0.46025437201907793 0.5214541120381406 0.44276629570747217 0.0864123957091776
0 0.4872813990461049 0.5569129916567342 0.5707472178060413 0.1102502979737783
0 0.4980127186009539 0.6016090584028605 0.4912559618441971 0.09713945172824791
0 0.5246422893481717 0.6460071513706794 0.5945945945945946 0.12097735399284863
0 0.46184419713831476 0.7011323003575686 0.37917329093799684 0.0899880810488677
0 0.5353736089030207 0.7497020262216925 0.581081081081081 0.1162097735399285
0 0.43084260731319557 0.8057210965435042 0.2774244833068362 0.06615017878426699
0 0.514308426073132 0.8411799761620977 0.49523052464228934 0.10488676996424315
0 0.5600158982511924 0.8894517282479142 0.5007949125596184 0.10786650774731824