0 0.4039792387543253 0.038871951219512195 0.18685121107266436 0.022865853658536585
0 0.8581314878892734 0.04496951219512195 0.08650519031141868 0.021341463414634148
0 0.6072664359861591 0.07240853658536585 0.5986159169550173 0.024390243902439025
0 0.6072664359861591 0.08689024390243902 0.5951557093425606 0.027439024390243903
0 0.6072664359861591 0.1013719512195122 0.5934256055363322 0.025914634146341462
0 0.606401384083045 0.11509146341463415 0.5951557093425606 0.027439024390243903
0 0.606401384083045 0.13109756097560976 0.596885813148789 0.03048780487804878
0 0.3884083044982699 0.14329268292682926 0.16089965397923875 0.018292682926829267
0 0.6055363321799307 0.19969512195121952 0.5899653979238755 0.04573170731707317
0 0.6046712802768166 0.2553353658536585 0.6055363321799307 0.051829268292682924
0 0.5977508650519031 0.3094512195121951 0.5899653979238755 0.054878048780487805
0 0.615916955017301 0.3589939024390244 0.6211072664359861 0.05030487804878049
0 0.610726643598616 0.41310975609756095 0.6003460207612457 0.051829268292682924
0 0.6038062283737025 0.46722560975609756 0.596885813148789 0.04573170731707317
0 0.6012110726643599 0.5167682926829268 0.5916955017301038 0.04878048780487805
0 0.6098615916955017 0.5655487804878049 0.615916955017301 0.04420731707317073
0 0.43944636678200694 0.6173780487804879 0.2820069204152249 0.0350609756097561
0 0.32525951557093424 0.7957317073170732 0.05190311418685121 0.01524390243902439
0 0.8676470588235294 0.8254573170731707 0.2508650519031142 0.04420731707317073