0 0.21180555555555555 0.17881944444444445 0.4131944444444444 0.09027777777777778
0 0.19444444444444445 0.2708333333333333 0.1840277777777778 0.08333333333333333
0 0.017361111111111112 0.3645833333333333 0.03125 0.024305555555555556
0 0.1388888888888889 0.3940972222222222 0.2743055555555556 0.027777777777777776
0 0.140625 0.4184027777777778 0.2777777777777778 0.020833333333333332
0 0.21354166666666666 0.4461805555555556 0.4236111111111111 0.027777777777777776
0 0.041666666666666664 0.6493055555555556 0.08333333333333333 0.027777777777777776
0 0.19618055555555555 0.6805555555555556 0.3923611111111111 0.034722222222222224
0 0.6527777777777778 0.052083333333333336 0.1909722222222222 0.027777777777777776
0 0.7847222222222222 0.0798611111111111 0.3784722222222222 0.03125
0 0.6840277777777778 0.10243055555555555 0.1701388888888889 0.034722222222222224
0 0.6822916666666666 0.3038194444444444 0.3159722222222222 0.03125
0 0.7465277777777778 0.3298611111111111 0.3715277777777778 0.03125
0 0.7743055555555556 0.3559027777777778 0.4305555555555556 0.03125
0 0.7638888888888888 0.5572916666666666 0.4166666666666667 0.034722222222222224
0 0.7934027777777778 0.5815972222222222 0.4097222222222222 0.034722222222222224
0 0.6770833333333334 0.6111111111111112 0.13194444444444445 0.024305555555555556
0 0.7934027777777778 0.6354166666666666 0.4097222222222222 0.03125
0 0.71875 0.8645833333333334 0.3402777777777778 0.03125