0 0.39473684210526316 0.05511811023622047 0.4368421052631579 0.06299212598425197
0 0.7736842105263158 0.03937007874015748 0.06842105263157895 0.023622047244094488
0 0.7763157894736842 0.05905511811023622 0.10526315789473684 0.027559055118110236
0 0.7789473684210526 0.07677165354330709 0.06315789473684211 0.01968503937007874
0 0.4710526315789474 0.11811023622047244 0.7578947368421053 0.05905511811023622
0 0.48947368421052634 0.15354330708661418 0.7894736842105263 0.07480314960629922
0 0.4631578947368421 0.18110236220472442 0.7421052631578947 0.07480314960629922
0 0.4236842105263158 0.2106299212598425 0.6684210526315789 0.06692913385826772
0 0.3736842105263158 0.23818897637795275 0.5789473684210527 0.06692913385826772
0 0.48947368421052634 0.2933070866141732 0.5736842105263158 0.06299212598425197
0 0.45263157894736844 0.32677165354330706 0.3631578947368421 0.05511811023622047
0 0.4789473684210526 0.3799212598425197 0.5631578947368421 0.06299212598425197
0 0.38421052631578945 0.40551181102362205 0.25263157894736843 0.03937007874015748
0 0.46842105263157896 0.4625984251968504 0.7736842105263158 0.06692913385826772
0 0.4263157894736842 0.4940944881889764 0.6842105263157895 0.06692913385826772
0 0.37894736842105264 0.5216535433070866 0.6 0.06299212598425197
0 0.46578947368421053 0.5846456692913385 0.5631578947368421 0.07086614173228346
0 0.4368421052631579 0.6122047244094488 0.3263157894736842 0.047244094488188976
0 0.46842105263157896 0.6673228346456693 0.5842105263157895 0.05905511811023622
0 0.45526315789473687 0.7263779527559056 0.7789473684210526 0.08267716535433071
0 0.4368421052631579 0.7559055118110236 0.7473684210526316 0.06692913385826772
0 0.42894736842105263 0.7854330708661418 0.7157894736842105 0.07874015748031496
0 0.2236842105263158 0.8169291338582677 0.3 0.04330708661417323
0 0.46842105263157896 0.8700787401574803 0.5631578947368421 0.07874015748031496
0 0.48947368421052634 0.9271653543307087 0.6157894736842106 0.07086614173228346