0 0.09674657534246575 0.08561643835616438 0.10102739726027397 0.04337899543378995
0 0.09674657534246575 0.11643835616438356 0.10616438356164383 0.03424657534246575
0 0.2833904109589041 0.06050228310502283 0.24315068493150685 0.04794520547945205
0 0.2808219178082192 0.10273972602739725 0.21404109589041095 0.0365296803652968
0 0.8433219178082192 0.03424657534246575 0.09931506849315068 0.03424657534246575
0 0.8416095890410958 0.0684931506849315 0.1952054794520548 0.05251141552511415
0 0.261986301369863 0.158675799086758 0.4297945205479452 0.06621004566210045
0 0.6549657534246576 0.1723744292237443 0.06335616438356165 0.04337899543378995
0 0.7337328767123288 0.1735159817351598 0.05821917808219178 0.045662100456621
0 0.877568493150685 0.17465753424657535 0.11815068493150685 0.0502283105022831
0 0.5136986301369864 0.21689497716894976 0.8373287671232876 0.1095890410958904
0 0.514554794520548 0.2682648401826484 0.9263698630136986 0.1324200913242009
0 0.5051369863013698 0.3219178082191781 0.898972602739726 0.1232876712328767
0 0.5102739726027398 0.3687214611872146 0.8938356164383562 0.12557077625570776
0 0.4922945205479452 0.4052511415525114 0.8732876712328768 0.1187214611872146
0 0.5351027397260274 0.4509132420091324 0.886986301369863 0.0958904109589041
0 0.4974315068493151 0.4931506849315068 0.9126712328767124 0.11643835616438356
0 0.5068493150684932 0.5547945205479452 0.8955479452054794 0.1324200913242009
0 0.5085616438356164 0.6015981735159818 0.8938356164383562 0.1278538812785388
0 0.5042808219178082 0.6449771689497716 0.9006849315068494 0.13013698630136986
0 0.336472602739726 0.6883561643835616 0.5616438356164384 0.11187214611872145
0 0.4041095890410959 0.7728310502283106 0.7226027397260274 0.12100456621004566
0 0.3638698630136986 0.8230593607305936 0.6472602739726028 0.1004566210045662
0 0.4854452054794521 0.8995433789954338 0.8116438356164384 0.1050228310502283