0 0.3901098901098901 0.029552715654952075 0.31043956043956045 0.05910543130990415
0 0.6153846153846154 0.06789137380191693 0.5947802197802198 0.08626198083067092
0 0.33653846153846156 0.11182108626198083 0.3159340659340659 0.07507987220447285
0 0.6243131868131868 0.15415335463258786 0.5631868131868132 0.08626198083067092
0 0.3358516483516483 0.2036741214057508 0.21016483516483517 0.0670926517571885
0 0.8056318681318682 0.1964856230031949 0.09203296703296704 0.025559105431309903
0 0.5885989010989011 0.5223642172523961 0.03571428571428571 0.02875399361022364
0 0.6614010989010989 0.5239616613418531 0.03708791208791209 0.023961661341853034
0 0.4381868131868132 0.603035143769968 0.5357142857142857 0.08146964856230032
0 0.41552197802197804 0.639776357827476 0.48626373626373626 0.05591054313099041
0 0.4848901098901099 0.689297124600639 0.6167582417582418 0.07507987220447285
0 0.4896978021978022 0.7340255591054313 0.6387362637362637 0.07348242811501597
0 0.4429945054945055 0.7739616613418531 0.3076923076923077 0.06230031948881789
0 0.17857142857142858 0.853035143769968 0.024725274725274724 0.023961661341853034
0 0.3385989010989011 0.8586261980830671 0.22939560439560439 0.07348242811501597
0 0.30975274725274726 0.9001597444089456 0.1662087912087912 0.05591054313099041
0 0.4429945054945055 0.902555910543131 0.03296703296703297 0.019169329073482427
0 0.625 0.8993610223642172 0.1813186813186813 0.052715654952076675
0 0.31112637362637363 0.9432907348242812 0.17857142857142858 0.06389776357827476
0 0.4642857142857143 0.9400958466453674 0.061813186813186816 0.03354632587859425
0 0.7527472527472527 0.9464856230031949 0.40934065934065933 0.08146964856230032
0 0.532967032967033 0.9736421725239617 0.6126373626373627 0.052715654952076675