0 0.08928571428571429 0.007309941520467836 0.1357142857142857 0.014619883040935672
0 0.5878571428571429 0.019736842105263157 0.6728571428571428 0.039473684210526314
0 0.4257142857142857 0.0489766081871345 0.32857142857142857 0.054093567251461985
0 0.29428571428571426 0.07675438596491228 0.07428571428571429 0.027777777777777776
0 0.4392857142857143 0.08552631578947369 0.03571428571428571 0.024853801169590642
0 0.48642857142857143 0.11842105263157894 0.03571428571428571 0.023391812865497075
0 0.395 0.15570175438596492 0.018571428571428572 0.021929824561403508
0 0.3964285714285714 0.11842105263157894 0.02142857142857143 0.017543859649122806
0 0.48428571428571426 0.08771929824561403 0.04285714285714286 0.02046783625730994
0 0.44 0.1162280701754386 0.02857142857142857 0.021929824561403508
0 0.7492857142857143 0.12719298245614036 0.37 0.05555555555555555
0 0.10071428571428571 0.2324561403508772 0.15285714285714286 0.04678362573099415
0 0.38857142857142857 0.23830409356725146 0.18571428571428572 0.049707602339181284
0 0.7035714285714286 0.2448830409356725 0.3157142857142857 0.054093567251461985
0 0.4157142857142857 0.2821637426900585 0.04285714285714286 0.03216374269005848
0 0.715 0.2902046783625731 0.30142857142857143 0.04239766081871345
0 0.6464285714285715 0.32383040935672514 0.48714285714285716 0.04824561403508772
0 0.07857142857142857 0.3508771929824561 0.10571428571428572 0.049707602339181284
0 0.5792857142857143 0.35599415204678364 0.5614285714285714 0.059941520467836254
0 0.5085714285714286 0.39985380116959063 0.22 0.05116959064327485
0 0.8107142857142857 0.41154970760233917 0.18714285714285714 0.04532163742690058
0 0.51 0.4451754385964912 0.35428571428571426 0.05701754385964912
0 0.825 0.4554093567251462 0.21 0.04824561403508772
0 0.6442857142857142 0.4919590643274854 0.38285714285714284 0.03654970760233918
0 0.815 0.483187134502924 0.09857142857142857 0.021929824561403508
0 0.12142857142857143 0.7192982456140351 0.11714285714285715 0.043859649122807015
0 0.12 0.7690058479532164 0.10285714285714286 0.04093567251461988
0 0.11785714285714285 0.8165204678362573 0.11857142857142858 0.04824561403508772
0 0.6221428571428571 0.7112573099415205 0.6414285714285715 0.059941520467836254
0 0.5307142857142857 0.7602339181286549 0.45571428571428574 0.05555555555555555
0 0.8435714285714285 0.7741228070175439 0.17 0.027777777777777776
0 0.7364285714285714 0.7902046783625731 0.4185714285714286 0.03654970760233918
0 0.64 0.8172514619883041 0.62 0.049707602339181284
0 0.5307142857142857 0.8530701754385965 0.18142857142857144 0.05116959064327485
0 0.6292857142857143 0.8874269005847953 0.6042857142857143 0.04678362573099415
0 0.75 0.9093567251461988 0.09714285714285714 0.02631578947368421
0 0.4907142857142857 0.9349415204678363 0.39285714285714285 0.05116959064327485
0 0.6414285714285715 0.9751461988304093 0.5628571428571428 0.049707602339181284