0 0.44781382228490835 0.15844027640671274 0.7538787023977433 0.11994076999012833
0 0.4844851904090268 0.22976307996051332 0.8279266572637518 0.12043435340572557
0 0.5084626234132581 0.31367226061204345 0.8751763046544428 0.11846001974333663
0 0.4908321579689704 0.3882033563672261 0.8399153737658674 0.12043435340572557
0 0.4978843441466855 0.4575518262586377 0.8681241184767278 0.13129318854886476
0 0.3511988716502116 0.5273938795656465 0.45698166431593795 0.10957551826258638
0 0.4633286318758815 0.6159921026653504 0.7637517630465445 0.12931885488647582
0 0.4806064880112835 0.7077986179664363 0.7983074753173484 0.1554787759131293
0 0.4534555712270804 0.7855380059230009 0.7454160789844851 0.11846001974333663
0 0.4781382228490832 0.8699407699901284 0.8138222849083215 0.12142152023692004
0 0.6410437235543018 0.9136229022704837 0.7179125528913963 0.09180651530108588