0 0.3661616161616162 0.02894736842105263 0.1111111111111111 0.05789473684210526
0 0.3611111111111111 0.07368421052631578 0.11742424242424243 0.06140350877192982
0 0.577020202020202 0.035964912280701755 0.14393939393939395 0.04912280701754386
0 0.6268939393939394 0.08947368421052632 0.22474747474747475 0.06666666666666667
0 0.6376262626262627 0.1324561403508772 0.30303030303030304 0.07543859649122807
0 0.6906565656565656 0.18596491228070175 0.380050505050505 0.08421052631578947
0 0.1534090909090909 0.19736842105263158 0.036616161616161616 0.05263157894736842
0 0.18181818181818182 0.3078947368421053 0.11742424242424243 0.07017543859649122
0 0.19381313131313133 0.4 0.15404040404040403 0.0824561403508772
0 0.13257575757575757 0.5850877192982457 0.030303030303030304 0.03859649122807018
0 0.13131313131313133 0.6824561403508772 0.03282828282828283 0.05263157894736842
0 0.1407828282828283 0.8263157894736842 0.08207070707070707 0.054385964912280704
0 0.6066919191919192 0.22719298245614036 0.5164141414141414 0.07719298245614035
0 0.6256313131313131 0.2710526315789474 0.5227272727272727 0.06842105263157895
0 0.3832070707070707 0.30964912280701756 0.08333333333333333 0.06140350877192982
0 0.6546717171717171 0.3298245614035088 0.34595959595959597 0.07894736842105263
0 0.3888888888888889 0.3508771929824561 0.09343434343434344 0.05087719298245614
0 0.6679292929292929 0.36929824561403507 0.33964646464646464 0.05789473684210526
0 0.5467171717171717 0.41842105263157897 0.44696969696969696 0.08947368421052632
0 0.5940656565656566 0.5149122807017544 0.601010101010101 0.10350877192982456
0 0.547979797979798 0.6035087719298246 0.48863636363636365 0.08596491228070176
0 0.5498737373737373 0.6578947368421053 0.4936868686868687 0.08947368421052632
0 0.45896464646464646 0.6991228070175438 0.29292929292929293 0.06842105263157895
0 0.6041666666666666 0.75 0.5997474747474747 0.0824561403508772
0 0.3453282828282828 0.7885964912280702 0.09595959595959595 0.06315789473684211
0 0.37373737373737376 0.8412280701754385 0.14015151515151514 0.06315789473684211
0 0.5448232323232324 0.8596491228070176 0.09848484848484848 0.11228070175438597
0 0.7689393939393939 0.8464912280701754 0.24116161616161616 0.07192982456140351
0 0.8484848484848485 0.9052631578947369 0.05176767676767677 0.05964912280701754
0 0.8118686868686869 0.9043859649122807 0.07702020202020202 0.03333333333333333