0 0.3183818770226537 0.13965 0.06975728155339805 0.031200000000000002
0 0.45169902912621357 0.1499 0.07750809061488673 0.035699999999999996
0 0.5622168284789644 0.146775 0.0816990291262136 0.03945
0 0.6740129449838188 0.145275 0.07553398058252427 0.02245
0 0.206084142394822 0.1764 0.1364401294498382 0.0327
0 0.5033009708737864 0.216525 0.44284789644012945 0.044937500000000005
0 0.505242718446602 0.25553750000000003 0.7444498381877023 0.046925
0 0.48210355987055015 0.2940375 0.7726051779935276 0.049925
0 0.23082524271844662 0.32978749999999996 0.2733171521035599 0.04341249999999999
0 0.20042071197411004 0.3968 0.12187702265372168 0.0334
0 0.31788025889967636 0.7665875 0.35032362459546923 0.044825
0 0.38923948220064725 0.7993375 0.4638996763754045 0.034312499999999996
0 0.4711165048543689 0.9096 0.025728155339805825 0.0187875