0 0.4582463465553236 0.04453125 0.7954070981210856 0.0515625
0 0.5020876826722338 0.08359375 0.8872651356993737 0.0578125
0 0.4498956158663883 0.12421875 0.7828810020876826 0.0609375
0 0.5146137787056367 0.21875 0.791231732776618 0.05625
0 0.5010438413361169 0.26640625 0.24217118997912318 0.0640625
0 0.4102296450939457 0.30234375 0.6075156576200418 0.0859375
0 0.2536534446764092 0.36796875 0.27348643006263046 0.0640625
0 0.35490605427974947 0.41640625 0.5093945720250522 0.0578125
0 0.5417536534446764 0.4640625 0.8455114822546973 0.05625
0 0.9613778705636743 0.4390625 0.006263048016701462 0.00625
0 0.48329853862212946 0.51640625 0.8622129436325678 0.0640625
0 0.4196242171189979 0.56875 0.6179540709812108 0.06875
0 0.4519832985386221 0.61953125 0.6826722338204593 0.0578125
0 0.55741127348643 0.66640625 0.8643006263048016 0.0671875
0 0.35803757828810023 0.7265625 0.6200417536534447 0.06875
0 0.2974947807933194 0.77734375 0.453027139874739 0.0609375
0 0.511482254697286 0.828125 0.7974947807933194 0.075
0 0.5177453027139874 0.88515625 0.2546972860125261 0.0671875
0 0.4906054279749478 0.93203125 0.46764091858037576 0.0546875