0 0.19746376811594202 0.04919137466307277 0.02717391304347826 0.016172506738544475
0 0.20108695652173914 0.0646900269541779 0.03985507246376811 0.016172506738544475
0 0.3007246376811594 0.0977088948787062 0.2391304347826087 0.03773584905660377
0 0.41847826086956524 0.16172506738544473 0.5036231884057971 0.0431266846361186
0 0.5045289855072463 0.19002695417789758 0.6847826086956522 0.03908355795148248
0 0.5271739130434783 0.2210242587601078 0.7318840579710145 0.03099730458221024
0 0.4601449275362319 0.24932614555256064 0.592391304347826 0.03638814016172507
0 0.32155797101449274 0.27695417789757415 0.32608695652173914 0.03099730458221024
0 0.490036231884058 0.3086253369272237 0.6376811594202898 0.03638814016172507
0 0.4003623188405797 0.3389487870619946 0.46557971014492755 0.029649595687331536
0 0.5344202898550725 0.3692722371967655 0.730072463768116 0.03369272237196765
0 0.4003623188405797 0.396900269541779 0.48007246376811596 0.03369272237196765
0 0.46557971014492755 0.45619946091644203 0.6068840579710145 0.03773584905660377
0 0.23007246376811594 0.4797843665768194 0.12681159420289856 0.02830188679245283
0 0.5480072463768116 0.4865229110512129 0.39311594202898553 0.029649595687331536
0 0.6259057971014492 0.5195417789757413 0.5362318840579711 0.03908355795148248
0 0.47644927536231885 0.545822102425876 0.2246376811594203 0.029649595687331536
0 0.21920289855072464 0.568733153638814 0.14130434782608695 0.02830188679245283
0 0.634963768115942 0.5741239892183289 0.5471014492753623 0.03638814016172507
0 0.41847826086956524 0.6024258760107817 0.16847826086956522 0.03369272237196765
0 0.5362318840579711 0.637466307277628 0.7807971014492754 0.04043126684636118
0 0.4601449275362319 0.6650943396226415 0.6431159420289855 0.0444743935309973
0 0.5516304347826086 0.7297843665768194 0.7210144927536232 0.05660377358490566
0 0.5 0.7567385444743935 0.7590579710144928 0.05660377358490566
0 0.5090579710144928 0.7911051212938005 0.782608695652174 0.0660377358490566
0 0.23641304347826086 0.8126684636118598 0.2391304347826087 0.03504043126684636
0 0.49094202898550726 0.8544474393530997 0.4311594202898551 0.04986522911051213
0 0.5733695652173914 0.889487870619946 0.6847826086956522 0.05660377358490566
0 0.5144927536231884 0.9225067385444744 0.6666666666666666 0.05929919137466307
0 0.3695652173913043 0.956199460916442 0.5217391304347826 0.05660377358490566