0 0.5717821782178217 0.01112565445026178 0.05247524752475247 0.02225130890052356
0 0.6445544554455446 0.03599476439790576 0.04455445544554455 0.01963350785340314
0 0.24554455445544554 0.09162303664921466 0.100990099009901 0.034031413612565446
0 0.3811881188118812 0.061518324607329845 0.040594059405940595 0.020942408376963352
0 0.5113861386138614 0.06217277486910995 0.14257425742574256 0.03664921465968586
0 0.3787128712871287 0.09489528795811518 0.020792079207920793 0.028795811518324606
0 0.5118811881188119 0.09882198952879581 0.13861386138613863 0.04319371727748691
0 0.38762376237623763 0.12892670157068062 0.03861386138613861 0.024869109947643978
0 0.5108910891089109 0.13612565445026178 0.1306930693069307 0.03926701570680628
0 0.3900990099009901 0.16753926701570682 0.03564356435643564 0.03795811518324607
0 0.5688118811881188 0.17342931937172776 0.2514851485148515 0.04319371727748691
0 0.24554455445544554 0.19829842931937172 0.10495049504950495 0.04057591623036649
0 0.24752475247524752 0.22905759162303665 0.100990099009901 0.032722513089005235
0 0.25594059405940595 0.2663612565445026 0.11683168316831684 0.04319371727748691
0 0.2400990099009901 0.29908376963350786 0.061386138613861385 0.04057591623036649
0 0.26881188118811883 0.3599476439790576 0.1198019801980198 0.049738219895287955
0 0.6440594059405941 0.23821989528795812 0.28415841584158413 0.03926701570680628
0 0.42475247524752474 0.2643979057591623 0.09702970297029703 0.03664921465968586
0 0.6282178217821782 0.27225130890052357 0.24653465346534653 0.031413612565445025
0 0.5425742574257426 0.3056282722513089 0.4287128712871287 0.049738219895287955
0 0.37475247524752475 0.33638743455497383 0.07920792079207921 0.041884816753926704
0 0.7039603960396039 0.3723821989528796 0.061386138613861385 0.01963350785340314
0 0.2400990099009901 0.5962041884816754 0.07722772277227723 0.031413612565445025
0 0.6410891089108911 0.6223821989528796 0.18415841584158416 0.031413612565445025
0 0.21089108910891088 0.6701570680628273 0.07227722772277227 0.041884816753926704
0 0.3920792079207921 0.6780104712041884 0.16435643564356436 0.04057591623036649
0 0.5861386138613861 0.6832460732984293 0.1198019801980198 0.049738219895287955
0 0.6336633663366337 0.7120418848167539 0.06633663366336634 0.028795811518324606
0 0.38762376237623763 0.7473821989528796 0.14653465346534653 0.041884816753926704
0 0.6400990099009901 0.7486910994764397 0.07425742574257425 0.041884816753926704
0 0.601980198019802 0.7794502617801047 0.011881188118811881 0.01963350785340314
0 0.3915841584158416 0.8167539267015707 0.15445544554455445 0.041884816753926704
0 0.6153465346534653 0.8167539267015707 0.04455445544554455 0.032722513089005235
0 0.6331683168316832 0.8520942408376964 0.062376237623762376 0.04319371727748691
0 0.21485148514851485 0.9096858638743456 0.10594059405940594 0.032722513089005235
0 0.2212871287128713 0.9417539267015707 0.062376237623762376 0.030104712041884817
0 0.5133663366336634 0.9201570680628273 0.401980198019802 0.04319371727748691
0 0.33564356435643566 0.9509162303664922 0.041584158415841586 0.03795811518324607
0 0.5767326732673267 0.956151832460733 0.3673267326732673 0.04319371727748691
0 0.4267326732673267 0.9842931937172775 0.047524752475247525 0.031413612565445025