0 0.46325648414985593 0.10119047619047619 0.38904899135446686 0.06277056277056277
0 0.24855907780979827 0.21915584415584416 0.2622478386167147 0.05735930735930736
0 0.32780979827089335 0.27813852813852813 0.4048991354466859 0.05411255411255411
0 0.4373198847262248 0.34145021645021645 0.6282420749279539 0.06601731601731602
0 0.19596541786743515 0.4145021645021645 0.12536023054755044 0.05627705627705628
0 0.25144092219020175 0.47673160173160173 0.21469740634005763 0.05844155844155844
0 0.4329971181556196 0.5281385281385281 0.5893371757925072 0.07251082251082251
0 0.5597982708933718 0.5898268398268398 0.8804034582132565 0.10173160173160173
0 0.4474063400576369 0.6471861471861472 0.6455331412103746 0.08658008658008658
0 0.3515850144092219 0.7083333333333334 0.44668587896253603 0.07467532467532467
0 0.33429394812680113 0.7721861471861472 0.4092219020172911 0.06493506493506493
0 0.18155619596541786 0.8300865800865801 0.11959654178674352 0.050865800865800864
0 0.20028818443804033 0.8896103896103896 0.2017291066282421 0.048701298701298704