0 0.45927927927927925 0.09186440677966101 0.7807807807807807 0.0811864406779661
0 0.48576576576576574 0.16663438256658594 0.7348648648648649 0.08544794188861986
0 0.4954954954954955 0.230726392251816 0.7366066066066066 0.07406779661016949
0 0.4804804804804805 0.2969733656174334 0.7065765765765766 0.0811864406779661
0 0.5131531531531531 0.3617675544794189 0.7507507507507507 0.07975786924939467
0 0.5166966966966967 0.4187409200968523 0.7754954954954956 0.0626634382566586
0 0.5502702702702703 0.4863922518159806 0.8461261261261261 0.08404358353510896
0 0.5511411411411411 0.5576029055690073 0.8726426426426426 0.08687651331719129
0 0.7401501501501502 0.6174334140435835 0.4769369369369369 0.07832929782082325
0 0.5343543543543543 0.6779661016949152 0.9026726726726726 0.07121065375302664
0 0.4981381381381381 0.747046004842615 0.8231831831831832 0.08687651331719129
0 0.5096396396396397 0.8168280871670702 0.8920720720720721 0.09542372881355932
0 0.438978978978979 0.8937530266343826 0.779009009009009 0.092590799031477