0 0.512987012987013 0.08681672025723473 0.9074675324675324 0.10128617363344052
0 0.4991883116883117 0.16881028938906753 0.8928571428571429 0.08842443729903537
0 0.4586038961038961 0.2459807073954984 0.8165584415584416 0.08842443729903537
0 0.4991883116883117 0.34163987138263663 0.9172077922077922 0.09485530546623794
0 0.5202922077922078 0.4212218649517685 0.9594155844155844 0.09646302250803858
0 0.4943181818181818 0.5160771704180064 0.9172077922077922 0.08681672025723473
0 0.48133116883116883 0.594855305466238 0.8928571428571429 0.08681672025723473
0 0.48944805194805197 0.6897106109324759 0.9123376623376623 0.09967845659163987
0 0.4935064935064935 0.7813504823151125 0.9237012987012987 0.09646302250803858
0 0.4991883116883117 0.8633440514469454 0.9772727272727273 0.09485530546623794
0 0.45454545454545453 0.9493569131832797 0.8863636363636364 0.10128617363344052