0 0.5972291666666667 0.04320833333333333 0.7314791666666667 0.08641666666666666
0 0.5563333333333333 0.12345833333333332 0.7160416666666667 0.12345833333333332
0 0.5733125 0.19058333333333335 0.7623541666666667 0.09720833333333333
0 0.5594166666666667 0.25925 0.6975208333333334 0.0895
0 0.5540208333333333 0.3333333333333333 0.7283958333333334 0.0895
0 0.5543958333333333 0.40125 0.7029375000000001 0.07716666666666666
0 0.5571041666666667 0.4799583333333333 0.7361041666666667 0.10183333333333335
0 0.5760000000000001 0.5578749999999999 0.7569374999999999 0.09720833333333333
0 0.5246875 0.6273333333333333 0.700625 0.10958333333333334
0 0.5486041666666667 0.7122083333333333 0.74075 0.11883333333333333
0 0.41820833333333335 0.7777916666666667 0.4922916666666667 0.12345833333333332
0 0.5482291666666667 0.8595833333333334 0.6813333333333333 0.12345833333333332
0 0.4266875 0.9212916666666667 0.46604166666666663 0.09258333333333332
0 0.5543958333333333 0.9714583333333333 0.6875 0.04783333333333333