0 0.2631964809384164 0.015261627906976744 0.23900293255131966 0.02616279069767442
0 0.8379765395894428 0.006540697674418605 0.10703812316715543 0.01308139534883721
0 0.5190615835777126 0.07340116279069768 0.7478005865102639 0.0377906976744186
0 0.5190615835777126 0.09084302325581395 0.7463343108504399 0.0436046511627907
0 0.5205278592375366 0.11409883720930232 0.7434017595307918 0.040697674418604654
0 0.41275659824046923 0.13517441860465115 0.533724340175953 0.036337209302325583
0 0.5381231671554252 0.22965116279069767 0.8137829912023461 0.06395348837209303
0 0.532991202346041 0.30450581395348836 0.7947214076246334 0.06831395348837209
0 0.532258064516129 0.3757267441860465 0.7741935483870968 0.05813953488372093
0 0.5183284457478006 0.45203488372093026 0.7551319648093842 0.05813953488372093
0 0.5227272727272727 0.5210755813953488 0.7609970674486803 0.0625
0 0.5652492668621701 0.596656976744186 0.8475073313782991 0.06686046511627906
0 0.533724340175953 0.6751453488372093 0.7580645161290323 0.061046511627906974
0 0.5593841642228738 0.747093023255814 0.8152492668621701 0.06395348837209303