0 0.38173652694610777 0.06822810590631365 0.688622754491018 0.05702647657841141
0 0.4535928143712575 0.12016293279022404 0.811377245508982 0.07128309572301425
0 0.26122754491017963 0.1659877800407332 0.43263473053892215 0.06720977596741344
0 0.13697604790419163 0.20213849287169042 0.19011976047904192 0.045824847250509164
0 0.5142215568862275 0.26425661914460286 0.6811377245508982 0.062118126272912425
0 0.4820359281437126 0.3085539714867617 0.8802395209580839 0.06924643584521385
0 0.48278443113772457 0.3564154786150713 0.8907185628742516 0.07128309572301425
0 0.2949101796407186 0.40274949083503053 0.5029940119760479 0.06822810590631365
0 0.49326347305389223 0.4964358452138493 0.20209580838323354 0.05804480651731161
0 0.4805389221556886 0.539714867617108 0.18862275449101795 0.06517311608961303
0 0.4723053892215569 0.5891038696537678 0.7440119760479041 0.06415478615071284
0 0.19910179640718562 0.6293279022403259 0.31736526946107785 0.04480651731160896
0 0.4842814371257485 0.6838085539714868 0.8817365269461078 0.06008146639511202
0 0.4880239520958084 0.7291242362525459 0.9011976047904192 0.059063136456211814
0 0.45209580838323354 0.7780040733197556 0.8083832335329342 0.06720977596741344
0 0.4655688622754491 0.8228105906313645 0.8532934131736527 0.07128309572301425
0 0.22604790419161677 0.8711812627291242 0.36826347305389223 0.06415478615071284
0 0.4752994011976048 0.9154786150712831 0.8667664670658682 0.06720977596741344
0 0.47979041916167664 0.960285132382892 0.8667664670658682 0.06109979633401222