0 0.0653857142857143 0.10476190476190476 0.020885714285714285 0.03956190476190476
0 0.1033 0.10622857142857144 0.024171428571428573 0.0336952380952381
0 0.13735714285714287 0.10257142857142858 0.024171428571428573 0.03516190476190476
0 0.2835142857142857 0.07325714285714285 0.23735714285714288 0.03222857142857143
0 0.10274285714285715 0.13260952380952382 0.10220000000000001 0.02198095238095238
0 0.27967142857142857 0.11428571428571428 0.20768571428571428 0.01758095238095238
0 0.4093428571428572 0.05714285714285714 0.5967 0.0673904761904762
0 0.8258285714285715 0.02198095238095238 0.09779999999999998 0.023447619047619047
0 0.8274714285714286 0.05274285714285715 0.1912142857142857 0.04102857142857143
0 0.6005428571428572 0.1663047619047619 0.7549428571428572 0.08643809523809524
0 0.17747142857142859 0.23003809523809524 0.06922857142857143 0.04396190476190476
0 0.5747285714285715 0.27325714285714287 0.6593428571428571 0.06594285714285714
0 0.6126428571428572 0.3326095238095238 0.6560428571428571 0.06447619047619048
0 0.5505428571428571 0.4014666666666667 0.8461571428571428 0.09083809523809523
0 0.5544 0.4608 0.8516428571428571 0.09523809523809523
0 0.5664857142857144 0.5230857142857143 0.8318714285714285 0.0879047619047619
0 0.5368142857142857 0.5765523809523809 0.8318714285714285 0.09523809523809523
0 0.5428571428571428 0.6373714285714286 0.8527428571428571 0.08499047619047619
0 0.5461571428571429 0.7011047619047619 0.8703285714285715 0.08937142857142857
0 0.5230714285714285 0.7582476190476191 0.8329714285714286 0.08937142857142857
0 0.5291142857142858 0.8095238095238095 0.8406571428571429 0.0805904761904762
0 0.5142857142857142 0.8542095238095238 0.7802142857142856 0.058609523809523806