0 0.008060000000000001 0.22643333333333335 0.01582 0.05433333333333334
0 0.02206 0.8294333333333334 0.01982 0.04833333333333333
0 0.48666000000000004 0.23376666666666665 0.8593999999999999 0.09033333333333333
0 0.25636000000000003 0.3552333333333333 0.39080000000000004 0.07936666666666667
0 0.29668 0.4624666666666667 0.45864 0.15296666666666667
0 0.27092 0.5568666666666666 0.40392 0.1028
0 0.28716 0.6686000000000001 0.43160000000000004 0.10863333333333335
0 0.53808 0.8553 0.92384 0.09793333333333333
0 0.52058 0.974 0.31926 0.052
0 0.7877799999999999 0.9774666666666667 0.13044 0.045066666666666665
0 0.18253999999999998 0.9854666666666666 0.15834 0.029066666666666668