0 0.2994011976047904 0.04113418530351438 0.14870259481037923 0.05990415335463259
0 0.4940119760479042 0.08626198083067092 0.9111776447105788 0.08306709265175719
0 0.5069860279441117 0.13578274760383385 0.9471057884231537 0.08706070287539937
0 0.12674650698602793 0.1896964856230032 0.1407185628742515 0.051118210862619806
0 0.5104790419161677 0.23722044728434505 0.9500998003992016 0.09185303514376997
0 0.2060878243512974 0.3003194888178914 0.3023952095808383 0.06309904153354633
0 0.3597804391217565 0.3446485623003195 0.6596806387225549 0.07507987220447285
0 0.22105788423153694 0.3953674121405751 0.22055888223552894 0.04472843450479233
0 0.3507984031936128 0.43410543130990414 0.6377245508982036 0.06469648562300319
0 0.45209580838323354 0.4904153354632588 0.6576846307385229 0.05830670926517572
0 0.37524950099800397 0.5431309904153354 0.6776447105788423 0.0670926517571885
0 0.5169660678642715 0.5930511182108626 0.8592814371257484 0.06789137380191693
0 0.3148702594810379 0.6513578274760383 0.5439121756487026 0.06789137380191693
0 0.25798403193612773 0.7000798722044729 0.36826347305389223 0.05910543130990415
0 0.3687624750499002 0.7440095846645367 0.591816367265469 0.07028753993610223
0 0.43862275449101795 0.8019169329073482 0.7255489021956087 0.05990415335463259
0 0.24301397205588823 0.8502396166134185 0.4001996007984032 0.05670926517571885
0 0.2754491017964072 0.9065495207667732 0.4101796407185629 0.05511182108626198
0 0.7749500998003992 0.8949680511182109 0.4161676646706587 0.06789137380191693
0 0.44510978043912175 0.9624600638977636 0.719560878243513 0.06469648562300319