0 0.3136656441717791 0.06097199341021416 0.06289877300613497 0.03316309719934102
0 0.4153527607361963 0.07326194398682043 0.06335889570552147 0.04153212520593081
0 0.5207055214723927 0.06691927512355848 0.07349693251533743 0.049143327841845136
0 0.6555521472392638 0.06540362438220758 0.10013803680981596 0.03189456342668863
0 0.4976993865030675 0.12268533772652389 0.12894171779141103 0.04912685337726524
0 0.5001533742331289 0.2302965403624382 0.5751226993865031 0.10004942339373969
0 0.4381134969325153 0.3487973640856672 0.2575460122699386 0.05313014827018122
0 0.4621779141104294 0.4050741350906095 0.3056748466257669 0.05210873146622735
0 0.4486196319018405 0.4618451400329489 0.276180981595092 0.05006589785831961
0 0.4425920245398773 0.5173640856672158 0.26179447852760734 0.0556342668863262
0 0.48400306748466254 0.6286326194398681 0.3469631901840491 0.05105436573311367
0 0.47185582822085886 0.6843986820428336 0.3203067484662577 0.051037891268533774
0 0.43539877300613494 0.7434596375617792 0.24975460122699386 0.049505766062602964
0 0.4515644171779141 0.7980889621087315 0.2797239263803681 0.04924217462932455