0 0.49365234375 0.08056640625 0.53076171875 0.04443359375
0 0.25830078125 0.1357421875 0.16748046875 0.02783203125
0 0.22509765625 0.17431640625 0.10302734375 0.0400390625
0 0.22607421875 0.26025390625 0.1025390625 0.04248046875
0 0.24267578125 0.40087890625 0.13623046875 0.02880859375
0 0.43798828125 0.4443359375 0.26611328125 0.048828125
0 0.4306640625 0.48681640625 0.24609375 0.0478515625
0 0.42724609375 0.52880859375 0.240234375 0.04833984375
0 0.451171875 0.57275390625 0.28662109375 0.0576171875
0 0.5732421875 0.61474609375 0.18212890625 0.0263671875
0 0.79736328125 0.98193359375 0.0185546875 0.0234375