0 0.46947194719471946 0.013227513227513227 0.5957095709570958 0.026455026455026454
0 0.4793729372937294 0.041005291005291 0.6402640264026402 0.07804232804232804
0 0.45544554455445546 0.09523809523809523 0.38283828382838286 0.08068783068783068
0 0.41914191419141916 0.15211640211640212 0.5066006600660066 0.08068783068783068
0 0.5429042904290429 0.20304232804232805 0.8910891089108911 0.09788359788359788
0 0.5082508250825083 0.25727513227513227 0.9422442244224423 0.09656084656084656
0 0.5173267326732673 0.30952380952380953 0.9504950495049505 0.09391534391534391
0 0.5206270627062707 0.36177248677248675 0.9488448844884488 0.09259259259259259
0 0.5206270627062707 0.419973544973545 0.9554455445544554 0.10052910052910052
0 0.523102310231023 0.4689153439153439 0.9521452145214522 0.09259259259259259
0 0.5181518151815182 0.5171957671957672 0.9356435643564357 0.08994708994708994
0 0.5041254125412541 0.5806878306878307 0.8993399339933993 0.08994708994708994
0 0.528052805280528 0.6355820105820106 0.9438943894389439 0.10449735449735449
0 0.5181518151815182 0.6937830687830688 0.9207920792079208 0.0992063492063492
0 0.5305280528052805 0.7374338624338624 0.9389438943894389 0.08862433862433862
0 0.5321782178217822 0.8002645502645502 0.9356435643564357 0.09523809523809523
0 0.5148514851485149 0.8604497354497355 0.8927392739273927 0.09656084656084656
0 0.5354785478547854 0.9146825396825397 0.929042904290429 0.09656084656084656
0 0.17574257425742573 0.9761904761904762 0.20957095709570958 0.047619047619047616
0 0.636963696369637 0.9900793650793651 0.30363036303630364 0.01984126984126984