0 0.5431782945736433 0.1457948717948718 0.6234883720930233 0.19194871794871796
0 0.5686434108527132 0.24174358974358975 0.28019379844961245 0.0937948717948718
0 0.4523643410852713 0.30841025641025643 0.8493798449612403 0.2007179487179487
0 0.5287984496124031 0.3838974358974359 0.7585658914728682 0.07328205128205127
0 0.5182558139534884 0.432974358974359 0.7463953488372093 0.08056410256410257
0 0.5298837209302326 0.4725128205128205 0.743062015503876 0.07471794871794872
0 0.5370930232558139 0.5194358974358975 0.7353100775193798 0.07764102564102564
0 0.5387596899224806 0.5648205128205128 0.7386434108527131 0.07179487179487179
0 0.5205038759689922 0.6102564102564103 0.7043023255813954 0.07471794871794872
0 0.5249224806201551 0.6564102564102564 0.7131782945736435 0.07328205128205127
0 0.542093023255814 0.7010769230769232 0.7630232558139536 0.07471794871794872
0 0.5708914728682171 0.7538461538461538 0.813953488372093 0.10697435897435897