0 0.18292682926829268 0.10900783289817233 0.3501742160278746 0.06005221932114883
0 0.036585365853658534 0.13903394255874674 0.05574912891986063 0.03524804177545692
0 0.17334494773519163 0.16971279373368145 0.3327526132404181 0.044386422976501305
0 0.676829268292683 0.12075718015665797 0.44773519163763065 0.05352480417754569
0 0.6872822299651568 0.1618798955613577 0.1672473867595819 0.04699738903394256
0 0.5557491289198606 0.18864229765013055 0.28397212543554007 0.048302872062663184
0 0.85801393728223 0.20757180156657964 0.21080139372822299 0.048302872062663184
0 0.24390243902439024 0.23433420365535249 0.08188153310104529 0.03263707571801567
0 0.6611498257839721 0.2519582245430809 0.31010452961672474 0.0391644908616188
0 0.2073170731707317 0.31070496083550914 0.17073170731707318 0.09399477806788512
0 0.6515679442508711 0.3218015665796345 0.5435540069686411 0.06788511749347259
0 0.5217770034843205 0.4464751958224543 0.9163763066202091 0.0731070496083551
0 0.2029616724738676 0.48629242819843344 0.29094076655052264 0.04960835509138381
0 0.41289198606271776 0.5391644908616188 0.1602787456445993 0.04699738903394256
0 0.5583623693379791 0.5926892950391645 0.8815331010452961 0.0835509138381201
0 0.5156794425087108 0.6449086161879896 0.9407665505226481 0.0835509138381201
0 0.5165505226480837 0.6997389033942559 0.9564459930313589 0.09138381201044386
0 0.5139372822299652 0.75 0.9616724738675958 0.08746736292428199
0 0.5060975609756098 0.8028720626631853 0.9494773519163763 0.08093994778067885
0 0.5078397212543554 0.856396866840731 0.9686411149825784 0.09138381201044386
0 0.27961672473867594 0.9157963446475196 0.5348432055749129 0.08224543080939947