0 0.5204186046511629 0.06485355648535565 0.889922480620155 0.06554393305439331
0 0.4930232558139535 0.13667364016736402 0.8496124031007752 0.07531380753138076
0 0.5250697674418605 0.21407949790794978 0.9136899224806202 0.08228033472803346
0 0.5188682170542636 0.28173640167364017 0.926093023255814 0.07531380753138076
0 0.3266201550387597 0.3486820083682008 0.5457364341085271 0.07253138075313807
0 0.5111162790697674 0.4393305439330544 0.9126666666666666 0.08926778242677824
0 0.3426356589147287 0.5076778242677824 0.5777829457364342 0.09763598326359833
0 0.5173178294573644 0.5906485355648535 0.9436744186046511 0.09901673640167363
0 0.3085271317829457 0.645041841004184 0.5322945736434108 0.08786610878661087
0 0.7932868217054264 0.7656903765690377 0.3813953488372093 0.08646443514644352
0 0.7602015503875968 0.8535564853556485 0.20155038759689922 0.06694560669456066
0 0.7793333333333333 0.9191004184100418 0.10336434108527132 0.06694560669456066
0 0.7865581395348837 0.9728033472803347 0.20671317829457367 0.05439330543933055