0 0.19781931464174454 0.07256894049346879 0.2523364485981308 0.02902757619738752
0 0.8084112149532711 0.06894049346879536 0.11214953271028037 0.027576197387518143
0 0.4696261682242991 0.13570391872278664 0.7928348909657321 0.02467343976777939
0 0.4727414330218069 0.1574746008708273 0.7959501557632399 0.02467343976777939
0 0.471183800623053 0.17706821480406387 0.7928348909657321 0.023222060957910014
0 0.470404984423676 0.19666182873730043 0.794392523364486 0.018867924528301886
0 0.2507788161993769 0.22060957910014514 0.35514018691588783 0.020319303338171262
0 0.5015576323987538 0.3062409288824383 0.8535825545171339 0.040638606676342524
0 0.4898753894080997 0.3795355587808418 0.8177570093457944 0.03918722786647315
0 0.4742990654205608 0.4521044992743106 0.7928348909657321 0.047895500725689405
0 0.4462616822429907 0.5283018867924528 0.7492211838006231 0.04644412191582003
0 0.4968847352024922 0.602322206095791 0.8660436137071651 0.04354136429608128
0 0.49221183800623053 0.6705370101596516 0.8535825545171339 0.04354136429608128
0 0.5155763239875389 0.7467343976777939 0.8909657320872274 0.0420899854862119
0 0.471183800623053 0.8243831640058055 0.8084112149532711 0.04354136429608128
0 0.47741433021806856 0.8969521044992743 0.8052959501557633 0.040638606676342524