0 0.5456142668428005 0.04858571428571428 0.5359313077939234 0.035814285714285715
0 0.14262879788639365 0.12378571428571429 0.1238441215323646 0.038657142857142855
0 0.567107001321004 0.12444285714285715 0.5621003963011889 0.03995714285714286
0 0.7276750330250991 0.0973 0.07383091149273448 0.04342857142857143
0 0.1686789960369881 0.16352857142857144 0.1255217965653897 0.04747142857142857
0 0.11705416116248349 0.2025 0.027067371202113603 0.03188571428571429
0 0.13109643328929987 0.24094285714285713 0.10079260237780713 0.03811428571428571
0 0.45627476882430645 0.166 0.3188243064729194 0.050328571428571424
0 0.3347556142668428 0.19860000000000003 0.09500660501981506 0.034485714285714286
0 0.6680977542932629 0.20977142857142858 0.4734742404227213 0.058899999999999994
0 0.7865125495376486 0.27537142857142854 0.08101717305151915 0.02381428571428572
0 0.7324702774108323 0.5253857142857142 0.24675033025099075 0.03545714285714286
0 0.24397622192866578 0.5556571428571428 0.2977146631439894 0.050257142857142854
0 0.23137384412153236 0.5926714285714286 0.07315719947159842 0.030757142857142858
0 0.33980184940554825 0.6373428571428571 0.25400264200792605 0.0453
0 0.29356671070013207 0.6671 0.16393659180977543 0.040357142857142855
0 0.1306208718626156 0.7060571428571428 0.08830911492734478 0.03515714285714286
0 0.312668428005284 0.7102142857142857 0.2045310435931308 0.04762857142857144
0 0.5531968295904888 0.6994285714285715 0.17879788639365918 0.040614285714285714
0 0.1335006605019815 0.7486571428571428 0.09598414795244385 0.04345714285714286
0 0.4264993394980185 0.7468428571428571 0.42258916776750327 0.05228571428571429
0 0.7494187582562747 0.7280142857142857 0.09568031704095113 0.05618571428571428
0 0.309775429326288 0.7869714285714285 0.18915455746367238 0.047342857142857145
0 0.7059445178335535 0.7780142857142858 0.11922060766182299 0.0419
0 0.3925099075297226 0.8239857142857142 0.36182298546895636 0.04864285714285714
0 0.1335006605019815 0.8607428571428571 0.09598414795244385 0.03485714285714286
0 0.12616908850726552 0.9020571428571429 0.10295904887714663 0.05095714285714286
0 0.31398943196829593 0.8660714285714286 0.1903566710700132 0.04758571428571429
0 0.34568031704095115 0.8949142857142858 0.25375165125495375 0.03667142857142858
0 0.28877146631439893 0.9389428571428571 0.14472919418758257 0.04991428571428571
0 0.8319154557463673 0.8533428571428572 0.08054161162483488 0.04707142857142858