0 0.45391061452513964 0.19888475836431227 0.7388268156424581 0.11895910780669144
0 0.4979050279329609 0.23977695167286245 0.8477653631284916 0.11152416356877323
0 0.42946927374301674 0.2899628252788104 0.7150837988826816 0.10594795539033457
0 0.20810055865921787 0.34386617100371747 0.29748603351955305 0.06319702602230483
0 0.3393854748603352 0.38661710037174724 0.5712290502793296 0.0762081784386617
0 0.5048882681564246 0.42657992565055763 0.9106145251396648 0.10780669144981413
0 0.49231843575418993 0.4767657992565056 0.909217877094972 0.10037174721189591
0 0.236731843575419 0.5408921933085502 0.3575418994413408 0.048327137546468404
0 0.5048882681564246 0.578996282527881 0.8966480446927374 0.09293680297397769
0 0.17248603351955308 0.6431226765799256 0.21368715083798884 0.048327137546468404
0 0.36731843575418993 0.6905204460966543 0.6494413407821229 0.0724907063197026
0 0.4657821229050279 0.7453531598513011 0.8868715083798883 0.07992565055762081