0 0.7233388842631141 0.03646492434662999 0.15575353871773523 0.026643741403026135
0 0.3651623646960866 0.09493810178817055 0.11549542048293089 0.05552957359009628
0 0.6283347210657785 0.09411279229711142 0.3803996669442132 0.05167812929848693
0 0.4943796835970025 0.1300137551581843 0.10082431307243964 0.03763411279229711
0 0.6044379683597002 0.16701513067400275 0.32427976686094917 0.043397524071526826
0 0.6470691090757702 0.20430536451169187 0.4028726061615321 0.054126547455295736
0 0.47805995004163193 0.24419532324621734 0.06153205661948377 0.04585969738651995
0 0.48047460449625307 0.27707015130674006 0.044712739383846796 0.0433837689133425
0 0.6813738551207328 0.2734938101788171 0.29163197335553703 0.040632737276478675
0 0.6870358034970857 0.3513617606602476 0.3096169858451291 0.04887207702888583
0 0.5864612822647793 0.3907015130674003 0.11513738551207327 0.052709766162310864
0 0.4545795170691091 0.4483356258596974 0.01791007493755204 0.033713892709766165
0 0.5042048293089092 0.4545392022008253 0.0305578684429642 0.024085281980742782
0 0.5069525395503747 0.4925034387895461 0.027726894254787676 0.02517193947730399
0 0.5957868442964196 0.4594910591471802 0.10714404662781016 0.0471939477303989
0 0.5473355537052457 0.4929160935350757 0.01356369691923397 0.021595598349381018
0 0.7015237302248126 0.450949105914718 0.028867610324729395 0.03674002751031637
0 0.7892006661115737 0.457152682255846 0.06266444629475437 0.03811554332874828
0 0.7133472106577852 0.490302613480055 0.03586178184845962 0.029573590096286108
0 0.7740466278101582 0.48562585969738653 0.015703580349708576 0.022420907840440166
0 0.7101831806827643 0.5253782668500687 0.02620316402997502 0.03370013755158184
0 0.776128226477935 0.5259284731774416 0.0182014987510408 0.021595598349381018
0 0.7317485428809326 0.5579779917469051 0.05766860949208993 0.0262585969738652
0 0.5179433805162365 0.5999449793672628 0.10298917568692756 0.04414030261348006
0 0.5168609492089925 0.6366712517193948 0.015903413821815156 0.02294360385144429
0 0.6072772689425479 0.6322696011004126 0.10014987510407994 0.03174690508940853
0 0.5174437968359701 0.6703713892709766 0.018734388009991675 0.024319119669876203
0 0.6429891756869276 0.7065474552957358 0.38971690258118236 0.05924346629986245
0 0.35983347210657785 0.7123246217331499 0.12482098251457119 0.042187070151306745
0 0.3591673605328893 0.7471389270976616 0.11016652789342216 0.04136176066024759
0 0.3527560366361366 0.7890921595598349 0.09234804329725228 0.04822558459422284
0 0.64007493755204 0.7782255845942229 0.3888842631140716 0.050701513067400276
0 0.6948626144879267 0.813576341127923 0.18206494587843464 0.0487757909215956
0 0.6374937552039966 0.8811279229711142 0.38871773522064945 0.053988995873452544
0 0.565895087427144 0.9442640990371389 0.09898417985012489 0.09001375515818431