0 0.4483695652173913 0.21889492753623188 0.7178396739130435 0.09963768115942029
0 0.4919565217391304 0.2573913043478261 0.8231385869565218 0.08907608695652174
0 0.42629076086956524 0.3079710144927536 0.6940625 0.08755434782608695
0 0.21116847826086954 0.3653442028985507 0.28872282608695654 0.05434782608695652
0 0.33967391304347827 0.4038405797101449 0.5547961956521739 0.06190217391304348
0 0.5010190217391305 0.43931159420289856 0.8842798913043479 0.08454710144927537
0 0.48970108695652176 0.4883695652173913 0.8842798913043479 0.0769927536231884
0 0.2417391304347826 0.5570652173913043 0.3475951086956522 0.0392572463768116
0 0.5027173913043478 0.5880072463768116 0.8718342391304347 0.07096014492753623
0 0.18059782608695651 0.6582065217391304 0.20720108695652173 0.042264492753623185
0 0.37081521739130435 0.6997282608695652 0.6306657608695653 0.055851449275362314
0 0.4670516304347826 0.7503079710144928 0.8616440217391304 0.0573731884057971