0 0.49413145539906106 0.05677966101694915 0.9131455399061033 0.059322033898305086
0 0.318075117370892 0.1016949152542373 0.3685446009389671 0.04915254237288136
0 0.4495305164319249 0.1711864406779661 0.5093896713615024 0.0576271186440678
0 0.29577464788732394 0.2635593220338983 0.5046948356807511 0.061016949152542375
0 0.3755868544600939 0.33305084745762714 0.33098591549295775 0.05084745762711865
0 0.2136150234741784 0.42203389830508475 0.3286384976525822 0.06271186440677966
0 0.5504694835680751 0.488135593220339 0.5938967136150235 0.06779661016949153
0 0.534037558685446 0.5474576271186441 0.4835680751173709 0.06271186440677966
0 0.06572769953051644 0.5686440677966101 0.03990610328638498 0.03220338983050847
0 0.5176056338028169 0.614406779661017 0.92018779342723 0.06949152542372881
0 0.528169014084507 0.6940677966101695 0.5093896713615024 0.08135593220338982
0 0.22065727699530516 0.7889830508474577 0.3145539906103286 0.0711864406779661
0 0.5551643192488263 0.8322033898305085 0.6150234741784038 0.08983050847457627
0 0.5446009389671361 0.9152542372881356 0.6220657276995305 0.05593220338983051
0 0.9448356807511737 0.8491525423728814 0.08450704225352113 0.0576271186440678