0 0.29154302670623145 0.06111111111111111 0.5237388724035609 0.11333333333333333
0 0.3642433234421365 0.15777777777777777 0.5281899109792285 0.10888888888888888
0 0.5333827893175074 0.28555555555555556 0.7566765578635015 0.1811111111111111
0 0.39985163204747776 0.4811111111111111 0.516320474777448 0.06111111111111111
0 0.46513353115727 0.5094444444444445 0.8234421364985163 0.06333333333333334
0 0.41839762611275966 0.5488888888888889 0.5504451038575667 0.051111111111111114
0 0.44510385756676557 0.5861111111111111 0.7744807121661721 0.056666666666666664
0 0.4710682492581602 0.6266666666666667 0.6394658753709199 0.06111111111111111
0 0.4072700296735905 0.6627777777777778 0.7091988130563798 0.05555555555555555
0 0.44287833827893175 0.6905555555555556 0.5875370919881305 0.04777777777777778
0 0.3827893175074184 0.7216666666666667 0.655786350148368 0.04777777777777778
0 0.4169139465875371 0.7561111111111111 0.5415430267062314 0.04666666666666667
0 0.45178041543026703 0.7916666666666666 0.7744807121661721 0.05444444444444444
0 0.41543026706231456 0.8183333333333334 0.5385756676557863 0.04666666666666667
0 0.4206231454005935 0.8527777777777777 0.7255192878338279 0.058888888888888886
0 0.4413946587537092 0.8811111111111111 0.10534124629080119 0.03777777777777778
0 0.43991097922848665 0.9155555555555556 0.5801186943620178 0.052222222222222225
0 0.47774480712166173 0.9477777777777778 0.8189910979228486 0.056666666666666664
0 0.4132047477744807 0.9766666666666667 0.5237388724035609 0.04666666666666667
0 0.45845697329376855 0.9911111111111112 0.7774480712166172 0.017777777777777778