0 0.47435215946843856 0.12315068493150685 0.6829069767441861 0.15220423412204234
0 0.4429734219269103 0.25459526774595265 0.47619601328903655 0.044283935242839356
0 0.4531229235880398 0.29057285180572856 0.5887707641196013 0.038742216687422164
0 0.43373754152823923 0.3293150684931507 0.4724916943521595 0.038742216687422164
0 0.5094186046511628 0.371519302615193 0.7825747508305648 0.05396014943960149
0 0.5214119601328904 0.408879202988792 0.673687707641196 0.051195516811955166
0 0.5103322259136213 0.45108343711083443 0.7438205980066445 0.05257783312577833
0 0.4189700996677741 0.48706102117061023 0.48725913621262457 0.038742216687422164
0 0.478953488372093 0.5271855541718555 0.7438205980066445 0.055342465753424656
0 0.4199003322259136 0.5735491905354919 0.5186378737541528 0.051195516811955166
0 0.44481727574750823 0.6115940224159402 0.671827242524917 0.055342465753424656
0 0.3848338870431893 0.6503362391033625 0.4669601328903655 0.04704856787048568
0 0.4069767441860465 0.6925404732254048 0.6367607973421927 0.051195516811955166
0 0.43004983388704315 0.7319800747198008 0.5610963455149501 0.049813200498132
0 0.4632724252491694 0.7797135740971357 0.7530398671096346 0.05673723536737236
0 0.37375415282392027 0.8226151930261518 0.4521926910299004 0.051195516811955166
0 0.38574750830564786 0.8648069738480698 0.6201495016611296 0.05257783312577833