0 0.0569091796875 0.024676258992805757 0.08703125 0.03594424460431655
0 0.2463427734375 0.09251798561151078 0.42013671875 0.06471223021582734
0 0.725595703125 0.0935431654676259 0.421337890625 0.07293165467625899
0 0.2156494140625 0.18695143884892085 0.37103515625 0.05826438848920864
0 0.742197265625 0.17962230215827338 0.4405859375 0.07035071942446043
0 0.4464404296875 0.3660521582733813 0.8200634765625 0.09574640287769784
0 0.180361328125 0.46408273381294957 0.2697607421875 0.08210431654676259
0 0.4159619140625 0.6294424460431656 0.7493359375 0.10854316546762591
0 0.4698095703125 0.7243884892086331 0.751005859375 0.10107014388489209
0 0.6821435546875 0.8082913669064749 0.3665185546875 0.09
0 0.6891162109375 0.8939838129496404 0.369306640625 0.09075539568345324