0 0.5585 0.058659793814432995 0.12030769230769231 0.044948453608247424
0 0.2933846153846154 0.09927835051546392 0.09899999999999999 0.044948453608247424
0 0.4410769230769231 0.14587628865979382 0.31096153846153846 0.0438659793814433
0 0.47342307692307695 0.19304123711340207 0.37888461538461543 0.05046391752577319
0 0.4656153846153846 0.23304123711340208 0.45988461538461534 0.049329896907216494
0 0.4521153846153846 0.26103092783505155 0.43126923076923074 0.04170103092783505
0 0.46276923076923077 0.2939175257731959 0.4574615384615385 0.05046391752577319
0 0.4553846153846154 0.3224226804123711 0.44434615384615384 0.04608247422680412
0 0.4480384615384615 0.3514948453608247 0.4263461538461538 0.044948453608247424
0 0.4558076923076923 0.3827835051546392 0.44026923076923075 0.04170103092783505
0 0.45376923076923076 0.4129381443298969 0.43288461538461537 0.044948453608247424
0 0.45457692307692305 0.44525773195876284 0.4476153846153846 0.04824742268041237
0 0.45988461538461534 0.4705154639175258 0.4566153846153846 0.03948453608247423
0 0.4476153846153846 0.505618556701031 0.42715384615384616 0.04608247422680412
0 0.44884615384615384 0.5329896907216495 0.4230769230769231 0.0438659793814433
0 0.46153846153846156 0.5653608247422681 0.45334615384615384 0.049329896907216494
0 0.4623461538461538 0.5971649484536082 0.45334615384615384 0.047164948453608246
0 0.4828076923076923 0.6410309278350516 0.3862692307692308 0.053762886597938146
0 0.455 0.6750515463917526 0.4418846153846154 0.044948453608247424
0 0.44476923076923075 0.7024742268041237 0.4148846153846154 0.047164948453608246
0 0.4566153846153846 0.7391752577319588 0.4435384615384615 0.05922680412371134
0 0.34696153846153843 0.7682474226804124 0.23076923076923078 0.044948453608247424
0 0.4333076923076923 0.8077319587628865 0.3003461538461539 0.06907216494845361
0 0.47011538461538466 0.871340206185567 0.1955769230769231 0.06469072164948454
0 0.5785769230769231 0.9355154639175258 0.04092307692307692 0.01752577319587629