0 0.4146884272997033 0.06973684210526315 0.32344213649851633 0.1368421052631579
0 0.9332344213649851 0.019736842105263157 0.06824925816023739 0.039473684210526314
0 0.9584569732937686 0.039473684210526314 0.050445103857566766 0.031578947368421054
0 0.4873887240356083 0.2236842105263158 0.7863501483679525 0.16578947368421051
0 0.44510385756676557 0.3131578947368421 0.7700296735905044 0.1736842105263158
0 0.5148367952522255 0.3736842105263158 0.8916913946587537 0.16052631578947368
0 0.5311572700296736 0.4473684210526316 0.9258160237388724 0.16578947368421051
0 0.5237388724035609 0.5381578947368421 0.9213649851632048 0.1763157894736842
0 0.3850148367952522 0.6276315789473684 0.6320474777448071 0.15
0 0.5541543026706232 0.6986842105263158 0.755192878338279 0.1631578947368421
0 0.5155786350148368 0.7947368421052632 0.9124629080118695 0.1736842105263158
0 0.163946587537092 0.8986842105263158 0.18694362017804153 0.07631578947368421
0 0.8137982195845698 0.9013157894736842 0.36795252225519287 0.10526315789473684