0 0.3519061583577713 0.07142857142857142 0.2375366568914956 0.06263736263736264
0 0.7785923753665689 0.024725274725274724 0.06744868035190615 0.03736263736263736
0 0.7917888563049853 0.03956043956043956 0.0967741935483871 0.04945054945054945
0 0.7991202346041055 0.056043956043956046 0.0469208211143695 0.03076923076923077
0 0.44574780058651026 0.10494505494505495 0.8401759530791789 0.05824175824175824
0 0.4398826979472141 0.1423076923076923 0.8357771260997068 0.06373626373626373
0 0.15395894428152493 0.18186813186813186 0.24926686217008798 0.04395604395604396
0 0.20234604105571846 0.2076923076923077 0.08944281524926687 0.026373626373626374
0 0.37976539589442815 0.2 0.09824046920821114 0.027472527472527472
0 0.5718475073313783 0.19395604395604396 0.10850439882697947 0.031868131868131866
0 0.19501466275659823 0.24010989010989012 0.0689149560117302 0.02197802197802198
0 0.3724340175953079 0.23351648351648352 0.08064516129032258 0.025274725274725275
0 0.5696480938416423 0.22582417582417583 0.093841642228739 0.031868131868131866
0 0.4626099706744868 0.2675824175824176 0.843108504398827 0.06483516483516484
0 0.4640762463343108 0.2978021978021978 0.8548387096774194 0.06483516483516484
0 0.38929618768328444 0.33076923076923076 0.6950146627565983 0.05824175824175824
0 0.23533724340175954 0.3648351648351648 0.13049853372434017 0.02857142857142857
0 0.4560117302052786 0.3587912087912088 0.19501466275659823 0.027472527472527472
0 0.7030791788856305 0.35 0.1906158357771261 0.027472527472527472
0 0.48167155425219943 0.41923076923076924 0.8093841642228738 0.05824175824175824
0 0.45821114369501464 0.4543956043956044 0.8181818181818182 0.06373626373626373
0 0.10777126099706745 0.4950549450549451 0.1158357771260997 0.031868131868131866
0 0.4714076246334311 0.5510989010989011 0.8343108504398827 0.06923076923076923
0 0.16129032258064516 0.589010989010989 0.21407624633431085 0.03076923076923077
0 0.2404692082111437 0.6153846153846154 0.06304985337243402 0.027472527472527472
0 0.4574780058651026 0.6104395604395605 0.08651026392961877 0.04065934065934066
0 0.6451612903225806 0.6071428571428571 0.06598240469208211 0.03626373626373627
0 0.23093841642228738 0.6576923076923077 0.04252199413489736 0.031868131868131866
0 0.46480938416422285 0.6478021978021978 0.093841642228739 0.03406593406593406
0 0.656891495601173 0.6346153846153846 0.0718475073313783 0.026373626373626374
0 0.2529325513196481 0.682967032967033 0.08504398826979472 0.02197802197802198
0 0.49780058651026393 0.6714285714285714 0.16422287390029325 0.031868131868131866
0 0.6774193548387096 0.6648351648351648 0.10703812316715543 0.02857142857142857
0 0.2368035190615836 0.7131868131868132 0.0469208211143695 0.02197802197802198
0 0.48167155425219943 0.7038461538461539 0.12903225806451613 0.02967032967032967
0 0.6862170087976539 0.6961538461538461 0.11730205278592376 0.02857142857142857
0 0.24853372434017595 0.7461538461538462 0.06598240469208211 0.020879120879120878
0 0.4780058651026393 0.7417582417582418 0.11143695014662756 0.038461538461538464
0 0.6715542521994134 0.7318681318681318 0.0747800586510264 0.03626373626373627
0 0.23533724340175954 0.7774725274725275 0.04838709677419355 0.025274725274725275
0 0.46847507331378296 0.7725274725274726 0.08944281524926687 0.03956043956043956
0 0.6796187683284457 0.7692307692307693 0.08651026392961877 0.041758241758241756
0 0.5087976539589443 0.8346153846153846 0.843108504398827 0.06923076923076923
0 0.4406158357771261 0.871978021978022 0.7214076246334311 0.06043956043956044
0 0.3152492668621701 0.9098901098901099 0.44574780058651026 0.051648351648351645