0 0.5145833333333333 0.09688346883468835 0.825 0.03929539295392954
0 0.140625 0.061653116531165314 0.04583333333333333 0.013550135501355014
0 0.29270833333333335 0.06910569105691057 0.0375 0.013550135501355014
0 0.534375 0.12262872628726287 0.8333333333333334 0.04200542005420054
0 0.5427083333333333 0.1443089430894309 0.8416666666666667 0.037940379403794036
0 0.5385416666666667 0.1673441734417344 0.84375 0.03929539295392954
0 0.528125 0.1910569105691057 0.8291666666666667 0.037940379403794036
0 0.3885416666666667 0.21544715447154472 0.5520833333333334 0.03929539295392954
0 0.5385416666666667 0.241869918699187 0.8395833333333333 0.04742547425474255
0 0.5395833333333333 0.26558265582655827 0.8479166666666667 0.04336043360433604
0 0.3302083333333333 0.29132791327913277 0.4375 0.03929539295392954
0 0.5385416666666667 0.31639566395663954 0.8666666666666667 0.051490514905149054
0 0.534375 0.3421409214092141 0.86875 0.04878048780487805
0 0.2552083333333333 0.36653116531165314 0.3020833333333333 0.036585365853658534
0 0.8635416666666667 0.9911924119241192 0.11041666666666666 0.017615176151761516