0 0.5911764705882353 0.007953063885267274 0.020387984981226532 0.01590612777053455
0 0.5976720901126408 0.033780964797913954 0.03340425531914894 0.02161668839634941
0 0.3935419274092616 0.07328552803129075 0.7139924906132666 0.05471968709256845
0 0.4060575719649562 0.11006518904823989 0.7289987484355445 0.048983050847457625
0 0.14938673341677097 0.17434159061277704 0.18312891113892366 0.05861799217731421
0 0.07868585732165206 0.21698826597131682 0.03421777221526909 0.033311603650586705
0 0.22310387984981225 0.2108604954367666 0.15784730913642053 0.03774445893089961
0 0.44360450563204007 0.28491525423728814 0.6138673341677097 0.046075619295958284
0 0.25 0.3665449804432855 0.39436795994993745 0.04448500651890482
0 0.42070087609511886 0.40239895697522815 0.7057196495619524 0.04318122555410691
0 0.16728410513141426 0.44516297262059973 0.23143929912390487 0.04108213820078227
0 0.25963704630788487 0.47659713168187745 0.3711013767209011 0.0329986962190352
0 0.4008010012515645 0.5108865710560626 0.6534167709637047 0.04524119947848762
0 0.34986232790988736 0.583767926988266 0.5390362953692115 0.0533116036505867
0 0.4121902377972465 0.6599217731421122 0.6786983729662077 0.057470664928292045
0 0.12260325406758447 0.7065971316818775 0.1546057571964956 0.042333767926988265
0 0.43083854818523154 0.7686701434159062 0.683441802252816 0.06422425032594524
0 0.08294117647058823 0.8145632333767927 0.05774718397997497 0.035006518904823994
0 0.3528660826032541 0.8830247718383312 0.5951063829787234 0.057157757496740555
0 0.39566958698372967 0.923181225554107 0.6656821026282853 0.07071707953063885
0 0.3571214017521902 0.9591655801825293 0.5785857321652065 0.06131681877444589
0 0.3169837296620776 0.9864406779661017 0.3302503128911139 0.02711864406779661