0 0.5438741721854304 0.03459821428571429 0.9122516556291391 0.06919642857142858
0 0.5339403973509934 0.09151785714285714 0.9089403973509934 0.12276785714285714
0 0.5380794701986755 0.17299107142857142 0.9238410596026491 0.13169642857142858
0 0.5306291390728477 0.24330357142857142 0.9387417218543046 0.125
0 0.35016556291390727 0.3091517857142857 0.5844370860927153 0.10491071428571429
0 0.5281456953642384 0.41183035714285715 0.9437086092715232 0.140625
0 0.36341059602649006 0.4799107142857143 0.6192052980132451 0.13392857142857142
0 0.5206953642384106 0.5736607142857143 0.956953642384106 0.14955357142857142
0 0.3228476821192053 0.6238839285714286 0.5711920529801324 0.12053571428571429
0 0.8129139072847682 0.7745535714285714 0.36258278145695366 0.109375
0 0.7988410596026491 0.8694196428571429 0.21688741721854304 0.08258928571428571
0 0.8178807947019867 0.9397321428571429 0.11258278145695365 0.07589285714285714
0 0.8228476821192053 0.9810267857142857 0.22185430463576158 0.03794642857142857