0 0.4448324022346369 0.2184014869888476 0.7402234636871509 0.13568773234200743
0 0.48812849162011174 0.25929368029739774 0.8477653631284916 0.13011152416356878
0 0.4196927374301676 0.30855018587360594 0.7150837988826816 0.12267657992565056
0 0.19692737430167598 0.35687732342007433 0.29748603351955305 0.0687732342007435
0 0.32821229050279327 0.4024163568773234 0.5712290502793296 0.08921933085501858
0 0.49231843575418993 0.44702602230483274 0.9106145251396648 0.12825278810408922
0 0.4797486033519553 0.4962825278810409 0.9106145251396648 0.120817843866171
0 0.22346368715083798 0.5548327137546468 0.3575418994413408 0.05762081784386617
0 0.49022346368715086 0.5994423791821561 0.8980446927374302 0.11524163568773234
0 0.15782122905027932 0.6561338289962825 0.21368715083798884 0.05390334572490706
0 0.35195530726256985 0.7072490706319703 0.6494413407821229 0.08736059479553904
0 0.44972067039106145 0.7639405204460966 0.8868715083798883 0.10037174721189591