0 0.28621776504297997 0.022741477272727274 0.23328080229226364 0.024772727272727276
0 0.8479226361031519 0.019389204545454546 0.10375358166189112 0.026321022727272728
0 0.5346848137535817 0.08524147727272727 0.7302148997134671 0.023721590909090907
0 0.5341690544412607 0.10164772727272728 0.7291833810888253 0.02965909090909091
0 0.5354727793696274 0.12450284090909092 0.7265759312320916 0.027840909090909093
0 0.42998567335243554 0.14336647727272728 0.5208166189111747 0.02629261363636364
0 0.5508309455587392 0.2381534090909091 0.7937679083094555 0.04848011363636364
0 0.5443266475644699 0.31073863636363636 0.7755444126074499 0.053125
0 0.5419770773638969 0.3802130681818182 0.7552292263610315 0.04329545454545455
0 0.5273925501432665 0.4548579545454546 0.7364756446991403 0.043792613636363636
0 0.530515759312321 0.5222727272727273 0.7427220630372492 0.04842329545454546
0 0.5703724928366762 0.5970454545454545 0.8276361031518625 0.05125
0 0.5382091690544413 0.6731107954545454 0.7398567335243552 0.046321022727272725
0 0.5622922636103153 0.7438920454545456 0.7958595988538681 0.049417613636363635