0 0.4014808652246256 0.04067103109656301 0.32820299500831945 0.03168576104746317
0 0.3349251247920133 0.10122749590834697 0.19509151414309484 0.05450081833060556
0 0.3038768718801997 0.18101472995090015 0.13299500831946756 0.05039279869067103
0 0.37540765391014974 0.2601309328968903 0.2760732113144759 0.05584288052373158
0 0.31524126455906826 0.3363829787234043 0.16126455906821963 0.06427168576104747
0 0.2859900166389351 0.4291325695581015 0.09998336106489185 0.04243862520458265
0 0.3213477537437604 0.5169721767594108 0.1623793677204659 0.04132569558101473
0 0.34657237936772045 0.6033224222585925 0.21838602329450915 0.10050736497545007
0 0.3542096505823627 0.712847790507365 0.24750415973377704 0.04237315875613748
0 0.4024459234608985 0.7927823240589198 0.3329118136439268 0.051636661211129295
0 0.4829950083194675 0.8851227495908346 0.49123128119800336 0.06607201309328968
0 0.35613976705490846 0.9669721767594108 0.24584026622296173 0.04423895253682488