0 0.06106 0.02014354066985646 0.09051999999999999 0.04028708133971292
0 0.05948 0.06547846889952154 0.08316 0.04784688995215311
0 0.09473999999999999 0.11899521531100479 0.15158000000000002 0.05413875598086124
0 0.75578 0.06358851674641149 0.26736 0.04911483253588517
0 0.6063200000000001 0.12779904306220097 0.29052 0.05918660287081339
0 0.63052 0.17437799043062202 0.23158 0.04406698564593302
0 0.23893999999999999 0.2411244019138756 0.05894 0.03650717703349282
0 0.62736 0.24679425837320573 0.23158 0.035263157894736843
0 0.23684 0.3361961722488038 0.05684 0.0780622009569378
0 0.64316 0.32423444976076554 0.41474 0.1044976076555024
0 0.54474 0.3689234449760766 0.24316 0.07303827751196172
0 0.5389400000000001 0.4992344497607656 0.08842 0.039043062200956935
0 0.5478999999999999 0.5829665071770335 0.75474 0.06043062200956938
0 0.53684 0.6276794258373206 0.7789400000000001 0.06169856459330143
0 0.18947999999999998 0.6685885167464115 0.08632 0.04028708133971292
0 0.46368 0.7088995215311005 0.10842 0.04533492822966507
0 0.55526 0.7561004784688995 0.72948 0.05918660287081339
0 0.53052 0.8008133971291866 0.77264 0.06547846889952154
0 0.17421999999999999 0.8461244019138756 0.0579 0.052894736842105265