0 0.8131399317406144 0.023952095808383235 0.2781569965870307 0.04790419161676647
0 0.4803754266211604 0.020958083832335328 0.03754266211604096 0.041916167664670656
0 0.21416382252559726 0.11526946107784432 0.30887372013651876 0.1347305389221557
0 0.28242320819112626 0.25748502994011974 0.4453924914675768 0.10479041916167664
0 0.3609215017064846 0.3383233532934132 0.5836177474402731 0.11976047904191617
0 0.29266211604095566 0.4086826347305389 0.13651877133105803 0.0748502994011976
0 0.514505119453925 0.5089820359281437 0.8532423208191127 0.17964071856287425
0 0.1825938566552901 0.6796407185628742 0.18088737201365188 0.1317365269461078
0 0.3728668941979522 0.6616766467065869 0.027303754266211604 0.05389221556886228
0 0.5494880546075085 0.7455089820359282 0.37372013651877134 0.1497005988023952
0 0.4667235494880546 0.8263473053892215 0.17918088737201365 0.10479041916167664
0 0.4667235494880546 0.9236526946107785 0.18088737201365188 0.1317365269461078