0 0.4831081081081081 0.1120253164556962 0.6976351351351351 0.16329113924050634
0 0.44763513513513514 0.24556962025316456 0.4847972972972973 0.05189873417721519
0 0.4577702702702703 0.28227848101265823 0.5996621621621622 0.04683544303797468
0 0.43665540540540543 0.32151898734177214 0.4814189189189189 0.04556962025316456
0 0.512668918918919 0.3651898734177215 0.7972972972972973 0.06582278481012659
0 0.5236486486486487 0.4031645569620253 0.6858108108108109 0.060759493670886074
0 0.5118243243243243 0.4462025316455696 0.7567567567567568 0.06329113924050633
0 0.41807432432432434 0.4816455696202532 0.4966216216216216 0.04556962025316456
0 0.4780405405405405 0.5227848101265823 0.7567567567567568 0.06582278481012659
0 0.4172297297297297 0.5689873417721519 0.5287162162162162 0.05949367088607595
0 0.44172297297297297 0.6082278481012658 0.6841216216216216 0.06455696202531645
0 0.37922297297297297 0.6468354430379747 0.47635135135135137 0.05443037974683544
0 0.40118243243243246 0.689873417721519 0.6486486486486487 0.060759493670886074
0 0.4231418918918919 0.730379746835443 0.5709459459459459 0.05822784810126582
0 0.4560810810810811 0.779113924050633 0.7668918918918919 0.0670886075949367
0 0.3640202702702703 0.8215189873417722 0.46114864864864863 0.05822784810126582
0 0.375 0.8645569620253165 0.6317567567567568 0.0620253164556962