0 0.1970554926387316 0.11083984375 0.25028312570781425 0.04443359375
0 0.10419026047565119 0.173828125 0.06342015855039637 0.03759765625
0 0.23499433748584372 0.14013671875 0.08607021517553794 0.0380859375
0 0.1526047565118913 0.154052734375 0.03680634201585504 0.025390625
0 0.23556058890147225 0.17236328125 0.19082672706681766 0.0517578125
0 0.11976217440543602 0.213134765625 0.079841449603624 0.0322265625
0 0.1599660249150623 0.241943359375 0.15685164212910532 0.03369140625
0 0.4583805209513024 0.0654296875 0.7508493771234428 0.0849609375
0 0.5257644394110985 0.1826171875 0.4733861834654587 0.0771484375
0 0.5532276330690826 0.246337890625 0.7491506228765572 0.07421875
0 0.5441676104190261 0.307861328125 0.5050962627406569 0.05908203125
0 0.5532276330690826 0.365478515625 0.7236693091732729 0.09521484375
0 0.5959796149490374 0.482421875 0.5866364665911665 0.080078125
0 0.5495469988674971 0.536865234375 0.731030577576444 0.09130859375
0 0.5614382785956965 0.6005859375 0.5345413363533409 0.07080078125
0 0.5605889014722537 0.662109375 0.7661381653454133 0.083984375
0 0.5911664779161948 0.777587890625 0.5622876557191393 0.07666015625
0 0.5475651189127972 0.835693359375 0.7140430351075878 0.06982421875
0 0.551528878822197 0.897705078125 0.5362400906002265 0.06982421875
0 0.5373725934314836 0.9560546875 0.6806342015855039 0.087890625