0 0.4855889145496536 0.06578333333333333 0.8993995381062355 0.05868333333333334
0 0.3125866050808314 0.10963333333333333 0.3615242494226328 0.0479
0 0.44226327944572746 0.17798333333333335 0.5000692840646651 0.057383333333333335
0 0.2909006928406466 0.26926666666666665 0.4958198614318707 0.059416666666666666
0 0.36976905311778296 0.3371 0.32669745958429564 0.0494
0 0.2097228637413395 0.42491666666666666 0.3228175519630485 0.06091666666666666
0 0.5417321016166282 0.49018333333333336 0.585311778290993 0.06628333333333333
0 0.5257505773672055 0.54865 0.4751963048498845 0.06218333333333334
0 0.06443418013856812 0.5691666666666667 0.039307159353348727 0.0314
0 0.5097459584295612 0.6139166666666667 0.9050808314087759 0.06755
0 0.519515011547344 0.69265 0.501824480369515 0.07933333333333334
0 0.21755196304849886 0.7861166666666667 0.31002309468822176 0.0693
0 0.5461662817551963 0.8281666666666666 0.6048729792147807 0.08776666666666666
0 0.5355196304849884 0.9095833333333333 0.6119630484988453 0.05568333333333333
0 0.9297228637413395 0.8447166666666667 0.08219399538106237 0.05725