0 0.2680571428571428 0.04159362549800796 0.11259999999999999 0.02695219123505976
0 0.2680571428571428 0.06503984063745019 0.2571428571428571 0.024601593625498006
0 0.09242857142857143 0.14705179282868525 0.08068571428571428 0.024601593625498006
0 0.3966285714285714 0.1505776892430279 0.08402857142857142 0.0199203187250996
0 0.1193142857142857 0.18866533864541832 0.1310857142857143 0.025776892430278885
0 0.4218571428571429 0.19159362549800799 0.13445714285714286 0.022270916334661352
0 0.5 0.9649601593625499 0.03194285714285714 0.01756972111553785
0 0.14202857142857142 0.23258964143426294 0.17645714285714284 0.02695219123505976
0 0.4462285714285715 0.23318725099601595 0.17982857142857142 0.025776892430278885
0 0.42519999999999997 0.2759561752988048 0.14117142857142856 0.022270916334661352
0 0.4218571428571429 0.3187250996015936 0.13445714285714286 0.02342629482071713
0 0.4033714285714286 0.3597410358565737 0.09748571428571427 0.02342629482071713
0 0.43865714285714286 0.40191235059760955 0.16805714285714285 0.021095617529880477
0 0.4226857142857143 0.4458565737051793 0.14285714285714285 0.024601593625498006
0 0.4193142857142857 0.4945019920318725 0.13277142857142857 0.035159362549800795
0 0.4008285714285714 0.5267131474103586 0.09242857142857143 0.029302788844621515
0 0.4226857142857143 0.5776892430278885 0.13277142857142857 0.035159362549800795
0 0.4184857142857143 0.6099203187250997 0.12100000000000001 0.03163346613545817
0 0.42354285714285717 0.6544422310756972 0.13445714285714286 0.04101593625498008
0 0.4336 0.7001394422310757 0.15462857142857142 0.05037848605577689
0 0.4109142857142857 0.7470119521912351 0.11259999999999999 0.04101593625498008
0 0.4109142857142857 0.7850996015936255 0.10925714285714286 0.04687250996015936
0 0.46554285714285715 0.8290438247011952 0.21177142857142858 0.05272908366533864
0 0.12017142857142858 0.2759561752988048 0.1294 0.024601593625498006
0 0.1168 0.3193027888446215 0.1294 0.0199203187250996
0 0.1016857142857143 0.35739043824701194 0.09917142857142858 0.025776892430278885
0 0.1352857142857143 0.40191235059760955 0.1664 0.025776892430278885
0 0.12354285714285715 0.4441035856573705 0.14285714285714285 0.025776892430278885
0 0.11765714285714286 0.49155378486055773 0.12774285714285716 0.03633466135458167
0 0.10251428571428572 0.5261354581673306 0.09074285714285715 0.028127490039840636
0 0.11848571428571428 0.5765139442231076 0.1294 0.032808764940239044
0 0.11259999999999999 0.6151792828685259 0.11765714285714286 0.04452191235059761
0 0.12185714285714286 0.656195219123506 0.14285714285714285 0.04452191235059761
0 0.13194285714285714 0.6995617529880478 0.1563142857142857 0.04922310756972112
0 0.10502857142857143 0.747589641434263 0.10251428571428572 0.03749003984063745
0 0.10588571428571429 0.7856772908366534 0.11091428571428572 0.04804780876494024
0 0.16134285714285715 0.8272709163346614 0.21848571428571428 0.04922310756972112