0 0.526875 0.08087149187592318 0.355625 0.10635155096011817
0 0.6015625 0.2259970457902511 0.688125 0.10930576070901034
0 0.483125 0.3120384047267356 0.85375 0.12850812407680945
0 0.491875 0.3947562776957164 0.894375 0.12703101920236337
0 0.4646875 0.4723042836041359 0.865 0.14032496307237813
0 0.48375 0.5539143279172821 0.895625 0.1307237813884786
0 0.49125 0.6270310192023634 0.948125 0.11521418020679468
0 0.5115625 0.7141802067946824 0.976875 0.12850812407680945
0 0.4634375 0.7898818316100443 0.900625 0.11742983751846381
0 0.4784375 0.8737075332348597 0.946875 0.12629246676514033
0 0.4940625 0.9420236336779911 0.976875 0.11595273264401773