0 0.6399700598802395 0.13286163522012578 0.03293413173652695 0.0220125786163522
0 0.7058383233532934 0.13286163522012578 0.040419161676646706 0.02830188679245283
0 0.3241017964071856 0.20676100628930819 0.5359281437125748 0.08490566037735849
0 0.32110778443113774 0.2908805031446541 0.5194610778443114 0.06918238993710692
0 0.4633233532934132 0.3671383647798742 0.7844311377245509 0.08962264150943396
0 0.44835329341317365 0.40723270440251574 0.7754491017964071 0.08647798742138364
0 0.33532934131736525 0.45125786163522014 0.5284431137724551 0.07232704402515723
0 0.29191616766467066 0.5369496855345912 0.4236526946107784 0.06918238993710692
0 0.3375748502994012 0.6077044025157232 0.5104790419161677 0.07075471698113207
0 0.3967065868263473 0.6784591194968553 0.5658682634730539 0.11006289308176101
0 0.13697604790419163 0.7389937106918238 0.03143712574850299 0.03930817610062893
0 0.32934131736526945 0.735062893081761 0.06287425149700598 0.03773584905660377
0 0.30988023952095806 0.8081761006289309 0.41916167664670656 0.07389937106918239
0 0.47979041916167664 0.8411949685534591 0.7739520958083832 0.10849056603773585
0 0.4752994011976048 0.8812893081761006 0.7979041916167665 0.09748427672955975
0 0.48727544910179643 0.9229559748427673 0.8038922155688623 0.10849056603773585
0 0.2971556886227545 0.9724842767295597 0.37574850299401197 0.05817610062893082