0 0.18369565217391304 0.007961783439490446 0.2326086956521739 0.01592356687898089
0 0.7576086956521739 0.012738853503184714 0.10869565217391304 0.020700636942675158
0 0.44456521739130433 0.041401273885350316 0.75 0.027070063694267517
0 0.4423913043478261 0.05573248407643312 0.75 0.027070063694267517
0 0.4423913043478261 0.07085987261146497 0.7521739130434782 0.03184713375796178
0 0.3217391304347826 0.08519108280254777 0.5108695652173914 0.020700636942675158
0 0.42282608695652174 0.17277070063694266 0.7565217391304347 0.06528662420382166
0 0.4391304347826087 0.23089171974522293 0.7521739130434782 0.050955414012738856
0 0.44565217391304346 0.28343949044585987 0.7630434782608696 0.05732484076433121
0 0.45 0.3351910828025478 0.7630434782608696 0.050955414012738856
0 0.4391304347826087 0.3964968152866242 0.7456521739130435 0.0589171974522293
0 0.45217391304347826 0.446656050955414 0.7608695652173914 0.06210191082802548
0 0.18804347826086956 0.4912420382165605 0.2391304347826087 0.041401273885350316
0 0.09021739130434783 0.7945859872611465 0.06521739130434782 0.01751592356687898
0 0.6847826086956522 0.8312101910828026 0.36086956521739133 0.050955414012738856
0 0.4967391304347826 0.8781847133757962 0.4717391304347826 0.050955414012738856