0 0.17827298050139276 0.18205574912891986 0.12116991643454039 0.10627177700348432
0 0.17618384401114207 0.3057491289198606 0.10306406685236769 0.08188153310104529
0 0.16434540389972144 0.4024390243902439 0.07799442896935933 0.06445993031358885
0 0.1615598885793872 0.5339721254355401 0.07242339832869081 0.08710801393728224
0 0.17061281337047354 0.6332752613240418 0.0807799442896936 0.08885017421602788
0 0.17827298050139276 0.75 0.08495821727019498 0.08885017421602788
0 0.18314763231197773 0.8754355400696864 0.2924791086350975 0.13414634146341464
0 0.6135097493036211 0.34930313588850176 0.116991643454039 0.0975609756097561
0 0.5550139275766016 0.44773519163763065 0.20612813370473537 0.059233449477351915
0 0.6713091922005571 0.5113240418118467 0.2618384401114206 0.06968641114982578
0 0.5661559888579387 0.6001742160278746 0.181058495821727 0.08885017421602788
0 0.6239554317548747 0.6846689895470384 0.26740947075208915 0.07317073170731707