0 0.3557951482479784 0.007062146892655367 0.4528301886792453 0.014124293785310734
0 0.49595687331536387 0.08333333333333333 0.7789757412398922 0.059322033898305086
0 0.48247978436657685 0.16101694915254236 0.738544474393531 0.04519774011299435
0 0.5330188679245284 0.2379943502824859 0.8692722371967655 0.05790960451977401
0 0.5249326145552561 0.3177966101694915 0.8342318059299192 0.0480225988700565
0 0.5444743935309974 0.394774011299435 0.8598382749326146 0.043785310734463276
0 0.5013477088948787 0.4745762711864407 0.784366576819407 0.062146892655367235
0 0.5168463611859838 0.5515536723163842 0.8207547169811321 0.052259887005649715
0 0.5134770889487871 0.6313559322033898 0.8059299191374663 0.059322033898305086
0 0.5269541778975741 0.7062146892655368 0.8086253369272237 0.05084745762711865
0 0.4912398921832884 0.780367231638418 0.7318059299191375 0.05508474576271186