0 0.5390334572490706 0.037463976945244955 0.4795539033457249 0.02881844380403458
0 0.4944237918215613 0.07060518731988473 0.02973977695167286 0.0345821325648415
0 0.5464684014869888 0.1239193083573487 0.6468401486988847 0.05187319884726225
0 0.49070631970260226 0.16786743515850144 0.7769516728624535 0.04755043227665706
0 0.5241635687732342 0.20821325648414984 0.8438661710037175 0.04178674351585014
0 0.5092936802973977 0.260806916426513 0.8066914498141264 0.05187319884726225
0 0.5055762081784386 0.30187319884726227 0.7955390334572491 0.04755043227665706
0 0.5130111524163569 0.34438040345821325 0.8141263940520446 0.04899135446685879
0 0.5315985130111525 0.38976945244956773 0.8587360594795539 0.056195965417867436
0 0.4962825278810409 0.43587896253602304 0.7843866171003717 0.053314121037463975
0 0.5734200743494424 0.47406340057636887 0.6970260223048327 0.0345821325648415
0 0.5278810408921933 0.5223342939481268 0.862453531598513 0.04755043227665706
0 0.5223048327137546 0.569164265129683 0.8401486988847584 0.05763688760806916
0 0.45353159851301117 0.6080691642651297 0.6914498141263941 0.04899135446685879