0 0.5197033898305085 0.08802919708029197 0.6754661016949153 0.07012165450121655
0 0.49351694915254235 0.1402676399026764 0.5034745762711864 0.06296836982968369
0 0.5308898305084746 0.19394160583941605 0.6630084745762712 0.072992700729927
0 0.4997457627118644 0.23472019464720195 0.5010169491525424 0.05725060827250609
0 0.4997457627118644 0.29053527980535276 0.6455508474576271 0.07442822384428224
0 0.5010169491525424 0.34133819951338196 0.5134745762711864 0.07586374695863747
0 0.5034745762711864 0.3885888077858881 0.1794491525423729 0.06727493917274939
0 0.49474576271186443 0.4336739659367397 0.6705084745762713 0.06871046228710462
0 0.4810593220338983 0.4880535279805353 0.613177966101695 0.06871046228710462
0 0.47983050847457626 0.5345742092457421 0.635593220338983 0.06440389294403892
0 0.5047457627118644 0.5860827250608273 0.6804661016949153 0.07012165450121655
0 0.5134745762711864 0.6326034063260341 0.5184322033898305 0.06583941605839416
0 0.5159322033898305 0.680559610705596 0.40877118644067795 0.06440389294403892
0 0.5097033898305084 0.7327980535279806 0.3165677966101695 0.06296836982968369
0 0.4997457627118644 0.7850364963503649 0.28165254237288134 0.06440389294403892
0 0.4872881355932203 0.8358394160583941 0.24177966101694917 0.06583941605839416
0 0.48355932203389834 0.8887834549878346 0.18944915254237288 0.05725060827250609
0 0.47233050847457625 0.9353041362530414 0.14207627118644067 0.06440389294403892