0 0.19811320754716982 0.05762987012987013 0.25471698113207547 0.021103896103896104
0 0.8148584905660378 0.060064935064935064 0.12028301886792453 0.022727272727272728
0 0.47287735849056606 0.10551948051948051 0.8042452830188679 0.016233766233766232
0 0.4716981132075472 0.12337662337662338 0.8113207547169812 0.016233766233766232
0 0.47287735849056606 0.13636363636363635 0.8089622641509434 0.016233766233766232
0 0.4740566037735849 0.1525974025974026 0.8018867924528302 0.01948051948051948
0 0.47287735849056606 0.16883116883116883 0.7995283018867925 0.016233766233766232
0 0.43514150943396224 0.18344155844155843 0.7334905660377359 0.01948051948051948
0 0.44575471698113206 0.2637987012987013 0.7405660377358491 0.0633116883116883
0 0.45047169811320753 0.3222402597402597 0.7547169811320755 0.056818181818181816
0 0.4634433962264151 0.3782467532467532 0.7665094339622641 0.06168831168831169
0 0.4658018867924528 0.4375 0.7948113207547169 0.0633116883116883
0 0.4658018867924528 0.4862012987012987 0.7570754716981132 0.056818181818181816
0 0.4716981132075472 0.5397727272727273 0.7735849056603774 0.056818181818181816
0 0.4716981132075472 0.6047077922077922 0.7735849056603774 0.0698051948051948
0 0.45872641509433965 0.6566558441558441 0.7476415094339622 0.07305194805194805
0 0.44457547169811323 0.7086038961038961 0.7240566037735849 0.060064935064935064
0 0.15330188679245282 0.8685064935064936 0.1650943396226415 0.045454545454545456