0 0.11383928571428571 0.04559270516717325 0.21279761904761904 0.0911854103343465
0 0.3645833333333333 0.05547112462006079 0.24404761904761904 0.11094224924012158
0 0.6212797619047619 0.0547112462006079 0.23511904761904762 0.1094224924012158
0 0.8802083333333334 0.06003039513677812 0.23958333333333334 0.11094224924012158
0 0.11383928571428571 0.1580547112462006 0.20833333333333334 0.10182370820668693
0 0.3630952380952381 0.1641337386018237 0.24553571428571427 0.11550151975683891
0 0.625 0.16793313069908813 0.2544642857142857 0.11398176291793313
0 0.8876488095238095 0.17477203647416414 0.18452380952380953 0.10486322188449848
0 0.11607142857142858 0.26367781155015196 0.2261904761904762 0.08966565349544073
0 0.3556547619047619 0.2773556231003039 0.24702380952380953 0.10486322188449848
0 0.6212797619047619 0.27811550151975684 0.24851190476190477 0.0972644376899696
0 0.8787202380952381 0.28419452887537994 0.2425595238095238 0.10638297872340426
0 0.1130952380952381 0.3776595744680851 0.22321428571428573 0.10790273556231003
0 0.36160714285714285 0.3882978723404255 0.25297619047619047 0.11398176291793313
0 0.6190476190476191 0.39285714285714285 0.24553571428571427 0.10486322188449848
0 0.8764880952380952 0.3943768996960486 0.24702380952380953 0.11702127659574468
0 0.49107142857142855 0.4825227963525836 0.3273809523809524 0.034954407294832825
0 0.48586309523809523 0.5623100303951368 0.6324404761904762 0.08358662613981763
0 0.4724702380952381 0.6633738601823708 0.6190476190476191 0.11094224924012158
0 0.48735119047619047 0.7325227963525835 0.17857142857142858 0.03343465045592705
0 0.25148809523809523 0.8062310030395137 0.21428571428571427 0.07750759878419453
0 0.6034226190476191 0.8047112462006079 0.30505952380952384 0.08054711246200608
0 0.5900297619047619 0.9156534954407295 0.25297619047619047 0.07598784194528875
0 0.23809523809523808 0.9141337386018237 0.16220238095238096 0.07142857142857142
0 0.4806547619047619 0.9901215805471124 0.20238095238095238 0.019756838905775075