0 0.47611464968152867 0.05384615384615385 0.8312101910828026 0.1076923076923077
0 0.5031847133757962 0.13333333333333333 0.7834394904458599 0.11282051282051282
0 0.5095541401273885 0.2012820512820513 0.7834394904458599 0.1
0 0.49044585987261147 0.2705128205128205 0.7515923566878981 0.1076923076923077
0 0.5222929936305732 0.33974358974358976 0.7993630573248408 0.1076923076923077
0 0.5238853503184714 0.4 0.8248407643312102 0.08974358974358974
0 0.552547770700637 0.4705128205128205 0.8949044585987261 0.11538461538461539
0 0.5445859872611465 0.5474358974358975 0.910828025477707 0.11794871794871795
0 0.7468152866242038 0.6153846153846154 0.5 0.09743589743589744
0 0.5207006369426752 0.6743589743589744 0.945859872611465 0.1
0 0.4888535031847134 0.7474358974358974 0.8757961783439491 0.11538461538461539
0 0.4984076433121019 0.8217948717948718 0.9490445859872612 0.1282051282051282
0 0.41878980891719747 0.9012820512820513 0.8312101910828026 0.12051282051282051