0 0.4064814814814815 0.04868421052631579 0.5944444444444444 0.06315789473684211
0 0.4361111111111111 0.09276315789473684 0.43148148148148147 0.046052631578947366
0 0.5703703703703704 0.18289473684210528 0.8 0.05263157894736842
0 0.2657407407407407 0.2256578947368421 0.38333333333333336 0.06184210526315789
0 0.5398148148148149 0.26513157894736844 0.7425925925925926 0.056578947368421055
0 0.5268518518518519 0.30723684210526314 0.9314814814814815 0.056578947368421055
0 0.5222222222222223 0.3526315789473684 0.9222222222222223 0.05263157894736842
0 0.4888888888888889 0.3881578947368421 0.8555555555555555 0.05
0 0.5259259259259259 0.4361842105263158 0.9259259259259259 0.05394736842105263
0 0.4685185185185185 0.4763157894736842 0.8 0.05526315789473684
0 0.5055555555555555 0.5177631578947368 0.8666666666666667 0.05131578947368421
0 0.5037037037037037 0.5578947368421052 0.8592592592592593 0.05526315789473684
0 0.5138888888888888 0.5980263157894737 0.8759259259259259 0.056578947368421055
0 0.4583333333333333 0.6427631578947368 0.7796296296296297 0.05131578947368421
0 0.5148148148148148 0.6815789473684211 0.9037037037037037 0.06315789473684211
0 0.49722222222222223 0.7256578947368421 0.8648148148148148 0.05131578947368421
0 0.5037037037037037 0.7677631578947368 0.8888888888888888 0.05394736842105263
0 0.5685185185185185 0.8131578947368421 0.8333333333333334 0.05789473684210526
0 0.5203703703703704 0.8493421052631579 0.9259259259259259 0.056578947368421055
0 0.19444444444444445 0.8934210526315789 0.28888888888888886 0.05
0 0.4027777777777778 0.9203947368421053 0.412962962962963 0.046052631578947366
0 0.3055555555555556 0.975 0.3296296296296296 0.031578947368421054
0 0.1935185185185185 0.9480263157894737 0.3055555555555556 0.04078947368421053
0 0.6953703703703704 0.9256578947368421 0.45740740740740743 0.06447368421052632
0 0.7527777777777778 0.9736842105263158 0.2388888888888889 0.04736842105263158