0 0.4066780821917808 0.03367003367003367 0.3373287671232877 0.03198653198653199
0 0.3381849315068493 0.09595959595959595 0.20034246575342465 0.05555555555555555
0 0.3056506849315068 0.1776094276094276 0.136986301369863 0.05218855218855219
0 0.3792808219178082 0.25925925925925924 0.2842465753424658 0.05723905723905724
0 0.3176369863013699 0.33754208754208753 0.1660958904109589 0.06565656565656566
0 0.2876712328767123 0.43265993265993263 0.10273972602739725 0.04377104377104377
0 0.3236301369863014 0.5235690235690236 0.1678082191780822 0.04208754208754209
0 0.3501712328767123 0.6119528619528619 0.2243150684931507 0.1026936026936027
0 0.3578767123287671 0.7247474747474747 0.2551369863013699 0.04377104377104377
0 0.4075342465753425 0.8072390572390572 0.3424657534246575 0.05387205387205387
0 0.4905821917808219 0.9023569023569024 0.5051369863013698 0.06734006734006734
0 0.3587328767123288 0.9814814814814815 0.2517123287671233 0.037037037037037035