0 0.27377049180327867 0.05193661971830986 0.06721311475409836 0.03697183098591549
0 0.38278688524590165 0.0625 0.06885245901639345 0.045774647887323945
0 0.49508196721311476 0.05369718309859155 0.07868852459016394 0.05457746478873239
0 0.639344262295082 0.04929577464788732 0.10819672131147541 0.035211267605633804
0 0.4713114754098361 0.11355633802816902 0.13934426229508196 0.05457746478873239
0 0.47622950819672133 0.22887323943661972 0.6163934426229508 0.11795774647887323
0 0.41147540983606556 0.35651408450704225 0.2754098360655738 0.061619718309859156
0 0.4385245901639344 0.4163732394366197 0.32786885245901637 0.061619718309859156
0 0.42540983606557375 0.477112676056338 0.2967213114754098 0.05985915492957746
0 0.419672131147541 0.5369718309859155 0.28032786885245903 0.06514084507042253
0 0.46557377049180326 0.6549295774647887 0.3721311475409836 0.061619718309859156
0 0.4540983606557377 0.7147887323943662 0.34262295081967215 0.061619718309859156
0 0.4155737704918033 0.778169014084507 0.26721311475409837 0.058098591549295774
0 0.4344262295081967 0.8362676056338029 0.3 0.058098591549295774