0 0.37682333873581847 0.035108958837772396 0.6855753646677472 0.07021791767554479
0 0.47487844408427876 0.08171912832929783 0.8557536466774717 0.16343825665859565
0 0.4983792544570502 0.12953995157384987 0.8711507293354943 0.1937046004842615
0 0.4955429497568882 0.19128329297820823 0.8306320907617504 0.19612590799031476
0 0.5141815235008104 0.2627118644067797 0.9627228525121556 0.1791767554479419
0 0.4692058346839546 0.3347457627118644 0.8371150729335495 0.17796610169491525
0 0.41247974068071314 0.4188861985472155 0.7520259319286872 0.15375302663438256
0 0.5129659643435981 0.4788135593220339 0.9740680713128039 0.2215496368038741
0 0.5178282009724473 0.551452784503632 0.9246353322528363 0.1900726392251816
0 0.5158022690437601 0.6204600484261501 0.9238249594813615 0.19491525423728814
0 0.49351701782820095 0.6979418886198547 0.86709886547812 0.1937046004842615
0 0.5158022690437601 0.7693704600484261 0.8411669367909238 0.1864406779661017
0 0.48176661264181525 0.8523002421307506 0.8565640194489466 0.19128329297820823
0 0.6146677471636953 0.9576271186440678 0.22447325769854132 0.0847457627118644