0 0.2253833049403748 0.02325320512820513 0.14638841567291314 0.04483974358974359
0 0.3564054514480409 0.07240384615384615 0.41126064735945483 0.06407051282051282
0 0.4605962521294719 0.12261217948717949 0.568534923339012 0.07046474358974358
0 0.650954003407155 0.1633653846153846 0.4012947189097104 0.0450801282051282
0 0.7839863713798978 0.2038301282051282 0.03986371379897785 0.025576923076923077
0 0.36364565587734243 0.2563141025641026 0.4058773424190801 0.07283653846153847
0 0.456763202725724 0.35073717948717953 0.28548551959114143 0.06293269230769231
0 0.23390119250425898 0.3046634615384616 0.04986371379897785 0.03490384615384615
0 0.6148892674616695 0.29384615384615387 0.6074105621805792 0.06455128205128205
0 0.2346166950596252 0.39161858974358976 0.04843270868824531 0.03995192307692308
0 0.5598126064735945 0.3994871794871795 0.47454855195911416 0.07495192307692308
0 0.5304258943781942 0.4940544871794872 0.662793867120954 0.1742948717948718
0 0.4065076660988075 0.6167948717948718 0.5767802385008518 0.0757051282051282
0 0.3554003407155026 0.6704807692307693 0.48592844974446336 0.06982371794871794
0 0.14872231686541737 0.731923076923077 0.08393526405451449 0.0644551282051282
0 0.5146848381601363 0.7402083333333334 0.42402044293015334 0.07461538461538463
0 0.5378023850085178 0.7884134615384616 0.8479045996592846 0.0876923076923077
0 0.15212947189097104 0.8653525641025641 0.06804088586030664 0.06203525641025641
0 0.564923339011925 0.8491987179487179 0.5188415672913118 0.05963141025641026
0 0.2736456558773424 0.9095673076923078 0.34512776831345826 0.06709935897435897
0 0.825298126064736 0.9352083333333334 0.12531516183986371 0.026490384615384617