0 0.36257907542579076 0.03713450292397661 0.36418491484184917 0.03886549707602339
0 0.319014598540146 0.07136842105263158 0.2637712895377129 0.04269005847953217
0 0.5318856447688565 0.10072514619883041 0.6165328467153285 0.053742690058479536
0 0.47626520681265205 0.13347368421052633 0.5119221411192214 0.05458479532163743
0 0.2858394160583942 0.16686549707602338 0.08240875912408759 0.03458479532163743
0 0.5375304136253042 0.19887719298245612 0.5946350364963504 0.049251461988304095
0 0.3632481751824817 0.2315204678362573 0.3610827250608273 0.04138011695906433
0 0.4209732360097324 0.2652280701754386 0.3571046228710463 0.04414035087719299
0 0.3906812652068126 0.2923391812865497 0.1947566909975669 0.03880701754385965
0 0.49075425790754257 0.3256257309941521 0.39270072992700733 0.050923976608187135
0 0.4028345498783455 0.3612514619883041 0.32082725060827255 0.05410526315789473
0 0.5624087591240876 0.3890058479532164 0.5713990267639902 0.043263157894736844
0 0.5716058394160584 0.42260818713450293 0.03461070559610706 0.018584795321637426
0 0.36678832116788324 0.4498245614035088 0.1735279805352798 0.040690058479532165
0 0.6955717761557177 0.45429239766081875 0.26262773722627736 0.05302923976608188
0 0.6212530413625305 0.4824795321637427 0.14939172749391727 0.03281871345029239
0 0.6094282238442822 0.5319181286549708 0.13236009732360096 0.07215204678362573
0 0.7789537712895377 0.5123508771929824 0.12416058394160584 0.03472514619883041
0 0.5390754257907543 0.611251461988304 0.531374695863747 0.05384795321637427
0 0.41555961070559605 0.6795789473684211 0.3219343065693431 0.0851812865497076
0 0.479367396593674 0.7582690058479533 0.4650243309002433 0.03837426900584796
0 0.2748905109489051 0.7861286549707602 0.0494647201946472 0.037941520467836255
0 0.4910948905109489 0.7901754385964913 0.23632603406326033 0.03411695906432749
0 0.27080291970802917 0.8228187134502923 0.02579075425790754 0.03474853801169591
0 0.46819951338199517 0.8291929824561404 0.18833333333333332 0.047508771929824556
0 0.6965693430656935 0.8550409356725146 0.1668491484184915 0.03792982456140351
0 0.2671532846715328 0.8730058479532163 0.029549878345498784 0.036444444444444446
0 0.46897810218978103 0.8924678362573099 0.1920924574209246 0.055649122807017545
0 0.7291970802919707 0.9847719298245614 0.0821411192214112 0.019087719298245615