0 0.41154061624649857 0.01492874109263658 0.053697478991596645 0.026104513064133018
0 0.837422969187675 0.0448812351543943 0.28239495798319325 0.04377672209026128
0 0.29247899159663865 0.08631828978622329 0.4038235294117647 0.07597387173396675
0 0.2353781512605042 0.13053444180522564 0.12467787114845938 0.03768408551068884
0 0.43330532212885153 0.186353919239905 0.6948039215686275 0.07119952494061758
0 0.4693977591036414 0.24046318289786223 0.9039355742296918 0.07382422802850355
0 0.4918067226890756 0.2927315914489311 0.7246778711484593 0.07486935866983373
0 0.39113445378151257 0.35595011876484556 0.47042016806722686 0.07248218527315915
0 0.3996918767507003 0.42998812351543947 0.49064425770308123 0.06428741092636579
0 0.40063025210084036 0.48066508313539197 0.5111904761904762 0.04738717339667458
0 0.5087675070028012 0.5487648456057007 0.7305882352941176 0.05897862232779097
0 0.5520308123249299 0.612897862232779 0.7735294117647058 0.0732185273159145