0 0.49577114427860697 0.1357370517928287 0.6193532338308457 0.10087649402390439
0 0.5123383084577114 0.1789243027888446 0.6260199004975124 0.11282868525896414
0 0.493134328358209 0.20175298804780878 0.2823880597014925 0.05649402390438247
0 0.5176616915422886 0.2709561752988048 0.5702985074626865 0.10139442231075697
0 0.5313930348258706 0.2961752988047809 0.5082587064676617 0.07533864541832669
0 0.562089552238806 0.34306772908366534 0.5132338308457711 0.07135458167330677
0 0.5330845771144279 0.41215139442231075 0.5712935323383085 0.12446215139442231
0 0.5758706467661692 0.430199203187251 0.4379601990049751 0.06709163346613546
0 0.5390547263681592 0.4948605577689243 0.5221890547263681 0.12629482071713147
0 0.5861194029850746 0.5291633466135458 0.46512437810945273 0.08434262948207172
0 0.5569651741293532 0.5707171314741036 0.49965174129353235 0.08884462151394422
0 0.5625870646766169 0.6346215139442231 0.5440796019900498 0.12310756972111553
0 0.6000497512437811 0.6741832669322709 0.3603482587064677 0.10235059760956176
0 0.6806467661691542 0.7057768924302789 0.42199004975124377 0.08693227091633467
0 0.5959203980099502 0.772988047808765 0.4349751243781095 0.09597609561752989
0 0.6267661691542289 0.843386454183267 0.23796019900497511 0.08796812749003984
0 0.8506467661691541 0.8573306772908367 0.002437810945273632 0.00099601593625498