0 0.06310679611650485 0.009351620947630923 0.045307443365695796 0.007481296758104738
0 0.39563106796116504 0.03117206982543641 0.7394822006472492 0.06234413965087282
0 0.4053398058252427 0.051745635910224436 0.7621359223300971 0.09600997506234414
0 0.26779935275080907 0.09351620947630923 0.459546925566343 0.06982543640897755
0 0.15372168284789645 0.16708229426433915 0.23624595469255663 0.04738154613466334
0 0.44093851132686085 0.1770573566084788 0.7572815533980582 0.0885286783042394
0 0.43527508090614886 0.2082294264339152 0.7718446601941747 0.09102244389027432
0 0.1650485436893204 0.2662094763092269 0.21197411003236247 0.04987531172069826
0 0.31472491909385114 0.28491271820448877 0.25080906148867316 0.03740648379052369
0 0.44093851132686085 0.30798004987531175 0.7265372168284789 0.07356608478802992
0 0.2483818770226537 0.3497506234413965 0.35275080906148865 0.048628428927680795
0 0.4425566343042071 0.37032418952618457 0.7378640776699029 0.07481296758104738
0 0.127831715210356 0.42144638403990026 0.09546925566343042 0.03117206982543641
0 0.1553398058252427 0.4769326683291771 0.1407766990291262 0.04738154613466334
0 0.3179611650485437 0.5 0.16666666666666666 0.034912718204488775
0 0.4482200647249191 0.5579800498753117 0.5436893203883495 0.057356608478802994
0 0.18527508090614886 0.6302992518703242 0.2087378640776699 0.03865336658354115
0 0.1407766990291262 0.6658354114713217 0.07928802588996764 0.032418952618453865
0 0.436084142394822 0.6913965087281796 0.7038834951456311 0.04488778054862843
0 0.38673139158576053 0.7244389027431422 0.6116504854368932 0.04239401496259352
0 0.39724919093851135 0.7587281795511222 0.63915857605178 0.04738154613466334
0 0.4546925566343042 0.7880299251870324 0.7524271844660194 0.048628428927680795
0 0.4506472491909385 0.8273067331670823 0.7119741100323624 0.048628428927680795
0 0.33576051779935273 0.8566084788029925 0.5097087378640777 0.05236907730673317
0 0.1529126213592233 0.9301745635910225 0.13592233009708737 0.03865336658354115