0 0.505859375 0.047619047619047616 0.890625 0.08058608058608059
0 0.1884765625 0.11501831501831501 0.310546875 0.08351648351648351
0 0.505859375 0.17802197802197803 0.96484375 0.08351648351648351
0 0.2119140625 0.25567765567765566 0.240234375 0.08351648351648351
0 0.5146484375 0.3128205128205128 0.931640625 0.1010989010989011
0 0.171875 0.4021978021978022 0.23828125 0.07472527472527472
0 0.474609375 0.43443223443223444 0.94140625 0.11868131868131868
0 0.1591796875 0.5172161172161173 0.240234375 0.07032967032967033
0 0.4814453125 0.5465201465201465 0.962890625 0.09084249084249084
0 0.18359375 0.6117216117216118 0.28125 0.06886446886446887
0 0.494140625 0.6388278388278388 0.96484375 0.11428571428571428
0 0.115234375 0.715018315018315 0.23046875 0.06153846153846154
0 0.4912109375 0.7501831501831502 0.955078125 0.08498168498168499
0 0.150390625 0.8175824175824176 0.23828125 0.07032967032967033
0 0.484375 0.8637362637362638 0.93359375 0.08351648351648351
0 0.189453125 0.9274725274725275 0.37890625 0.0673992673992674
0 0.173828125 0.9706959706959707 0.3359375 0.05128205128205128