0 0.35034602076124566 0.08466666666666667 0.07785467128027682 0.036
0 0.4922145328719723 0.09866666666666667 0.08304498269896193 0.03866666666666667
0 0.6115916955017301 0.09733333333333333 0.09342560553633218 0.048
0 0.7326989619377162 0.10066666666666667 0.06920415224913495 0.021333333333333333
0 0.21280276816608998 0.12466666666666666 0.17647058823529413 0.04666666666666667
0 0.5441176470588235 0.13666666666666666 0.2664359861591695 0.05466666666666667
0 0.5570934256055363 0.17466666666666666 0.8062283737024222 0.068
0 0.513840830449827 0.21266666666666667 0.8131487889273357 0.06266666666666666
0 0.5285467128027682 0.25266666666666665 0.8494809688581315 0.06533333333333333
0 0.5389273356401384 0.292 0.870242214532872 0.07066666666666667
0 0.3027681660899654 0.326 0.39792387543252594 0.05466666666666667
0 0.21107266435986158 0.39266666666666666 0.1245674740484429 0.036
0 0.32006920415224915 0.754 0.3754325259515571 0.056
0 0.3304498269896194 0.8333333333333334 0.4031141868512111 0.058666666666666666
0 0.4818339100346021 0.93 0.04498269896193772 0.02666666666666667