0 0.5059808612440191 0.13764044943820225 0.19736842105263158 0.07303370786516854
0 0.12799043062200957 0.17837078651685392 0.12799043062200957 0.06882022471910113
0 0.2996411483253589 0.23314606741573032 0.47129186602870815 0.09550561797752809
0 0.3427033492822967 0.28581460674157305 0.5586124401913876 0.10533707865168539
0 0.5394736842105263 0.33497191011235955 0.1686602870813397 0.05337078651685393
0 0.3253588516746411 0.16362359550561797 0.25239234449760767 0.12359550561797752
0 0.6854066985645934 0.1622191011235955 0.25478468899521534 0.12780898876404495
0 0.5113636363636364 0.5870786516853933 0.3803827751196172 0.175561797752809
0 0.7715311004784688 0.5126404494382022 0.2811004784688995 0.08567415730337079
0 0.5442583732057417 0.5997191011235955 0.13157894736842105 0.05758426966292135
0 0.7039473684210527 0.6207865168539326 0.44258373205741625 0.09550561797752809
0 0.6650717703349283 0.6825842696629213 0.35645933014354064 0.09410112359550561
0 0.6010765550239234 0.7387640449438202 0.21770334928229665 0.06320224719101124
0 0.8343301435406698 0.7549157303370787 0.07177033492822966 0.0449438202247191
0 0.3534688995215311 0.8405898876404494 0.25478468899521534 0.12640449438202248
0 0.7123205741626795 0.8188202247191011 0.2583732057416268 0.12359550561797752