0 0.18034682080924855 0.11615154536390827 0.2566473988439306 0.04885343968095713
0 0.08699421965317919 0.1817048853439681 0.06589595375722543 0.03938185443668993
0 0.21965317919075145 0.14531405782652043 0.08901734104046242 0.03988035892323031
0 0.13583815028901733 0.16076769690927217 0.03815028901734104 0.02642073778664008
0 0.2208092485549133 0.17821535393818544 0.19537572254335261 0.05583250249252243
0 0.10346820809248555 0.22158524426719842 0.08208092485549133 0.034396809571286144
0 0.14508670520231215 0.2502492522432702 0.1606936416184971 0.036889332003988036
0 0.4459537572254335 0.06555333998005983 0.7676300578034682 0.09820538384845463
0 0.5173410404624278 0.18419740777666999 0.484393063583815 0.08574277168494517
0 0.5465317919075144 0.24875373878364906 0.7658959537572254 0.0872382851445663
0 0.5387283236994219 0.31181455633100696 0.5161849710982659 0.06779661016949153
0 0.5491329479768786 0.37038883349950147 0.7398843930635838 0.10817547357926222
0 0.5950867052023121 0.48928215353938187 0.6 0.09072781655034895
0 0.5485549132947977 0.5453639082751744 0.7473988439306358 0.10468594217347957
0 0.5624277456647399 0.6104187437686939 0.5468208092485549 0.08075772681954138
0 0.5624277456647399 0.6732303090727817 0.7832369942196532 0.09720837487537388
0 0.596242774566474 0.7903788634097707 0.5751445086705202 0.0872382851445663
0 0.5528901734104046 0.8504486540378864 0.7294797687861272 0.08225324027916252
0 0.5583815028901734 0.9137587238285144 0.5485549132947977 0.07976071784646062
0 0.5442196531791907 0.961864406779661 0.6953757225433526 0.07627118644067797