0 0.037811387900355875 0.10374149659863946 0.07562277580071175 0.05782312925170068
0 0.06672597864768683 0.15476190476190477 0.13345195729537365 0.06462585034013606
0 0.0791814946619217 0.2261904761904762 0.1583629893238434 0.08503401360544217
0 0.23443060498220641 0.4005102040816326 0.07384341637010676 0.06292517006802721
0 0.818950177935943 0.06972789115646258 0.304270462633452 0.12585034013605442
0 0.6352313167259787 0.18622448979591838 0.28380782918149466 0.09013605442176871
0 0.6921708185053381 0.2687074829931973 0.2669039145907473 0.07482993197278912
0 0.7006227758007118 0.38605442176870747 0.2722419928825623 0.07482993197278912
0 0.6699288256227758 0.4957482993197279 0.6014234875444839 0.23809523809523808
0 0.20818505338078291 0.5680272108843537 0.07740213523131673 0.20578231292517007
0 0.693950177935943 0.5960884353741497 0.5587188612099644 0.18877551020408162
0 0.6218861209964412 0.8639455782312925 0.11209964412811388 0.08673469387755102