0 0.5234962406015038 0.04017857142857143 0.6484962406015038 0.08035714285714286
0 0.5140977443609023 0.0899234693877551 0.5582706766917294 0.09183673469387756
0 0.26785714285714285 0.1836734693877551 0.2706766917293233 0.058673469387755105
0 0.39285714285714285 0.2264030612244898 0.5169172932330827 0.07653061224489796
0 0.26033834586466165 0.2710459183673469 0.2424812030075188 0.05994897959183673
0 0.5460526315789473 0.3042091836734694 0.8345864661654135 0.07015306122448979
0 0.3533834586466165 0.3482142857142857 0.42105263157894735 0.0548469387755102
0 0.3430451127819549 0.4017857142857143 0.38533834586466165 0.07397959183673469
0 0.3383458646616541 0.43941326530612246 0.40037593984962405 0.05994897959183673
0 0.3317669172932331 0.4942602040816326 0.37218045112781956 0.07525510204081633
0 0.26127819548872183 0.5286989795918368 0.21804511278195488 0.044642857142857144
0 0.45206766917293234 0.5727040816326531 0.5939849624060151 0.061224489795918366
0 0.28101503759398494 0.6243622448979592 0.2650375939849624 0.05357142857142857
0 0.35526315789473684 0.6651785714285714 0.4116541353383459 0.0625
0 0.30357142857142855 0.7117346938775511 0.2894736842105263 0.06760204081632654
0 0.2857142857142857 0.7480867346938775 0.24436090225563908 0.05229591836734694
0 0.38345864661654133 0.7895408163265306 0.4398496240601504 0.058673469387755105
0 0.3233082706766917 0.8309948979591837 0.30451127819548873 0.0548469387755102
0 0.35620300751879697 0.8769132653061225 0.37218045112781956 0.061224489795918366
0 0.3656015037593985 0.9298469387755102 0.3815789473684211 0.07142857142857142
0 0.31954887218045114 0.9713010204081632 0.2894736842105263 0.05102040816326531
0 0.4426691729323308 0.9878826530612245 0.5582706766917294 0.02423469387755102