0 0.07123287671232877 0.1463917525773196 0.0684931506849315 0.06288659793814433
0 0.17328767123287672 0.14948453608247422 0.07123287671232877 0.06288659793814433
0 0.2808219178082192 0.15 0.07123287671232877 0.060824742268041236
0 0.3821917808219178 0.15051546391752577 0.0684931506849315 0.06288659793814433
0 0.48835616438356166 0.1541237113402062 0.0684931506849315 0.060824742268041236
0 0.5904109589041096 0.15670103092783505 0.06575342465753424 0.06391752577319587
0 0.6972602739726027 0.15618556701030928 0.0684931506849315 0.06288659793814433
0 0.7972602739726027 0.16030927835051548 0.07260273972602739 0.06597938144329897
0 0.9054794520547945 0.16134020618556702 0.06986301369863014 0.06701030927835051
0 0.14863013698630137 0.3520618556701031 0.24383561643835616 0.07422680412371134
0 0.46095890410958906 0.3577319587628866 0.24246575342465754 0.0711340206185567
0 0.7773972602739726 0.3649484536082474 0.24246575342465754 0.0711340206185567
0 0.4986301369863014 0.5319587628865979 0.9534246575342465 0.11855670103092783
0 0.47465753424657536 0.8056701030927835 0.9136986301369863 0.0711340206185567