0 0.17010309278350516 0.018018018018018018 0.30412371134020616 0.03003003003003003
0 0.25945017182130586 0.03903903903903904 0.45017182130584193 0.06306306306306306
0 0.2972508591065292 0.07807807807807808 0.24054982817869416 0.04504504504504504
0 0.29982817869415807 0.11711711711711711 0.25601374570446733 0.052552552552552555
0 0.218213058419244 0.19444444444444445 0.33676975945017185 0.05105105105105105
0 0.5025773195876289 0.22972972972972974 0.8934707903780069 0.07357357357357357
0 0.3161512027491409 0.27702702702702703 0.5756013745704467 0.052552552552552555
0 0.33419243986254293 0.3130630630630631 0.2766323024054983 0.04954954954954955
0 0.3556701030927835 0.35435435435435436 0.5360824742268041 0.06306306306306306
0 0.3848797250859107 0.38963963963963966 0.6099656357388317 0.04954954954954955
0 0.15893470790378006 0.4339339339339339 0.14604810996563575 0.036036036036036036
0 0.1718213058419244 0.46846846846846846 0.14948453608247422 0.046546546546546545
0 0.19329896907216496 0.5465465465465466 0.24914089347079038 0.052552552552552555
0 0.4948453608247423 0.5780780780780781 0.8608247422680413 0.06456456456456457
0 0.33419243986254293 0.6238738738738738 0.24054982817869416 0.04504504504504504
0 0.5051546391752577 0.6944444444444444 0.5910652920962199 0.05855855855855856
0 0.18900343642611683 0.7777777777777778 0.281786941580756 0.046546546546546545
0 0.25 0.8183183183183184 0.3230240549828179 0.04804804804804805
0 0.4424398625429553 0.8536036036036037 0.7749140893470791 0.057057057057057055
0 0.42955326460481097 0.8933933933933934 0.7371134020618557 0.05555555555555555
0 0.49226804123711343 0.9241741741741741 0.8969072164948454 0.06906906906906907
0 0.8410652920962199 0.9617117117117117 0.1134020618556701 0.03153153153153153