0 0.4453125 0.022222222222222223 0.62890625 0.044444444444444446
0 0.47509765625 0.051041666666666666 0.45703125 0.059722222222222225
0 0.59423828125 0.14930555555555555 0.8115234375 0.0763888888888889
0 0.28857421875 0.18680555555555556 0.4072265625 0.075
0 0.57568359375 0.23576388888888888 0.7861328125 0.07916666666666666
0 0.53369140625 0.2791666666666667 0.9326171875 0.08333333333333333
0 0.5322265625 0.32708333333333334 0.935546875 0.07916666666666666
0 0.515625 0.3642361111111111 0.904296875 0.075
0 0.53125 0.4152777777777778 0.9375 0.08055555555555556
0 0.4892578125 0.4565972222222222 0.845703125 0.07916666666666666
0 0.5263671875 0.5013888888888889 0.916015625 0.07708333333333334
0 0.5224609375 0.54375 0.908203125 0.08055555555555556
0 0.53076171875 0.5861111111111111 0.92578125 0.08263888888888889
0 0.47021484375 0.6319444444444444 0.82421875 0.07430555555555556
0 0.521484375 0.6743055555555556 0.943359375 0.09027777777777778
0 0.5068359375 0.7204861111111112 0.9140625 0.07708333333333334
0 0.51123046875 0.7649305555555556 0.939453125 0.0798611111111111
0 0.56103515625 0.8142361111111112 0.849609375 0.08194444444444444
0 0.509765625 0.8510416666666667 0.9482421875 0.08333333333333333
0 0.1787109375 0.8895833333333333 0.306640625 0.06041666666666667
0 0.39697265625 0.9232638888888889 0.4375 0.059722222222222225
0 0.2919921875 0.9784722222222222 0.3486328125 0.041666666666666664
0 0.17529296875 0.9472222222222222 0.32421875 0.050694444444444445
0 0.705078125 0.9364583333333333 0.4853515625 0.0798611111111111
0 0.763671875 0.9802083333333333 0.25390625 0.03958333333333333