0 0.24734982332155478 0.04013157894736842 0.026501766784452298 0.015789473684210527
0 0.2508833922261484 0.05526315789473684 0.038869257950530034 0.015789473684210527
0 0.3480565371024735 0.0875 0.2332155477031802 0.03684210526315789
0 0.4628975265017668 0.15 0.4911660777385159 0.042105263157894736
0 0.5468197879858657 0.17763157894736842 0.6678445229681979 0.038157894736842106
0 0.568904593639576 0.20789473684210527 0.7137809187279152 0.030263157894736843
0 0.5035335689045937 0.2355263157894737 0.5777385159010601 0.035526315789473684
0 0.36837455830388693 0.2625 0.31802120141342755 0.030263157894736843
0 0.5326855123674912 0.29342105263157897 0.6219081272084805 0.035526315789473684
0 0.4452296819787986 0.32302631578947366 0.4540636042402827 0.02894736842105263
0 0.5759717314487632 0.3526315789473684 0.7120141342756183 0.03289473684210526
0 0.4452296819787986 0.3796052631578947 0.46819787985865724 0.03289473684210526
0 0.508833922261484 0.4375 0.5918727915194346 0.03684210526315789
0 0.2791519434628975 0.4605263157894737 0.12367491166077739 0.02763157894736842
0 0.5892226148409894 0.46710526315789475 0.3833922261484099 0.02894736842105263
0 0.6651943462897526 0.4993421052631579 0.5229681978798587 0.038157894736842106
0 0.519434628975265 0.525 0.21908127208480566 0.02894736842105263
0 0.26855123674911663 0.5473684210526316 0.13780918727915195 0.02763157894736842
0 0.6740282685512368 0.5526315789473685 0.5335689045936396 0.035526315789473684
0 0.4628975265017668 0.5802631578947368 0.16431095406360424 0.03289473684210526
0 0.5777385159010601 0.6144736842105263 0.7614840989399293 0.039473684210526314
0 0.5035335689045937 0.6414473684210527 0.627208480565371 0.04342105263157895
0 0.592756183745583 0.7046052631578947 0.7031802120141343 0.05526315789473684
0 0.5424028268551236 0.7309210526315789 0.7402826855123675 0.05526315789473684
0 0.5512367491166078 0.7644736842105263 0.7632508833922261 0.06447368421052632
0 0.28533568904593637 0.7855263157894737 0.2332155477031802 0.034210526315789476
0 0.5335689045936396 0.8263157894736842 0.4204946996466431 0.04868421052631579
0 0.6139575971731449 0.8605263157894737 0.6678445229681979 0.05526315789473684
0 0.5565371024734982 0.8927631578947368 0.6501766784452296 0.05789473684210526
0 0.41519434628975266 0.9256578947368421 0.508833922261484 0.05526315789473684