0 0.4692691029900332 0.055942720763723155 0.6727574750830565 0.04922434367541766
0 0.3374252491694352 0.08502386634844869 0.4090531561461794 0.038782816229116945
0 0.48900332225913623 0.12082338902147971 0.7039036544850499 0.056682577565632455
0 0.26993355481727577 0.15363961813842483 0.29069767441860467 0.029832935560859187
0 0.5035382059800665 0.18869928400954653 0.7246677740863787 0.0551909307875895
0 0.3073089700996678 0.2230071599045346 0.436046511627907 0.046241050119331745
0 0.4838039867109635 0.2610381861575179 0.6727574750830565 0.0477326968973747
0 0.48485049833887045 0.28118138424821004 0.7288205980066446 0.05817422434367542
0 0.4682392026578073 0.3080310262529833 0.7371262458471761 0.04922434367541766
0 0.4246345514950166 0.3363723150357995 0.5834717607973422 0.043257756563245826
0 0.4910797342192691 0.37738663484486873 0.7288205980066446 0.05071599045346062
0 0.5066445182724253 0.40274463007159905 0.8014950166112956 0.041766109785202864
0 0.2616279069767442 0.4295942720763723 0.29900332225913623 0.03281622911694511
0 0.8409468438538206 0.4131861575178998 0.16196013289036545 0.03281622911694511
0 0.5014617940199335 0.44898568019093077 0.7371262458471761 0.038782816229116945
0 0.3810299003322259 0.48255369928400954 0.5004152823920266 0.05220763723150358
0 0.3799833887043189 0.5250596658711217 0.5564784053156147 0.038782816229116945
0 0.208687707641196 0.5757756563245824 0.18064784053156147 0.03281622911694511
0 0.6364285714285715 0.5645942720763724 0.5128737541528239 0.0402744630071599
0 0.6831395348837209 0.5914439140811456 0.5855481727574751 0.043257756563245826
0 0.4184053156146179 0.625 0.09759136212624585 0.03281622911694511
0 0.5159966777408638 0.6690095465393795 0.7869601328903655 0.043257756563245826
0 0.4267109634551495 0.701073985680191 0.6208471760797342 0.041766109785202864
0 0.14639534883720928 0.7279236276849642 0.07267441860465117 0.02684964200477327
0 0.4485049833887043 0.7510501193317423 0.7059800664451827 0.046241050119331745
0 0.43086378737541525 0.8017661097852029 0.6166943521594684 0.0402744630071599
0 0.3384551495016611 0.8286157517899762 0.1079734219269103 0.028341288782816228
0 0.5035382059800665 0.8554653937947494 0.7495847176079734 0.04922434367541766
0 0.4775747508305648 0.8867899761336515 0.7890365448504983 0.04922434367541766
0 0.5014617940199335 0.9151312649164678 0.7620431893687708 0.0402744630071599
0 0.16611295681063123 0.943472553699284 0.0872093023255814 0.02535799522673031