0 0.47360248447204967 0.013647642679900745 0.8385093167701864 0.02729528535980149
0 0.1234472049689441 0.03970223325062035 0.17236024844720496 0.04714640198511166
0 0.5139751552795031 0.08064516129032258 0.8649068322981367 0.07816377171215881
0 0.4922360248447205 0.1315136476426799 0.9208074534161491 0.07692307692307693
0 0.28804347826086957 0.1879652605459057 0.5201863354037267 0.07444168734491315
0 0.4937888198757764 0.23883374689826303 0.8664596273291926 0.0880893300248139
0 0.4945652173913043 0.29404466501240695 0.9596273291925466 0.07196029776674938
0 0.468944099378882 0.34801488833746896 0.9161490683229814 0.07816377171215881
0 0.4945652173913043 0.40384615384615385 0.9736024844720497 0.07816377171215881
0 0.2694099378881988 0.45533498759305213 0.532608695652174 0.07196029776674938
0 0.4945652173913043 0.5136476426799007 0.8959627329192547 0.0794044665012407
0 0.468944099378882 0.5700992555831266 0.937888198757764 0.08064516129032258
0 0.468944099378882 0.630272952853598 0.937888198757764 0.08684863523573201
0 0.4922360248447205 0.6879652605459057 0.984472049689441 0.08312655086848635
0 0.27639751552795033 0.739454094292804 0.5527950310559007 0.07196029776674938
0 0.5015527950310559 0.8052109181141439 0.9503105590062112 0.08560794044665013
0 0.48835403726708076 0.8666253101736973 0.9767080745341615 0.09801488833746898
0 0.48835403726708076 0.9292803970223326 0.9767080745341615 0.10421836228287841