0 0.6136016949152543 0.02165605095541401 0.02593220338983051 0.012961783439490447
0 0.6167796610169491 0.03585987261146497 0.039364406779661014 0.013757961783439491
0 0.7841525423728813 0.03745222929936306 0.020974576271186443 0.010573248407643312
0 0.47677966101694913 0.0810828025477707 0.6385593220338982 0.0639171974522293
0 0.5851694915254237 0.11560509554140126 0.19686440677966102 0.0267515923566879
0 0.4322881355932203 0.13458598726114648 0.5354661016949153 0.03923566878980892
0 0.46305084745762715 0.1614012738853503 0.6106779661016949 0.04401273885350319
0 0.5009322033898305 0.1909872611464968 0.6833898305084746 0.035222929936305734
0 0.46372881355932205 0.20996815286624207 0.6092372881355932 0.037101910828025476
0 0.5332627118644068 0.23914012738853505 0.7374152542372882 0.042388535031847134
0 0.5101271186440678 0.2627707006369427 0.7441101694915255 0.04292993630573248
0 0.5032627118644067 0.28971337579617834 0.825677966101695 0.03945859872611465
0 0.4933474576271187 0.31945859872611465 0.8059322033898305 0.0330891719745223
0 0.4732203389830509 0.34585987261146495 0.7727542372881356 0.041305732484076436
0 0.5108474576271187 0.37331210191082803 0.8302966101694915 0.04738853503184714
0 0.48860169491525424 0.4005414012738853 0.8211016949152542 0.03812101910828026
0 0.47940677966101697 0.4265286624203822 0.8366525423728813 0.037038216560509554
0 0.4753389830508475 0.4530891719745223 0.8052118644067797 0.039171974522293
0 0.48101694915254234 0.48242038216560507 0.8165254237288135 0.04684713375796178
0 0.4991949152542373 0.5130573248407643 0.8705508474576271 0.046592356687898094
0 0.48207627118644064 0.5412101910828025 0.8539406779661017 0.043375796178343945
0 0.48805084745762717 0.5693312101910828 0.8447457627118644 0.05082802547770701
0 0.1877542372881356 0.5954777070063694 0.261864406779661 0.03302547770700637
0 0.5212711864406779 0.5976114649681529 0.23322033898305083 0.03939490445859872
0 0.5242372881355932 0.6298407643312103 0.800635593220339 0.04656050955414012
0 0.4631779661016949 0.665031847133758 0.8267372881355933 0.0425796178343949
0 0.49245762711864405 0.69328025477707 0.8783050847457627 0.05238853503184713
0 0.5021610169491526 0.7256687898089172 0.9012711864406779 0.05130573248407643
0 0.4704237288135593 0.7578025477707006 0.8518220338983051 0.045477707006369425
0 0.5157627118644068 0.7944267515923567 0.9108050847457627 0.046528662420382165
0 0.5030508474576271 0.8275796178343949 0.941864406779661 0.049171974522292994
0 0.5565677966101694 0.8611783439490447 0.868771186440678 0.04837579617834395
0 0.506228813559322 0.895796178343949 0.7716525423728814 0.04544585987261146
0 0.8011016949152543 0.9308280254777069 0.19610169491525425 0.030573248407643312