0 0.816358024691358 0.04938271604938271 0.3055555555555556 0.09876543209876543
0 0.8672839506172839 0.12654320987654322 0.25617283950617287 0.11419753086419752
0 0.6342592592592593 0.19907407407407407 0.2037037037037037 0.08950617283950617
0 0.6172839506172839 0.3055555555555556 0.2037037037037037 0.12037037037037036
0 0.691358024691358 0.39351851851851855 0.37037037037037035 0.12962962962962962
0 0.6466049382716049 0.47685185185185186 0.3271604938271605 0.12345679012345678
0 0.6388888888888888 0.5432098765432098 0.24691358024691357 0.08024691358024691
0 0.6589506172839507 0.6558641975308642 0.2993827160493827 0.1388888888888889
0 0.6512345679012346 0.7407407407407407 0.2777777777777778 0.12962962962962962
0 0.691358024691358 0.8024691358024691 0.3549382716049383 0.08641975308641975
0 0.5987654320987654 0.9104938271604939 0.1388888888888889 0.12037037037037036
0 0.9398148148148148 0.9290123456790124 0.027777777777777776 0.027777777777777776